Eigvals	3
16.125144647205737	12.625573468269824	3.422213418861094

Proportion explained	3
0.6031037143447682	0.3697319589687498	0.02716432668648216

Species	5	3
Propionibacteriaceae	-5.096784578723033	2.4383966328225783	-1.339198727765625
Staphylococcus caprae or capitis	-5.832161423695246	-7.203684987508721	2.0025976271071344
Staphylococcus epidermidis	13.444510641855135	-3.6028048863321023	-0.37971958081378204
Staphylococcus hominis	1.5803571106841119	9.359641010059653	1.5497971601739224
Other Staphylococci	-4.095921750120971	-0.9915477690414112	-1.833476478701648

Site	1225	3
X940001	-0.0026218801443913266	-0.001886547101946894	-0.012395747392365012
X940002	-0.008735206138240323	0.018245572008331466	0.023576162235065187
X940005	-0.010549160915689327	0.008386318251325032	-0.007048361309063575
X940007	-0.003708263119624147	0.01771837226704679	0.031039379108619244
X940010	0.03256713687977079	0.03468219105284165	0.04129390709983957
X940013	-0.006740217522827292	-0.01280207004092923	-0.03316655160529088
X940014	-0.09984656333217223	0.042465226368658446	-0.024840469279639385
X940015	0.016687324820015982	0.006856016838248487	0.014477551891998878
X940019	-0.048027163946982566	0.03849053607940724	-0.047770371600631294
X940021	-0.01890010998560214	0.013839897308520373	0.021968959033453618
X940022	0.019236938616564492	-0.00613460771568236	-0.04304990122517458
X940024	-0.0062869800241029394	-0.00781404170225895	0.029952975857462406
X940025	-0.009558757466841709	0.007795448740215902	-0.021591919166828507
X940026	0.012531044897057557	-0.04188657406768596	-0.008606175908299039
X940027	0.0033818047434076687	0.003726789500047724	-0.004525742949315295
X940028	-0.01307483195223653	0.003986625403044688	-0.01832505092251831
X940029	0.004263176806952685	-0.0074103816204386976	-0.025465189475888463
X940031	-0.011513504930540588	-0.00041744786404538194	-0.005983744995378946
X940032	7.972257521887131e-07	-0.01799674255300562	-0.018879272682424553
X940034	0.007857593922638476	-0.009452239959396971	-0.008379055587701124
X940040	-0.010816991188930853	0.026947498148105747	0.0673936679622253
X940043	-0.005627645035560234	-0.0009131979972887001	-0.026913562817000327
X940045	-0.00045133336166459855	0.0906975611488696	0.019270546872924357
X940047	-0.016749680820275215	-0.0036468598298429952	0.023655438837236708
X940048	-0.011516615483750995	0.018983172297248878	0.017457229138004904
X940049	-0.0055717509623473774	0.010310499988877139	0.013373160316060867
X940050	0.03585697206664033	-0.024764440606781384	-0.015396889895284269
X940053	-0.003751471237404817	-0.010394094845472785	-0.030561896812747614
X940054	-0.02948454644333686	-0.008368136079519615	-0.01450821076122648
X940055	0.0060094914108402946	0.047955735717922866	-0.04347972126626784
X940056	0.043239949350987225	0.008487412734486423	-0.009263988429657172
X940058	-0.01306288795118084	0.013747844815593017	-0.0013457947351825296
X940059	-0.009842074766677129	0.004147147543264157	0.009342924780595733
X940062	0.036730197189539134	-0.013870404099588075	-0.011887976272915858
X940069	-0.008864218871784246	-0.009257942674447352	0.015229128432992893
X940071	-0.03035557314510726	0.056176317416732964	-0.051785348692006114
X940072	-0.0021987014674549124	-0.007775095034946992	0.00856715513903598
X940073	-0.054569682000776706	-0.01104397534302036	-0.050004586323684784
X940074	-0.009205196396554005	-0.011112863346549538	0.008717594049462509
X940079	-0.057319012500706874	-0.04085128520155718	0.04102211238359341
X940080	-0.010841111505239955	0.0017655807484171094	0.021768651811841882
X940082	0.03109941088992773	-0.011831785968109177	0.024322423637507855
X940084	0.027389557748239285	-0.012278238045543682	-0.037053033610002076
X940086	0.006709018704921685	-0.01280067699519584	-0.009569523439167452
X940089	0.024401671472587906	-0.003105619629549255	0.015330012701480213
X940091	0.0298787486670539	0.10649870856544338	-0.01977512714016948
X940092	0.04215741220812356	0.009662434100587518	0.03372420202947482
X940093	-0.01011356467616308	-0.012194909710988269	-0.04787576060813142
X940094	0.014427540035827854	0.0737156221515883	-0.027106069839416647
X940097	-0.004157017722743957	0.00826122469106184	-0.0015519104010216192
X940102	0.008968575842506505	-0.0022867614183281425	0.017277117549572514
X940104	0.003604084237292303	5.254759582379601e-05	-0.011723408838438592
X940108	-0.0025283323999361774	0.001414049560177047	-0.021481313821330318
X940110	-0.015092203645132495	-0.019906895149919175	-0.01737098922452017
X940112	-0.06469983410977713	0.07399257595729215	0.05072060313908864
X940115	0.011852238595708808	-0.0019642121489894834	-0.061676625704106355
X940120	-0.01738923103675871	-0.0084374194555292	-0.017307006725301763
X940121	0.01320018630178505	-0.02419681193140715	-0.003178052430308495
X940126	-0.0011598741328888377	-0.012077227623092279	0.015493340473182085
X940127	-0.007570241381708985	0.00832443972954736	0.004973916277523729
X940129	-0.019620791073202318	0.00658405729871718	-0.004877376998631043
X940130	-0.01585107098270103	0.01310514851152961	-0.021626668798976567
X940133	-0.01802278773804921	-0.006203365869902088	-0.024913112284493267
X940136	0.00601492024247691	0.0038744152238222597	0.030454528206094934
X940143	-0.0006729283971565931	-0.010672054873424278	-0.05708636409050926
X940145	-0.0061519458862620445	0.008339920227890414	0.03787616426234913
X940147	0.02566478064271274	-0.008420686792777817	-0.007617508095415218
X940148	-0.003834386469301649	-0.015411090008438258	-0.023797623581625085
X940152	0.014151920000082526	-0.0008568139649935783	-0.02930876126825247
X940154	-0.027822549864130998	-0.02037013470174726	-0.0015245600254677194
X940156	-0.011910596134701502	-0.04559919173597588	-0.02328554229649098
X940158	-0.005008613262595618	-0.02866555545347369	0.020948917163638767
X940163	0.006594338353861524	-0.03917511248038666	-0.03267902335736663
X940168	0.007555223872896301	-0.025664657145924037	-0.01667370714325215
X940174	-0.09081199098403253	0.06804371978638496	-0.028731786932696676
X940176	0.01912135881229897	-0.03272799481281064	-0.018075669355725816
X940178	0.004724583059436548	0.017460669814906002	0.06802298714619004
X940179	-0.013817817756258816	0.011392337182956881	0.012929829992300516
X940182	-0.024861614982444817	-0.004297522147308492	0.05854348256804038
X940184	-0.04548130287887156	0.01850517914199832	-0.05932311226287299
X940185	-0.03706317020775541	-0.04356537800073741	-0.047782218561841824
X940186	0.0068159644559272516	-0.030726881681722617	-0.027076666226828257
X940189	0.03575309532799216	-0.007026194438343015	-0.011356860913881307
X940193	0.002296210917005639	0.019805422233275746	-0.04223611537233368
X940203	0.06857237015777991	0.014717781806032776	-0.007413544039873178
X940211	-0.008807591537889707	-0.007956103467787317	-0.013685878168827232
X940213	0.016690342886790773	-0.020411590073605924	0.022695145320540823
X940214	-0.00887573923738231	0.026878215980660064	0.0541544402109942
X940217	-0.0054619813387003545	-0.0014704450942925602	0.01882676366939843
X940222	-0.010480819415368579	0.03121148118645457	0.02712872273170261
X940223	-0.0125010857070701	-0.01085979906287346	-0.060039596265946765
X940227	-0.04170156408334859	-0.004369582986946645	-0.006270305264551535
X940230	0.021372257407392098	-0.0010075273447807194	0.04986304641111753
X940232	0.007935125817780594	0.017983000158726482	0.0019836423247989576
X940233	0.007144263246477289	-0.010820471921041783	0.027181153461423805
X940237	-0.0037438946985042065	0.02256078911433037	0.0029378023342961006
X940239	0.05091797056083535	0.1709264460848354	-0.03871448405851859
X940244	-0.009585763774153822	0.010294082605382442	0.032531743999789725
X940248	-0.022500358791183474	-0.022102029733447357	-0.04314580241478992
X940251	-0.03533801023026145	-0.028089937569281204	-0.026143039166687566
X940256	-0.036052794495772596	-0.02370400306418339	-0.019914175599624502
X940259	0.011445888324164535	-0.028440832326184787	-0.06931558957172325
X940261	0.009470752619463556	0.024280471515360943	-0.006799881317470339
X940264	-0.0001442337449186376	-0.027858939645576373	-0.007402606294434681
X940270	0.013818548354986136	-0.01719004996490221	-0.01259742695705869
X940271	-0.017629088501829277	0.008519650641288816	0.006231276040915396
X940278	0.012953263508610851	-0.0003319825475847015	-0.0034503383205486834
X940281	-0.016262445516548426	0.0020602738208376553	-0.00620545377666486
X940284	-0.006864629657835794	-0.03129680974970019	-0.037604534722416094
X940286	-0.10271598429428025	0.03294097676147116	0.01618367487463972
X940287	0.01814944197763722	-0.006897634112750299	-0.014228756986731783
X940288	-0.013619532188600536	0.01229378100912279	0.011044845978956967
X940291	-0.0008995037193834932	-0.0018924167138100344	-0.015404638461718786
X940297	-0.0011243550662935003	-0.013508599940598946	0.0020856378676865597
X940301	-0.013240701574469346	-0.004803946107075395	0.009129043479525607
X940302	-0.023600111361019572	-0.0026273093132042494	-0.01839646214099618
X940303	0.014597731056022979	-0.014668276145403178	0.028968240368659724
X940305	-0.007651736013106523	-0.0004959307862993412	-0.011082909468894415
X940306	-0.01859893348640145	0.015090659583419657	0.017529179271085406
X940309	-0.00023011494845155543	0.01039029872037729	0.016779737777517872
X940312	-0.0019620094887114583	0.029350753334526837	0.04638226703723944
X940314	-0.006836731811158556	-0.004813267031812825	-0.017885597670631533
X940322	-0.022236267820988472	0.07423542587737485	0.04224730150156294
X940324	-0.021668200269065664	0.003631559839776117	0.014012320199310159
X940325	0.03341873489371041	0.01914164644445591	0.03743665097695597
X940329	-0.030738693003168574	-0.03274520374745082	0.04426328142808122
X940332	0.0028070972498548887	-0.0200586039175554	-0.005296400830897439
X940335	-0.014022577885627623	0.010942894230083057	0.017764201145197882
X940338	0.0071134786445924535	-0.0017848817825492664	0.051645778395055526
X940339	0.02531100587718527	0.01671999100719279	-0.0018594998481577193
X940347	0.0011781668089611945	-0.02283929765338041	-0.026519933447857635
X940349	-0.00646813991095378	-0.015109359751219072	0.007774646962566526
X940351	-0.001869855635211716	0.00045166674697705577	0.032266936212495254
X940353	0.025299329127351052	0.012574306353110121	-0.014999028692567449
X940354	9.549363674366019e-05	0.011602553639770048	0.021147852726160304
X940355	-0.017535978771127152	-0.025692192816618577	-0.04125526059388215
X940364	0.008261997415056137	0.0012979763839422347	0.02118327379116169
X940368	0.030988094712403755	-0.004138433246842376	-0.01691469176630857
X940374	0.04264768872102381	-0.02473363135429576	-0.04158514807365024
X940375	-0.013390827263071909	-0.004720635353220856	0.028901957451146564
X940379	-0.015234909424093406	-0.005245167906439011	0.0016188551524383694
X940383	0.004892971794905387	-0.014085707546582315	0.010881343410193433
X940391	-0.029214008699799083	-0.004959316281977624	0.04853738832950621
X940404	0.016417616411381567	0.008771127751191904	0.028475327432744398
X940411	0.007072669581504399	0.0347294261125327	0.0011847985034253935
X940413	0.0330336879744024	-0.06299794170135797	-0.020819935910640228
X940420	0.003116701174850828	-0.009630865763328497	-0.011014337336978458
X940443	0.013224028657385442	0.0010425289772164118	0.03129181218251575
X940444	-0.006217624357571744	0.021956045666264787	0.03583641609427798
X940445	-0.00036083351779985797	0.010382177866935937	0.050902623576240584
X940450	-0.016785093874563208	-0.011249695649675047	0.010531056963437301
X940451	-0.10687143447129467	0.11332213313177063	-0.10902000330543031
X940456	-0.013312560093363427	-0.01620504995610744	-0.03669249519629395
X940465	-0.0033944500119765853	0.012811490763644106	-0.013781644585452241
X940466	-0.02489911522037616	-0.029520512062180253	-0.03001791457243484
X940474	0.0019361405734090627	0.022376258126994453	0.011761470987118057
X940481	0.007914068285248163	-0.007527095981967312	0.02183230784932855
X940483	-0.0142170308632226	0.0008885687691228164	-0.01026600564453764
X940484	0.043953085648793605	0.021743872367170767	0.02773587203613078
X940487	-0.024677372042924105	0.014345691554451322	0.04583946279558083
X940488	-0.04721161434035799	-0.0445578833054368	0.0029596379453973717
X940497	0.01823402789933198	-0.03479450026308447	-0.06489908796953399
X940498	0.004689899425722752	-0.0055631207890315905	0.06605090872801281
X940501	0.0464430541900846	-0.017377083633929154	0.003906088785599461
X940506	0.03936901949043376	-0.006868705930896968	0.04103171483646686
X940526	-0.014283620660612313	0.0009217575883887653	-0.03681784284008673
X940529	-0.026539611569511318	-0.018037279303943547	-0.022356276382489514
X940532	-0.003404010626011819	0.018264546583226814	0.020645820340835373
X940534	0.013872161588286386	0.01403648864696838	-0.010742087979308984
X940535	-0.01485276840861869	0.016261933606701907	-0.04538365769736168
X940540	0.013125546747238715	-0.014643899517215044	-0.022075193333960644
X940547	-0.020866193280147258	-0.016906048852779607	0.0011016344387105212
X940550	0.03624835778568453	-0.023526783152937908	-0.0016577495212224997
X940551	-0.012895677126378147	-0.00983354705907484	-0.00715963343189229
X940555	0.0029435109257542353	-0.032768737702111174	-0.026050459020340113
X940558	-0.006512791570451824	0.0004521176129802769	0.018221544557535083
X940560	-0.062459664107747094	0.034805788830610584	-0.04979540616958414
X940562	-0.00491507534399184	0.0107100943368852	0.010382882100983757
X940570	0.022168820801892364	0.0173974469622307	0.03592272802275048
X940571	0.02822434388233126	-0.041383831435930184	0.01757925766038175
X940580	-0.016965857117286202	-0.028705518925914657	-0.011427681103435948
X940584	0.03024305590263825	-0.006387529792285018	0.0019525061856825265
X940589	0.11859491864342006	-0.012917103906619905	-0.03105492204176848
X940598	0.0017523150463039764	0.006098248493352915	0.0438935167797964
X940602	-0.03045366923640496	0.005563047848143598	0.04897353088523319
X940606	0.011649472922767653	0.020269772538956468	-0.0015493999289344178
X940612	0.045949602080389916	-0.017078174536571036	-0.005897669699864311
X940623	0.003445604878049959	0.003796492555869334	-0.008927891125034811
X940625	0.06501136099361261	0.017290700200132975	0.010140471842073485
X940641	-0.009206004824507496	-0.010609977580141388	-0.015576031112831444
X940642	0.02624783033842629	0.005631080156834954	0.007866711445772749
X940648	-0.009396357805657191	0.004926678681214133	0.0035968818135043838
X940649	-0.014829104626691063	0.006840530357893861	-0.012759565344517271
X940652	-0.011377207893183265	0.003024812389709507	0.03277604751807187
X940662	-0.006773116177036665	0.012947319497852576	0.02430926470963458
X940665	0.01751809647557319	-0.02015590908836095	-0.01839915270005802
X940674	-0.012080392642324122	-0.014042732935439912	-0.02233001308198769
X940689	-0.026706429014292873	0.035695170349803934	0.05467927658638259
X940690	-0.01481430526986679	-0.028760157542717362	-0.016564900781137766
X940692	0.0315018665768766	-0.021029311835217456	-0.0252947695984791
X940696	0.014565808038074819	-0.005323348397983868	-0.016507903837791497
X940700	0.01332242394369099	-0.03805404042269482	-0.016980915554674972
X940714	0.03208847844452528	-0.0011605442812256982	-0.013033400011364053
X940721	-0.03292168897007476	0.054284931970909236	0.024283687212410594
X940727	0.0194545134561391	-0.032510878048205856	-0.014091279321964167
X940748	-0.02737132736905039	0.022034793673463827	-0.0019076298623789617
X940756	0.001966830543944005	0.023713910395493778	-0.009924277775640882
X940761	0.0325785729840676	0.0037871311845499808	-0.022087149714552553
X940763	-0.023816943881508137	-0.009573359740574473	0.035982661070168155
X940766	0.017434875331362544	0.017316423838722363	-0.02635655785146508
X940769	0.0039150882579707235	0.018633175168594494	0.015126097219617968
X940775	0.0217519195865723	0.007079027598586689	-0.010059711195259216
X940778	-0.024824802243706364	-0.004490574481367757	-0.004178253094147404
X940786	-0.008034718125649576	-0.042245906963236296	-0.07746059373169623
X940796	0.006516643264225541	0.019547845699169997	0.021787475024743166
X940816	-0.013606226806965459	-0.0172983212028429	0.00718738311652681
X940819	0.01314077446949801	0.020670657366848446	0.010479786379433077
X940820	-0.0014389229780235296	-0.009545473053872154	-0.03644380050131669
X940826	0.03848399881499534	0.06266621418156722	0.019505688958107857
X940827	-0.057533909375610495	-0.015717472731996255	0.01758604963864406
X940833	-0.011321295088212127	0.0440674611492764	0.03468380048902773
X940843	-0.0007919568976699145	-0.010929664944100935	-0.03887775498698181
X940844	0.006491746922880782	0.020644777725872927	0.030137478659578918
X940845	-0.03777455433214622	0.00011878007368826091	0.0013767562379474682
X940847	-0.0032987964360390028	0.02323233032704541	0.03433313027654708
X940852	0.019982769381959503	-0.0008192596500065746	0.01714211429152571
X940863	-0.008236598299295506	-0.020229229510377058	-0.031987518474149976
X940871	0.03149567722313902	0.03312002830003097	0.04805758737932874
X940875	0.02535703673801969	-0.029626032434048665	-0.017532299856420495
X940882	0.024387972545187098	-0.005165045412808192	0.06806407965598281
X940889	0.0015483076169516242	0.005448152515927352	0.027378539212954838
X940892	-0.010509513390880288	-0.013801276647632817	-0.015467067194451234
X940895	0.005451954565462309	0.006774879300108333	-0.01606521374385881
X940907	0.004111721741111351	0.013759431038804889	-0.015262441640001852
X940912	-0.015211653448499833	-1.5412660312735497e-05	-0.018998910905550996
X940917	0.025196971240597017	0.024858046050227057	0.04042135829886258
X940925	0.08846456366152963	-0.058146717550515176	0.03128093461938506
X940936	0.09025096815734643	0.012537865226205347	-0.04799204779270206
X940941	0.03202056574882436	-0.015288120326598837	0.017867745341367862
X940946	0.0006951015225886127	-0.005175444274191836	0.053675884483358055
X940961	-0.009491812435973706	-0.0027475719923773486	-0.023427617626378707
X940966	-0.013061912378862266	-0.003593891549827403	0.007679802473695034
X940968	-0.031877426911851026	0.003941328444873259	-0.00599817017679506
X940984	0.003970823981259372	0.030809898413192465	-0.0654183397107023
X941001	0.03229854379286094	-0.026865748779121706	0.012933128617236318
X941014	-0.11001723594017886	0.04350009852765275	0.00697791593486754
X941019	0.00029542364048617506	0.012277392496053726	-0.01390711867589871
X941024	-0.0029353013067169673	0.005564608851861382	-0.017959346392393685
X941028	0.00972221921924953	0.005502923040846759	0.0587084169412229
X941037	-0.03234891530313405	0.016202908623095733	0.02955904765345654
X941043	-0.02081751809706748	-0.025081296187581856	0.031916109073191215
X941046	-0.026464480691753684	-0.004759394666444808	0.0348737719135353
X941049	0.014679044648104756	0.020336517626635273	-0.024525985717158034
X941051	0.023507189377153397	-0.009791414896643173	0.006368359563888281
X941066	0.0059787162253270845	0.009509923077253148	-0.016923359442752466
X941074	0.014364039465958852	-0.0033123545347645963	-0.04195662762703808
X941079	-0.006160477521457417	0.007520261672044556	-0.005919048774702826
X941080	-0.012371283957409707	0.04626462563494658	-0.11437682552029325
X941091	-0.027545583332596036	-0.03895174095685014	0.06981416263375564
X941095	-0.002948694403049888	0.0057795196892013	-0.0009972284288625862
X941106	-0.02620937754744653	-0.003266710232047753	-0.0037190782654381005
X941118	-0.0006091685363401656	-0.0010043192088318113	0.02552748528690781
X941124	0.04036410414570642	-0.030318289257077843	-0.050770380084219115
X941134	0.004035706310898429	0.0006769977187139867	0.015625539718181678
X941144	-0.016631438423234852	-0.0026628863720901466	0.045078337467237654
X941153	-0.009048167756165711	-0.03398234567300438	-0.0929390099780928
X941154	0.012372848420616997	0.010050607011630009	0.012614950255824197
X941192	0.03325675254968691	0.040369918014112625	-0.014130079397007377
X941202	0.013475962145386055	0.0001530432399796097	0.008506251822296664
X941204	-0.020270012043247545	-0.019935504603625122	-0.005200905563371299
X941208	0.013724358170037912	0.004863306067623452	0.011082682837848567
X941241	0.01715447838739748	-0.0851736511592428	0.0009457242983398189
X941250	-0.019447334828308835	-0.016919944995308397	0.018359057563399384
X941253	0.018456649764535343	-0.008808725125191456	-0.009564619558730761
X941257	0.03381084281524742	-0.011927899201890505	-0.05390022423115352
X941259	-0.021838682031585552	-0.012233509894847611	0.020207055921276508
X941265	0.03360243607410478	0.029975620470834394	0.013854857236742268
X941274	0.01282263394109848	0.033792882376206985	0.01075634564147699
X941308	-0.020555665531199294	-0.015853363219075205	-0.016183837080452807
X941315	0.004809345473449954	0.023010344423975922	-0.009626371660178665
X941320	0.008807705109155536	0.010638186718954544	0.05233715661344056
X941321	-0.017859400518133395	-0.00531056460938126	0.0063893628552390575
X941367	0.025300865531214536	0.011339119572334395	0.06819064961768158
X941373	-0.018364158456592405	0.01706031163032617	0.014381323122592679
X941384	-0.04241103685470438	0.07777531258922363	0.013569259070970688
X941385	-0.012032063112238795	0.022115038594453476	0.03515286138226904
X941392	-0.08806679347543536	0.11863628628821052	-0.07364176715114167
X941398	0.028624483422353755	0.048854212990965956	-0.022863162106471224
X941404	0.0023466567212975845	0.008223475314387295	-0.011875607619176946
X941408	-0.009337196904153711	-0.006977628530786807	0.044334916066746034
X941422	-0.015558376228968685	-0.02142553239901121	-0.030382490100306758
X941439	0.004500185585553903	0.009561111771745527	0.013753447017170859
X941445	-0.01655701853161894	0.03149166629986678	-0.003987423074228352
X941454	-0.010999205212199296	-0.007887678589043243	0.014303853487102048
X941460	0.054723152729857234	-0.008606697797224065	-0.0019253790007264058
X941462	-0.020996513804233737	-0.003460628824076483	0.011003811382718142
X941464	-0.005137431676802186	-0.003503241498394742	0.028144529346220803
X941503	0.007623730178455157	-0.009121395031477023	0.016975744097130815
X941519	-0.005686360918266319	-0.0014673928523919635	-0.012756871300168806
X941530	0.0283743431196303	-0.010098003600428614	-0.01080472697316629
X941547	-0.011219907230768583	-0.006233736172014163	0.009455085936280524
X941582	-0.01695909132485394	0.009452005013342571	-0.07906098617569368
X941617	-0.018122942973109027	-0.014349958365708142	-0.03725983219185385
X941623	0.04889913893687001	-0.02064816647951031	-0.01697574411932866
X941624	-0.004994254572401479	-0.008846448268189666	0.008370883827945676
X941639	0.019087769229790597	-0.014021757174069538	-0.026304104718801322
X941680	-0.009278360546622004	0.015069368739437471	0.021407705287919694
X941684	0.02955757780188913	0.0025972138427630583	0.005999101820470522
X941709	0.0010584104705709091	-0.032819291944294456	-0.0018615778298865149
X941714	-0.0021314042408458905	-0.009423207691305915	0.014444993185780214
X941715	-0.0009146824246533952	-0.006211967413023282	-0.01142493935850109
X941738	-0.006821482493343504	0.0036674620627979732	-0.025048177522443527
X941759	0.019451285227192902	-0.01520233243051743	0.014620533226897357
X941772	0.03551448102069621	-0.055206907394283876	-0.009463554824498028
X941774	-0.016783627509097163	-0.03047314146886534	-0.004976190870974722
X941807	-0.012851928049416978	-0.012238955107887688	-0.011526055689200126
X941813	0.04781333431327154	0.0019878692142559114	0.03990819793015148
X941817	-0.02023166683452958	-0.0012088301475303188	0.06205120961186152
X941887	-0.016221291322725345	0.003894298922623307	-0.007193447542430186
X941902	-0.026589442532044177	0.023387426504138126	-0.00040192120943996197
X942011	-0.014953811416940332	-0.011488966006065256	-0.05885704450822639
X942026	-0.0003252033538307287	0.055797976561314445	-0.031684561132279174
X942039	-0.005225563576702338	-0.022148540163409575	-0.021968507800701403
X942075	0.0179964680688413	-0.006417132487147899	-0.019105321355381462
X942094	-0.0036008547161064243	-0.0071753365869263955	0.0010812476218702983
X942128	0.00020725326906689026	0.02209212792350278	0.05747447994440166
X942191	0.12990978187563965	0.005989434357835321	-0.024050665114609928
X942237	0.04682471585948907	-0.030314328762094226	0.028114973441287376
X942303	-0.026679287387917725	-0.029470608036487562	0.0022204306903513393
X942319	0.08152091868947213	-0.005407358824348525	-0.016330976005641096
X942359	-0.011960009356811187	0.007419703447003506	0.013484089146259797
X942398	-0.0035724831795296615	-0.015563335330578727	0.00878420232212455
X942402	-0.04077112399562821	0.047418625567336455	-0.015124189278573175
X942429	-0.027293608795597227	0.007374453152585214	-0.058821780299939855
X942467	0.005530371146744102	0.02976177952235461	0.0337213637094256
X942487	0.040284900488254755	0.005911676401556668	0.008440782893619908
X942489	0.0456742501152167	-0.0009611557214922814	0.009265919273293512
X942490	-0.02854773123512126	-0.02056527129198626	-0.004808930222542298
X942504	-0.02298352657973111	-0.0056034824018643525	0.039667513577594606
X950002	-0.0054737047611151095	0.01303716548684715	0.01142176564751648
X950003	-0.01217033817717853	0.013173518509472334	0.0019992082172882097
X950005	-0.01404090760325399	-0.020391688169264798	-0.04257177790916282
X950006	-0.0009256161383788841	0.008464238834710728	-0.017731937746256306
X950007	-0.024394824170932444	-0.02193268218114509	-0.06483672141209781
X950008	-0.009593268598469876	0.011743120610909338	-0.014780286725568808
X950010	-0.014738886148626727	-0.009342562263581279	0.010828876407211299
X950012	0.0032866639616596503	-0.010501778828663487	-0.045445377178422744
X950015	-0.004365672515482736	0.007046655273897891	0.0011059846068396727
X950016	-0.010514024326450858	0.004031617114941621	0.024449442260641763
X950017	-0.0029245197518599406	0.00328305188833951	0.030730290514429038
X950018	-0.006297365628014922	-0.0038537954203075875	0.006341087409332651
X950020	0.001990426526868316	-0.000454907171571177	-0.015031320687614536
X950023	0.12536746521280087	0.008697500258823859	-0.0037401807945195227
X950027	-0.001950637799918016	0.012210338373936756	0.02986560826735899
X950028	0.14718701962313088	0.016399333452092317	-0.002664140048816286
X950032	0.00021657433742559523	0.009649632930769907	-0.010150464531771217
X950034	-0.014602964841888983	-0.00865451624326962	-0.015753358506830992
X950035	-0.0022990289670998328	-0.01640840843177556	-0.015491440714078182
X950036	-0.016748331458630337	1.2729677474624763e-05	-0.01094014798241539
X950037	-0.015916454543090482	-0.0007076436962123078	-0.0010271589751905024
X950040	-0.002710317885480712	0.019688868273589098	0.03181701575485916
X950041	-0.00751290562519918	-0.008912497054524106	-0.011409455705473241
X950042	-0.011324318526588214	-0.0018395655209397577	-0.018513704246892037
X950044	-0.006884013373739605	0.021579363415370725	0.012285139141016256
X950045	-0.011671735921844796	0.005845975016391701	0.006319880381117634
X950046	0.0007814564869155544	0.0016287647185162252	-0.010389450181659795
X950048	-0.016765418547681408	0.014915938821693937	0.01994368269429915
X950052	-0.04553585148473701	0.08505887835619746	0.03872257904293374
X950053	-0.0058444290419665534	0.028380814886919126	0.02286238461512595
X950054	-0.009667975051513832	-0.010225766574754078	-0.014025172924056327
X950055	-0.0067496683737139586	0.015613079985505703	-0.008380807016666025
X950056	0.13482028964088766	0.004409649834585541	-0.05236870241641355
X950058	-0.03852156951742474	-0.008472989707045518	-0.0009550475382464302
X950061	-0.00882476765187435	0.00935526121116974	-0.019001766314145505
X950065	-0.0069015975360706494	0.007381528962043481	0.0016710313503646085
X950069	0.00014130666223027735	0.005431158420745426	0.017669347790552084
X950070	-0.0030841113249809246	0.0007700523002318617	-0.002557261147043057
X950071	0.0012599434063053528	0.027499147677826127	0.03177103773229269
X950073	-0.017250456585834253	-0.008715830668645912	0.06474833787682709
X950074	-0.002778412272179452	-0.012274409925676858	-0.028344569412733184
X950077	0.0001354197164774846	0.0019794960238000816	-0.020626043927754967
X950078	-0.007822473253488588	0.012442336695359575	0.00208100975733194
X950079	-0.0071711396169002704	-0.005512984678658279	-0.014418576830965741
X950080	-0.006347677792330309	0.011876442925186395	-0.0031518394507145065
X950083	0.014700719529179498	-0.02529200946573205	-0.03481592136752608
X950085	-0.008854226939330051	-0.006793368779670402	-0.03970171253689256
X950086	-0.009046594776323323	0.014084879177778164	0.014865050571674017
X950088	-0.002959388886994281	0.018120475752458332	0.028939770917798476
X950089	-0.014863588011546199	0.0012623036919872008	0.06956528530593403
X950091	0.004821979911776069	3.0404758491675903e-05	-0.036396323772903846
X950094	0.01135776192279281	0.040258321643741525	-0.027003408854102604
X950095	-0.025496828524043353	0.01422404255090984	0.045975088031748136
X950096	-0.004955219411680386	-0.0009311344920319433	-0.012723733835576045
X950099	0.02389503047507694	0.07195963702246563	0.01409731549073407
X950101	-0.01590970938105817	0.006985992419033859	0.01901658806018086
X950102	0.015432264684954473	-0.0007864288854416157	-0.03933488674430875
X950105	-0.011479482525682871	0.001905519069336086	0.01642041749641711
X950110	-0.0076998702541124465	0.020527222532067273	0.020444007811248385
X950112	-0.002378647222823504	-0.0007280415212766559	0.004459479841649681
X950117	-0.009153920705184237	-0.01779372621475153	-0.026534393562497583
X950119	0.00014640289780755805	-0.003923452071408778	0.03528930400648638
X950121	0.005458392896786869	0.0009058112378338665	-0.0031779220989721817
X950123	-0.02650742935716287	0.004200846058198158	-0.011646942154612589
X950125	0.0025535718760895756	-0.014936746083625477	0.006226840521978658
X950126	-0.0015733220552707154	-0.014176603862246815	-0.0001654490001458058
X950127	-0.03192141247700266	-0.008270108563582165	-0.007112192699894351
X950130	0.005765194398815602	-0.045850860433878565	-0.024201823561031854
X950132	-0.011478569161056749	0.004199353379941795	0.03372435922608256
X950135	-0.013111445200837938	0.017513423479328678	0.02928286488907133
X950136	0.05796235094848545	0.011386992442115575	-0.0017742022197380146
X950137	-0.0006707346558997888	-0.030791384643284677	-0.006569184404538843
X950138	-0.003774516314666392	0.0018631957840617743	0.005217407744743053
X950139	-0.0071537926707810505	0.020034290947190645	0.005176834003094206
X950141	-0.021612233666527262	-0.0024360722969464766	-0.038894731149736586
X950142	-0.025138874112163468	0.0017907788930762042	0.004149256105437863
X950143	0.00594839280909075	-0.0010707284009633408	0.0247796420941007
X950145	0.009382049016730974	0.004783919461549276	-0.00918088537894572
X950146	-0.004685375140563635	-0.022780810237191695	-0.04079516108996362
X950147	-0.011813194647971047	-0.039612324394016345	-0.0532290050045006
X950148	-0.03650768912679946	-0.00669364619370434	0.013045476162294643
X950149	-0.007979512215953125	0.019480908164684705	0.006086491374829811
X950154	-0.008841232043401754	-0.004502385067422352	-0.024904101235862664
X950155	0.003604487050043501	-0.014891380258293755	-0.01066539564777574
X950157	0.1492400932838115	-0.027492378483650246	0.004306392193817624
X950158	-0.005126484893569678	-0.005296275826208392	-0.015347416184836715
X950162	-0.007507425370733358	-0.002450845624982165	0.04293808800488753
X950164	-0.009518363931423272	0.010517309347996835	0.008308931156363714
X950167	-0.005702484795448859	0.02831939823075228	0.043342727403929866
X950169	-0.003143657124068477	0.010805939745550022	-0.02486796265511122
X950173	0.09548685789753639	0.01640065801436124	0.01988438790804908
X950176	-0.006681593280419561	0.005782623040996963	-0.0028292030358592233
X950179	-0.012359790454672098	0.031452021703671194	-0.01036320144570001
X950182	-0.00028052641629308634	-0.001723306740039289	-0.021011091394946297
X950183	-0.00842045689553999	-0.025673733583971015	0.01635418905563772
X950186	-0.016828025441334327	-0.013197276754013288	-0.004471606451276273
X950187	-0.006964247912249415	0.004460084546546892	0.02519590691259406
X950189	-0.02774234242966732	0.006782295833458919	0.036144668494598214
X950190	0.05593215152573921	-0.0342407295316342	-0.025232488583665082
X950191	0.0008529565443113622	0.013209474334063168	0.017067284208913666
X950192	0.06884059259849282	0.009146201211648846	0.002573844312402639
X950193	0.09484391450921294	0.03300282634228295	-0.015086490627508867
X950196	0.01813613004849832	-0.018232316755948424	-0.05098383441910157
X950198	-0.003975248289468002	-0.00964126785434587	-0.017096501170365933
X950200	-0.011457829436619398	0.012557273962761618	-0.010486825226899291
X950201	0.008870505878402112	0.0002128540559886683	-0.011867603164029884
X950202	-0.0025265922140681857	0.001890171482062828	-0.029985298024581088
X950209	-0.012083292727727664	-0.0020270585297395	-0.02243490547606239
X950212	0.023439944301275398	-0.020604386084485286	-0.03445620875421523
X950214	0.00454033065571068	0.005367428544014956	0.008972233614626922
X950217	-0.015573379535674446	-0.005919109873836706	0.025233802401515324
X950218	-0.006733001298285031	0.015544240593857853	0.05868887082670861
X950219	-0.004703027779924064	0.0327209319650077	0.04808557681396622
X950220	-0.007643391524908816	0.011899983670457765	-0.0046949614497827676
X950223	0.007518994760843737	0.005760866170944024	0.005795005216153179
X950225	0.15648608110853607	0.00736304949250933	-0.0085175886166396
X950226	-0.007597481829039956	-0.008498085504803453	-0.0007076695101834732
X950228	0.1367245347157079	0.009263277444163762	-0.014736787468061369
X950231	-0.009852664213456765	0.00143958489579349	0.013413723432055462
X950233	0.06692569821991767	-0.0017338464140210866	0.011540928852783676
X950241	0.005568958401313456	-0.011842705915362432	-0.013175897323619507
X950242	0.013133053237863013	-0.005202854217755664	-0.02358524272175531
X950245	-0.021868039081839208	0.008950261754303638	-0.02292957338850901
X950247	-0.005855057308488243	0.019291264067334758	0.02621042738980403
X950248	-0.012899187486166823	-0.022487791731698212	-0.058045038310752674
X950249	-0.001450914774019618	-0.002568385580893967	0.015327687325069153
X950250	-0.007729537450338791	0.04889445636958649	0.02385001952354577
X950251	-0.0020623897703280006	0.017785268026714766	0.02638941713761081
X950252	0.010409513088456505	-0.0014809572075304765	-0.023943647545434706
X950254	0.06252774148786355	-0.013635329195665371	0.030897340907105844
X950256	-0.022465355983543177	-0.004891669477610566	0.00783500704089123
X950259	-0.0010277327747711177	-0.010185099094616634	-0.031347303512463745
X950260	-0.0081730373935119	0.002167635932881591	0.019847652623040068
X950262	-0.023339778256046502	0.030443907919187805	-0.008507489668484861
X950264	0.0008048297099980128	0.0017686009711824675	0.0007152883807010114
X950267	-0.005777492601964144	-0.004879592436435211	-0.00826619497166181
X950268	-0.016242387623324396	-0.019745319483870663	-0.05455737315967788
X950270	-0.004939443469555345	-0.0003231179705040324	0.012620989551436696
X950271	-0.0019997303720082848	-0.019067591805344106	-0.04221127077245298
X950274	-0.007217903626330616	0.010051393040218006	-0.024535314505583158
X950275	0.03542266446695245	0.014518465540785999	-0.03518057113529437
X950279	0.018860111807086456	0.005506309454185855	-0.02687200992773221
X950280	0.008180098439231122	0.004384445325853473	0.009621345089497186
X950281	0.010901694503754772	-0.0016655326095991903	-0.016737585125178707
X950283	-0.006341902127660494	-0.008105665315789228	0.011480952289288363
X950285	-0.010518365132433209	0.005462874080348254	0.010021993037133432
X950287	0.002930995779927858	-0.016141601374914966	-0.031689500387722516
X950288	-0.004810470007806308	0.022125882635281317	0.026133982775146513
X950296	-0.014415267292046433	0.0033384440127158486	-0.013295965357950038
X950297	-0.018554835205587573	0.014976634050504227	-0.010156791475449858
X950300	-0.016999852665129964	-0.006900840515707447	-0.03885698858168177
X950302	-0.02192872567241042	0.0357669258224039	0.004321020669447279
X950304	-0.010410646485011074	-0.024030936977063374	-0.018825916624422186
X950305	-0.009721989340293604	0.0005030303909053565	0.041409635360201466
X950306	-0.011061285807441186	-0.0015146008893094935	-0.004762129114976908
X950313	-0.013442948989628159	0.009731122291320123	0.025369678642787268
X950314	0.01639883415840457	-0.016579562366114842	-0.06056766744957384
X950316	0.014481688175485298	-0.012737772083888117	-0.055458265812341874
X950319	-0.008639590761259551	-0.008794419994753113	0.009422103139858714
X950321	0.018736822012219507	0.008629026946462306	0.030037272628827095
X950322	-0.023289207757314488	0.001891024368150999	0.009188477988451774
X950329	-0.009049057251980217	0.026363167947912314	0.026935938458594984
X950330	0.00363642656754257	0.007761696474801206	0.02934596099356615
X950331	-0.011155572531636626	0.009223837776274443	-0.012676643397301762
X950333	0.017923833957512757	-0.004271433136221012	0.012242797761855533
X950340	-0.02379338233176853	-0.009120896101980299	-0.0033019361702413957
X950343	-0.003394214886156686	0.0005537372724550254	-0.021181117738000636
X950345	0.018972867733674462	0.0043491717805436885	-0.025185881374795067
X950348	-0.0052773793108675734	-0.017584661573097432	0.0008852888349844471
X950353	-0.0007608901079096673	0.015550903264522945	0.023224277128470347
X950355	-0.000879759331730096	0.015348549456839613	0.03930299428816835
X950356	0.032034639533809126	-0.02327839271012464	-0.0021399746030041616
X950358	0.02634601498135738	0.01280245177122476	0.037640626995237236
X950359	-0.008524609917489349	0.00034338395194064334	-0.005511453464425204
X950360	4.0384707485784765e-05	-0.017735241510754722	-0.03512590168973075
X950361	-0.005125387885564975	0.001715670272213915	0.000253699925159337
X950375	0.0018695574332102235	0.010148244095917094	-0.007748411491456645
X950383	-0.019916810272447943	0.0033732773926212637	-0.00658513185690446
X950389	0.015585586680483177	0.0015476256519342143	-0.028050030546007233
X950390	0.009280207028789492	-0.016272797065540398	-0.029503465353203275
X950391	-0.007937720606758535	0.014901052678368783	0.01681145639324652
X950392	-0.0058256789707531445	0.01226405849166171	0.047331346134267094
X950396	0.1822502348184948	-0.024010222801342195	0.044141786977871515
X950400	-0.0028914311061020706	0.0073900541512805056	0.028664721295270344
X950402	-0.008144663661446963	0.015287944762189396	-0.004628144294698349
X950406	-0.03669027054257504	-0.1993814917656811	0.014812990018912411
X950409	-0.016829850169333714	-0.008644804850168837	0.0023210783592487725
X950410	0.004010965500994279	0.0018939537602017805	0.012487281038830707
X950415	0.05481552643382111	0.09963393219448718	-0.028076719608042235
X950417	-0.01422947998681824	-0.018485135224066973	-0.046628426047817285
X950422	0.007474651664831896	-0.0185675777653463	-0.012259104410725193
X950425	-0.007531552386664933	-0.0001222744313158758	0.057813183510554256
X950428	-0.0291422525681668	-0.03187060444762701	-0.022038056068146763
X950430	0.010208681517956435	0.005152861614732583	0.04118027546523693
X950432	-0.008045766077427944	0.01748043950904911	0.013232438790486672
X950434	0.0014388408774136875	-0.003899510552926086	-0.011385766320278195
X950439	-0.008313281826144617	0.013040571961421993	0.009820627699645104
X950449	0.005586345846097401	0.0018604628222367717	0.02652176812624259
X950466	0.0029700138686625057	-0.013663221212654541	-0.02377884109935373
X950474	-0.006085911227240065	0.004193804725410754	-0.01733830278951533
X950477	0.028798751452759057	-0.02489458118441521	-0.01936066418223499
X950478	-0.005888851284430485	-0.012114961300330185	-0.031363561049735124
X950483	0.006583597294807747	0.01946395563806238	0.048485043627349456
X950484	0.0066241655029109035	-0.008375984146625869	-0.012076053605759926
X950485	0.08779575341797727	-0.027802081317153556	-0.043733917001630165
X950490	0.0072239104004177155	0.005168320961566839	0.026588565929978783
X950491	-0.0032189185286640816	-0.010057912510703251	-0.020945607848110302
X950503	-0.008692729278430464	-0.021441381061004485	-0.04063773532596264
X950504	-0.011480230140115033	0.0024451323796196717	0.024036265029521255
X950509	-0.004750446223362576	0.004588612656377266	0.00743262599562133
X950512	0.004282200076011515	-0.009090509557946606	-0.02066038318661717
X950513	-0.00691756316978687	-0.005421308363874774	0.000898440371664237
X950516	-0.008270436277289262	0.009037880770362536	0.0038148912088455545
X950517	0.002580591867934723	0.0029573569271552245	0.031635697310783764
X950521	0.020970388578980825	0.017722218379403156	0.02645156075499615
X950525	-0.01193037074680775	-0.004764024717557046	-0.03867995641870386
X950528	-0.0016667228635193162	0.002900126102725263	0.008647403279626428
X950535	0.009387615671565026	0.010804729332313473	-0.0026207305426220297
X950536	-0.016048978095347916	-0.012875676788667483	-0.005906481644545748
X950545	0.00149060847964274	-0.011208658169680419	-0.03401529845785167
X950548	-0.0021152423958059286	0.01189723676889169	0.036455609620682984
X950550	-0.011515328058702033	-0.02702425985325697	-0.03898067573682286
X950554	-0.0022963349555029018	-0.03962062913961858	-0.05391751077604603
X950557	-0.003673674263435828	-0.010426157472689396	-0.030629456998428575
X950559	-0.0006860035635392537	0.000332597563168186	-0.021410295326025775
X950563	0.0015511323332339187	0.005305946481822722	0.003556400636219055
X950564	0.01562251263704846	0.0014515431878241569	0.013223694109015258
X950570	0.004894534479921843	-0.013462096248433876	-0.023938414888392774
X950571	0.021272461203409178	0.06690499105730716	-0.02126103538653697
X950572	-0.011019923593223723	-0.000666185653484086	-0.009932002117566252
X950577	-0.006688628539332386	-0.011727355420560031	-0.028913049831421584
X950579	0.03737728619429875	-0.006608769247128787	-0.025284185046334787
X950584	0.07805349700684358	-0.05214618473635673	0.003008603919963121
X950592	-0.0016629348163802024	0.006829825210497484	0.026605755572776273
X950593	-0.007438195340274241	0.00023042077276881726	-0.0009926598979137094
X950594	-0.007535132351523245	-0.02091541239844476	0.0023660255886331625
X950598	-0.0008715480560232081	-0.005571477325955363	-0.005772766991720313
X950602	-0.010625233028242406	-0.015383975058055019	-0.02899650405535165
X950606	-0.007985847788673934	-0.0023239807376751417	-0.023510638509418865
X950607	0.023895537300530467	0.016706021206501134	-2.183337161290006e-05
X950611	-0.012723804501108738	0.02460162982381528	0.06311434029095084
X950613	-0.015671668592466086	-0.013322383607959365	-0.007754110732822213
X950618	-0.007009748087910237	0.024174919086515333	0.025399363695983262
X950632	-0.012473232683412234	-0.010868209832894805	-0.013414702955097382
X950633	-0.01722940064553018	-0.02732692432459713	0.045309297401907
X950637	-0.00905068608770856	-0.004609240331984321	-0.005106665811973973
X950638	-0.0133440184464605	-0.0013445685597591535	0.03625957389864666
X950641	-0.017860455427365213	-0.005948149923163805	0.014534366000657472
X950642	-0.00413992595007992	0.024411670840142324	0.050168095989320906
X950645	0.011873125374847356	0.009318049030974032	0.023224040834427855
X950649	-0.004169629825023363	0.007375005891540317	-0.023193339184672087
X950653	-0.018110408121314443	-0.007397442811534248	0.02341186492716877
X950655	0.0040862010476760136	0.011249978413318219	0.014431792930896182
X950657	0.033123881326811225	-0.026494252274220798	-0.028275702473317437
X950661	0.12323414350271197	0.0028729792401189012	-0.02472587732089869
X950662	0.0186164410983946	-0.004960771491114508	0.016737708813796725
X950665	0.008610104003329061	0.01503832474949576	0.03973710096776358
X950668	0.0005978213980005902	-0.002017318500667502	0.012311114887005327
X950675	0.0009880642865474497	0.0011342005015175963	0.004384940311923729
X950677	0.003267486676949333	0.01837815072338921	0.027848040068281815
X950680	-0.0027174830895232384	0.028126377802927992	0.024777070147152167
X950687	0.023716758931048763	0.0014903592031122357	-0.05377332485110407
X950693	0.0107435780727772	0.006109101185937879	0.025520529209573907
X950695	-0.0012099527980101855	0.014428575909482388	0.030311682623141874
X950696	-0.007540637394574735	0.010738750220684885	0.014965491631313735
X950705	0.010082376817978368	0.000816350628271933	-0.0021140174498322077
X950714	-0.02826873392180635	-0.022169473987621306	-0.0436220482656403
X950726	-0.009787997791115607	-0.012104001723889429	-0.03022934437799526
X950728	0.025900320597772548	-0.002858342549862754	-0.021634734101114862
X950732	-0.0054131192241269185	-0.007954858312366338	0.015097906583198581
X950736	0.0061542687253915	0.00792353985499129	-0.004246408429101482
X950746	0.0070429566820036735	0.01011843639171882	0.020586759631463898
X950747	0.0033405662319464097	0.00966187329340863	0.04656090508393761
X950752	-0.005834433234468528	5.047850231666376e-05	-0.013624808829494087
X950757	-0.011467279038287065	0.013313798346133613	0.0014786375355164824
X950758	-0.0006969037233008296	-0.009652483130171172	-0.021149502389822147
X950759	-0.0075612403158074595	-0.02041331606891403	-0.008838445308912136
X950766	0.0035920918049319067	0.00786507238000513	0.02105865572704208
X950769	-0.02865117327745	0.02739579717410036	-0.02878914196937125
X950782	-0.006116107138152189	0.00639469084032019	0.01085317522655596
X950784	0.0030530288371136017	0.014963678979146236	0.05675317123485087
X950789	-0.011877788253671272	-0.007488213661467964	-0.013847315166792872
X950796	0.0009862014674801025	-0.01264278748851664	0.003272138158544269
X950798	-0.017090317277548308	0.004707741904912111	0.053757453820476774
X950799	0.011944821879496647	-0.0021445840555137565	-0.02686361388573648
X950803	-0.008877926034576869	0.0013466104210690972	0.008977540745841993
X950804	-0.012483881548492958	-0.003005631843973938	0.014566065973008756
X950809	0.00013986311219453792	0.015097491093814114	0.06668217269839083
X950810	-0.011355371122679196	-0.018584686978790944	-0.003734169922469854
X950813	0.008588477990381538	-0.012467769538318784	0.03280372154700939
X950816	0.013433055609643363	0.045868860617143695	0.04115681979212169
X950827	0.029067336163647334	0.02206656210779803	0.04162829292507583
X950838	0.0010450116378664745	-0.003216268328523085	0.026880597868371322
X950841	-0.00028383739542832843	-0.002748730543005225	0.021402103712408235
X950845	-0.014762110818672904	-0.04983057361796861	-0.0013931001944801958
X950846	-0.006650924814681115	0.010849383139460272	0.016400188835087665
X950851	0.03578099141130375	-0.009772675849188147	-0.03405526987282777
X950859	0.015401289322198855	-8.777156325842192e-05	0.006069334250973583
X950860	0.04610784095534521	0.02826374852496255	0.03928013818683955
X950869	0.006938188872296051	-0.009145332118600233	-0.05671771309803681
X950873	0.008222117172098775	-0.004259692400612778	-0.002397926869018987
X950900	0.025905969138588666	-0.008596418223871615	-0.041496088797727766
X950904	-0.012271489655709098	-0.011800326526466853	0.004561496768850096
X950906	-0.003967864337409185	0.010950592995304202	-0.0007725422044576328
X950911	-0.013098371664342393	-0.010032926514069115	0.004831365058099114
X950914	-0.010459746614829023	0.01211232988244845	-0.04976608265879155
X950921	0.025389176456357805	-0.007389624432916376	-0.023298362958206253
X950925	-0.016360605836499575	0.0015254926642418061	0.021726513519438443
X950926	0.026279902958059393	0.01446907791417059	-0.03100433066110326
X950929	-0.008064848002422145	0.004936642414413247	0.0029837473649647894
X950963	-0.01692392231003607	-0.02515728667340057	-0.036768695437076004
X950966	0.0020096182470723356	-0.014882858860555874	0.010361527111364016
X950968	-0.011629201814068221	-0.01338306767020669	-0.0038553746051184184
X950987	0.00836926131316996	0.007943191577045653	0.024831759459272143
X950995	-0.02991366050989794	-0.0010985940060137278	-0.009465916315371126
X950996	-0.009320289482177797	0.025518268208890322	0.08079161850549427
X950999	0.0791385310780035	0.008740755455904983	-0.007413870014223392
X951002	0.00018083221306760286	0.01331941201043419	0.0026483988781405058
X951018	0.008355799236283218	-0.013825010379203513	-0.02907078359214972
X951019	-0.022763634241615684	-0.02967732104294425	-0.006835945714135273
X951027	0.0007305558513151252	-0.017942716947585844	-0.004503076669640645
X951030	-0.006547161937425352	0.016034680686965175	-0.0049337058332299495
X951041	-0.012682056144223802	-0.027855977417907542	-0.0328915053860955
X951051	-0.0035199482602916526	0.00884207093061443	-0.008877699607304427
X951054	-0.0057585177897226305	0.0028383763695112906	0.0012200566526672034
X951055	-0.006295438102741104	-0.01072730656201136	-0.03691059298048763
X951067	-0.0044572557851008995	0.003784484979171623	0.018112346551586354
X951071	-0.012323642803923363	-0.007348532088703001	0.01263995912750755
X951083	-0.007638545145360563	0.008072221163471352	0.011483724743379874
X951085	-0.010999299148505578	0.030177982645282438	0.022213316574905426
X951115	0.003629536902068259	0.00805051806314054	0.00041947108858317696
X951141	0.011541274682264088	-0.0012015894336665175	0.004056408949884007
X951144	0.010589386312406128	0.02484749324471305	0.014577813711764755
X951150	-0.003376443989079279	0.002963030126883343	-0.006629772059849276
X951151	-0.006872383912630028	0.02579103886836676	0.03482515505450903
X951154	-0.00425948010293079	-0.018186454588770277	0.009027892140434951
X951156	-0.005254884247004336	-0.0038513593791885204	0.017809450613904248
X951162	0.006254634232311075	-0.011988091273522423	-0.011552805986519536
X951171	0.007832170454643888	0.0012183884868906785	0.0466080234763485
X951174	-0.003293717928221115	0.02527147357282755	0.04998708461612117
X951242	0.0025246111774124285	0.0002391655630375033	0.016248444410789424
X951273	0.0037471646587567786	-0.007159418632234397	0.01648837228410951
X951284	-0.004669969148190851	-0.01499618948959153	-0.03195271430662352
X951317	-0.00392646785701013	-0.02317382702794424	-0.016506764852233277
X951318	0.013213841963044284	-0.0072866743270732165	-0.006907770126578156
X951322	-0.0029178923891417918	0.011171801937903316	-0.014606527863736502
X951337	0.015105379569593973	0.0175882485453696	0.03422122563300087
X951365	-0.02646238901835343	0.033123770848174645	0.05530164013616311
X951409	0.03700844599048843	0.016268109227740375	-0.0444342653193458
X951429	-0.009420255540834229	0.017024521377711745	0.02847846957548438
X951457	0.03137213699090714	0.004990300156936658	0.013272569889241269
X960001	-0.03485557162108082	0.037695648812099844	0.02580949478775134
X960003	0.0004812180051869043	-0.013720197909940312	0.02660120409656469
X960004	0.0039490331870953525	0.032736468782613576	0.015320710998163038
X960005	-0.0023558690934950026	-0.012850682615455867	0.0029350091258313836
X960009	-0.01830232807835451	-0.04192763056671963	-0.008481703775993943
X960012	0.0022753515689264586	-0.0034911984322046757	-0.0173877514280175
X960016	0.011650617231279383	-0.015268038116626192	-0.039493171033612696
X960018	0.004363726323226244	-0.01852675930320995	0.0015049674151588787
X960019	-0.07256665976843102	0.0790062666758653	-0.06924697966678421
X960020	0.004416646165639289	-0.02414200811544849	-0.015411666148730081
X960021	-0.027211838915213945	-0.001755324292764709	0.03628648422613826
X960022	-0.008189260275970521	-0.005857053083275504	0.008226475138590398
X960023	-0.014440843795473227	0.01785113295385714	-0.02880507231750681
X960025	0.004142170989638705	0.02130599890286129	0.03391155541792549
X960026	-0.0017445939883728252	0.023563487583788865	0.01916693096347041
X960027	0.004172508673960119	-0.0010630418045271966	-0.03660371464585738
X960028	-0.018097962098231293	0.03355972543167766	-0.048028289410657385
X960029	0.003545971701638888	-0.010546755690835699	-0.026451958041942576
X960030	-0.023251959960422813	-0.031848387457436046	-0.024775996114998033
X960033	-0.028788321760113547	0.022881632519805552	-0.0007206536250752193
X960035	0.10081125140713638	0.0007368309396110616	-0.01343700244368227
X960037	0.011171730123381254	-0.01805377810801015	-0.04652138498372668
X960039	-0.012536542129152286	-0.02806787413972619	-0.032141242930290956
X960040	0.029605685942833936	0.003979637069200223	0.024176456400984512
X960044	-0.002615708008319416	-0.0017708069653369414	-0.030798467160124684
X960046	0.03033144895727876	0.05251893292354326	-0.07752203128558129
X960048	0.011977178797214714	-0.0593273297093357	-0.02076690851579494
X960049	0.007623422152933118	0.00956478391196876	0.020988758817488788
X960050	-0.005619988691324605	-0.004484933103336279	-0.043342175699519876
X960051	-0.02236281980643465	-0.014765610861734781	-0.010551882283432897
X960055	-0.006591527279414114	0.024211248061797485	0.033962309491302536
X960058	0.00576595662346897	0.01469749749470757	0.041845384922069066
X960059	-0.007301912056618545	0.023119555841982893	0.010860465170136151
X960061	-0.013848781723476483	0.003583538119550481	0.012172819255484626
X960064	-0.007683294979951095	0.001688799732660851	0.005361949123983547
X960069	-0.01096340004203823	-0.01037530151462259	-0.002969026737276857
X960070	0.004593030109716063	0.010456198984597594	0.038629383709452035
X960071	-0.010928752311642453	-0.002352820441588421	-0.0060234336729490905
X960072	-0.0203293121177315	0.003983181839983885	0.02127713618207631
X960073	-0.0006259358788791574	-0.003568101868492972	-0.026105013766428646
X960074	-0.006906730016478233	0.011748329644604141	-0.0024339394601523155
X960083	-0.004131787815982854	0.008272030599194369	0.025719423645327113
X960086	0.03910928977410358	0.08425668970042592	-0.03133609095994277
X960090	-0.010872408626908858	-0.002254419150759138	0.022847133173554763
X960091	0.011227271983767667	-0.007442963062861483	0.010860514407726259
X960092	-0.01999849316486529	0.014647569620551153	0.020248098225223634
X960093	0.005749962932292808	-0.023090203808139313	-0.007290877819058875
X960096	0.00568709797400147	0.017922904989652266	-0.019313198264077916
X960097	-0.006092447697134622	0.005607684772068472	0.0001976623595823449
X960098	-0.0058465152737940335	0.009123770515198578	0.00360208976705442
X960099	-0.003431865560751816	-0.018855474657943926	-0.0021087533803618376
X960102	-0.005678070209630976	-0.01922202662186594	0.0035025363010763584
X960104	-0.012723947774851429	-0.0009659354449264842	0.027269900167848873
X960106	-0.0023805740947341583	0.01645528769659894	0.023132766292835474
X960108	-0.0061578470053361275	-0.01383952448396377	-0.007682786166937863
X960112	-0.008791989725296767	0.043113140040726784	-0.05812178494963878
X960113	-0.004636461506604532	0.02121701659374889	0.03979115914120891
X960114	0.00793485779955012	0.0218877558012765	0.012392169675207145
X960115	-0.005315630849638531	0.0015851626815724515	-0.03630896865281764
X960118	-0.032370394383140814	0.012496992417753656	0.00876809057187298
X960120	-0.011156324474589531	-0.022424575834901057	-0.05896116160782012
X960122	-0.03229178809929709	-0.009328864741303395	0.023797820796021794
X960125	0.002905569996569076	0.02668350455031401	-0.002744982600781805
X960126	0.019004295688324638	-0.012581802949614543	0.00938211098137161
X960129	0.02189764673104818	-0.006728459381381108	-0.02825478611423852
X960130	0.0025967616437496534	-0.03744748539633774	-0.040026992316566444
X960131	-0.003439585920064564	0.014553792834867983	0.03984796896336803
X960136	-0.015082992518029687	0.008481850240434116	0.020137141087936267
X960137	-0.006109891307782451	-0.026419361494740022	-0.023675714255630878
X960140	-0.0091287846164016	0.017563704177705173	-0.02524627393277735
X960146	-0.05088811103961166	-0.09059919559592022	0.014884880850569862
X960148	0.002556675105612435	0.00869197591870134	-0.030316001314011205
X960149	-0.011617518119904876	-0.003726759204260476	0.005958557382834477
X960152	0.021059092646534775	-0.017190993609835187	-0.020512153811377793
X960153	0.0023855129663117734	-0.025512464242431664	-0.00297754903189585
X960154	0.04123182530102178	0.0009485363793760452	-0.0018109856656889133
X960158	-0.007656013496314013	0.03138924513849398	-0.013932899805122816
X960160	0.020417326511046593	0.00912627337011464	0.01766399607412171
X960162	-0.00012251904750056934	-0.011470346255296943	0.005333695404007681
X960164	-0.001424535807573136	0.0008858076497802172	-0.00040368641229728024
X960165	-0.007280963392249253	0.03267822882281644	-0.03953635317667224
X960169	-0.004542630968121323	-0.004470314610554237	0.010903004866683854
X960171	0.011968230218596729	0.01931167830738787	-0.013877852554697648
X960174	0.018660510557840154	-0.023534470843016537	-0.004928288715896166
X960175	0.001647335638750534	0.0021869651894072745	0.02081955604325479
X960176	0.01754240457681001	0.008264707080384482	-0.013128177779017772
X960177	-0.01455388752160732	0.022494126416117075	0.02433920401786804
X960178	0.009060941845661542	-0.019198781569134286	-0.031198734713991816
X960179	0.0022301385543309744	-0.006592509356218342	-0.024471175696364658
X960180	-0.002909312190384413	-0.033297436684243564	0.021968684964108462
X960181	-0.0073009613087097035	-0.006105360258152473	0.03445555312345347
X960183	0.010882711846665463	0.005291299788259821	-0.02095809169029753
X960184	-0.019051925759636712	-0.017881751749666105	0.0024247952176978224
X960187	-0.010319425206873137	0.008938023088282218	0.04078272524979763
X960189	-0.032547310343956824	-0.07415575255869725	0.0917027758382363
X960193	0.03454833680834095	0.07063555742214028	-0.0019121846797455345
X960194	-0.005790307871865359	0.0635730778732872	-0.01942273861083097
X960197	0.008293347481094187	0.014452383322958109	0.027135945768891855
X960199	0.0010115291014785887	0.002873613563411524	0.009467315500076796
X960203	0.007340498291940023	0.023076316452842055	0.026492977658280605
X960206	-0.046304713536676256	0.09158832851039966	-0.02810766750320357
X960208	-0.04929362600084031	-0.11049153912184885	0.04694314260649652
X960212	-0.0003718681962585838	-0.01599491412701859	-0.027662669882776582
X960214	-0.018523995307722644	-0.032397337581568694	0.021065201301505427
X960216	-0.0032111604204522457	-0.0051852160637565784	-0.02546015869166762
X960219	-0.004863206718214717	0.00207372266399036	-0.0618996713228483
X960220	-0.013729671074808209	0.018976122209575837	-0.038852535513373226
X960221	0.004507899120288729	0.010397209361447403	-0.035825018271583874
X960222	-0.012529561429549158	0.038607125811229756	-0.010352113194031395
X960224	-0.010237135418848005	-0.00473077234086975	0.00862446011446765
X960226	0.0028756204588981883	-0.10639350246164683	0.05973071460536054
X960229	-0.015051620626649038	-0.006360164630856891	0.012618662060603449
X960231	-0.00512639553287046	0.010208979426184478	0.016385535658983014
X960235	0.01927367216607612	-0.025204880005951998	0.0034694760057862365
X960238	0.022033633094049192	0.03221416181221191	-0.0014393494839278547
X960239	-0.025422097000063117	0.02337981961875121	-0.01895877946318292
X960241	-0.017816472487217988	-0.01800519125075386	-0.004349850924664644
X960242	0.1677627444567839	-0.03361192869716022	0.00046773700550243555
X960244	-0.01233608254058333	0.008470177147010562	-0.03266383531692071
X960245	0.02357936959592235	-0.0010106134960173368	0.015028142248775907
X960249	-0.018235656477992468	-0.010310772889998156	0.04689873876555093
X960250	0.004683969337429192	-0.01647089207788546	-0.0008045526315202242
X960252	0.008755716728546501	0.0131867679591705	-0.005380977370466844
X960254	0.00478520867327777	0.028223629835178052	0.016761618559518444
X960255	-0.003914806652833081	0.0070284237126331224	0.058954727026989846
X960263	-0.005172503754860634	-0.005641235357000318	-0.011492989490424897
X960264	-0.013668677797364328	-0.00693797468354796	-0.0339920704658704
X960266	0.00803400221949403	0.013240630487869817	0.004268231147560562
X960267	0.004034666182428706	0.01539829880973218	0.0283529450332195
X960268	0.02878774960414632	-0.01480867406157274	0.002221318515276905
X960274	-0.015019748117803145	-0.0062612927734684515	0.013459914250619265
X960276	-0.010877519682535777	0.00010519530512013529	0.05447054425944286
X960277	-0.02655662204197581	0.01814775622244512	-0.03429711732258483
X960279	0.018813649215322328	-0.01051509372413455	-0.028456503820705536
X960288	-0.0009854313182603716	0.006969158841879717	0.002466428109207093
X960290	0.0015666798387210215	-0.03513533453836343	-0.019234812406702297
X960297	-0.001320024273075671	-0.000684737080192285	0.022616411615997017
X960302	-0.012696852971695077	-0.01285845329438057	0.004458231780110254
X960303	0.006567381694893341	-0.021526280859998616	-0.010633153584393583
X960304	0.020996574171497	0.011208619286110569	0.031977078414889115
X960306	0.05396573037838045	-0.03496142738362037	-0.010678242548424506
X960309	0.024318712300110474	-0.028291522614217635	-0.05779419152476156
X960312	0.030733406381002394	0.006913085222373851	0.005100049701001445
X960315	-0.0069540429544640405	0.005636947009846576	0.041562703290289695
X960318	0.007617816595044913	0.033958716352930705	-0.030853281007266573
X960319	-0.032889613758906186	-0.03451539431419121	0.004629736989837316
X960322	0.0004499266053055466	0.005819271902479462	-0.011953011055658836
X960327	0.0025729242405367865	0.015740107574355112	-0.006368612270659194
X960331	-0.004976477087603513	-0.009159881499191721	-0.03167978284674584
X960336	0.01668767160907351	-0.002041038966955437	0.005608504175065556
X960338	-0.005586394575955676	0.0213583086253883	0.002365988906092369
X960339	0.011540625978732235	0.010357886999389842	0.023537779461789185
X960341	0.006513797792386253	-0.01572200678611308	0.05326009956142704
X960342	0.027810614704973875	0.009366542886583843	0.0442413407585323
X960344	0.029904265925818976	0.03601669336851371	0.03360080390830532
X960347	-0.006939767778507229	0.001540243023654426	0.00380026570632829
X960348	-0.0077720586423227185	-0.023664512416607435	-0.0360143858061368
X960350	-0.012431531189741829	0.003841998574969282	0.0356069004855482
X960351	-0.018366453011970763	-0.013913896160157733	-0.026392830993194477
X960352	0.03336456307792523	0.00856045526273234	0.0014194473747815319
X960353	-0.030636781713813902	0.039464768835234205	0.037414214588383676
X960354	-0.01346470429597073	0.00875077584370937	0.018454122126336982
X960357	-0.012823905509461461	-0.008201434017047602	-0.07331545135635123
X960360	0.06867627469185028	0.05078127184679685	0.021005178161698772
X960362	-0.016858570061832303	-0.02052624309390907	-0.01776920646948307
X960363	-0.02252815265649314	0.04640617148301732	0.01335174749377196
X960365	-0.0038490233074377866	0.007985348329933606	-0.020604113043291752
X960368	-0.00974228263392846	-0.004589834643586798	-0.003622046119243317
X960372	-0.02962355286767865	0.018476796149969728	-0.018936910415920088
X960373	-0.008698634435903935	0.010389340069876437	0.03361476554532983
X960374	0.048977039818830566	0.028375623501744815	-0.01320288941131708
X960376	0.04096733472895236	-0.022558985498297535	-0.003659791667301988
X960377	-0.006284390810990254	0.044592389318710596	0.0386679623441611
X960379	-0.0024634143349787935	-0.002737117453873759	0.023908686326331974
X960381	-0.019985883059138277	0.014788837818629191	0.04983246688142226
X960383	-0.03530287885930403	0.021253113135653354	-0.030680394178632647
X960385	-0.036313669389174956	-0.015388344510375032	0.03305464358857534
X960386	-0.027932593881520265	0.07082586126660859	-0.037093454380385436
X960387	0.01461531912646794	0.016636116864725464	-0.004406993108330465
X960390	0.0025001520338182514	0.010068251822308685	0.03741985648961112
X960394	0.019985133051949364	-0.00648327099398926	0.021942279073392964
X960398	-0.032263632845660487	-0.0013492082794571442	0.010404841034788673
X960401	-0.01252236447971703	-0.033967403356586476	0.029956392795294124
X960403	-0.011331841162061755	0.009326533350462263	0.023830332390935686
X960404	0.009293352384512467	-0.01780331537883594	-0.01835899960563728
X960408	-0.037139373667330375	-0.0031562276878216115	-0.02066428647095123
X960410	-0.011302609392139533	-0.0037343302390114293	0.025897441478396833
X960411	-0.001261350029091012	-0.02494588285664969	-0.06544025265839103
X960412	-0.023574663806821033	-0.007286656493115059	-0.016115686718845952
X960414	0.029231156068706153	-0.01330059488689033	0.00212821178633105
X960419	-0.005477023351013136	0.019025509633359014	0.052619746136375635
X960421	0.07491403360436576	0.05504809424662753	0.0010131099129792064
X960423	-0.015143530702975062	-0.02809465239692153	0.015178807405470878
X960425	-0.005358415825382768	0.002916528950921197	-0.028055621735809964
X960426	-0.008042717066985658	-0.015774923539034095	-0.02061917697064101
X960427	0.021166711193150885	-0.021446041213077652	-0.05282725665625531
X960428	-0.0017347155882718181	-0.025793114572112377	0.028650992992153967
X960430	-0.006643647291560686	0.009358006720354113	0.02029997665274509
X960431	0.006936264498791157	0.00764712110430046	0.029964729378124326
X960434	-0.0041140758602512375	-0.014042887451570797	0.048964165351433754
X960435	0.052414364886136565	0.004288925609233356	-0.019810681962592194
X960439	-0.002650502524563612	-0.020325213878712008	-0.007874132945101826
X960443	-0.015812058330610845	0.06192495035245655	-0.02769893012708125
X960445	-0.009731998331175957	-0.004844903917432244	0.010787784673909551
X960446	0.004230320731565294	-0.00484025604929437	0.008031667645420253
X960447	0.006886920522950324	0.006757689769556223	0.013292727511518897
X960452	0.01403450365634292	0.0023677326083592076	0.03672069410070897
X960463	0.12285750966253067	0.054212138413693066	0.04742633783455873
X960465	0.06965632879706762	-0.027850734951319834	-0.009080769760558055
X960478	0.011596920317411927	0.01368295496321289	0.020967667754976767
X960480	-0.018018768381889264	-0.029829599254897275	-0.0165447271016765
X960481	-0.03688176496825882	0.008047942225996986	0.005591789078066434
X960483	-0.03903858213514002	-0.032858295095224796	0.006257190581637005
X960485	-0.06384177015922612	-0.1385197069348365	-0.016133425857749982
X960490	0.009961675846707955	-0.0006809241833475034	-0.006128803577368134
X960493	-0.011520977425025192	0.03188737332796518	-0.03620489262378999
X960494	0.01566318539255952	-0.10325909680353083	-0.044209900848823744
X960496	-0.00835829351911082	-0.008069345993769543	0.011222193836284372
X960501	0.004445404750833728	0.027247226984929238	0.011954953142747598
X960513	0.010080352779608953	-0.0013095622066993157	0.010953371100265862
X960516	0.004474829558152342	0.015197826130075935	0.0006324970177320743
X960529	-0.018668376500605696	-0.01190392878243793	0.012536244645304454
X960538	-0.012905762499002837	-0.020031229969292436	-0.014040639385711876
X960542	-0.010018013551210342	-0.02331926614363255	-0.021928836127202162
X960544	-0.06188712635134817	0.052745814307309444	-0.03480972758383354
X960550	0.023213213306815476	-5.940803409672552e-05	0.008944496476114132
X960551	-0.00024102337692923965	-0.014044624689246162	-0.013163883609038392
X960553	-0.014375512545094563	-0.016790849465964534	0.0155622820434741
X960557	-0.004906917013370841	0.0007130427117376867	-0.02634448671786243
X960575	0.0577847976210833	0.11587758382142159	-0.03545454683082242
X960577	-0.007067065099608643	0.0017901529527791639	-0.008760574558756857
X960589	-0.014588815252516743	0.04239314531152524	0.015720197100505845
X960591	-0.045748541663871614	0.048382457542918644	-0.03369418943162915
X960592	-0.08545195629626041	0.11432043294562506	-0.013035239374461058
X960596	-0.022255586255075194	-0.006785725096797554	-0.024856931620962287
X960611	-0.02191174874945488	-0.019547160215519742	-0.0027236400281166386
X960612	0.03783565218490429	0.029695287682357397	0.020325426453885236
X960616	-0.004614804268037829	-0.0044023235675078164	0.02723219035450503
X960632	-0.00936847921458262	-0.010114410015332378	0.00931096233306225
X960635	-0.004434997807167935	0.013789072134829902	0.026162901380550194
X960636	-0.0012330393261694602	0.00818530085544495	0.02471105406693483
X960639	-0.0165420692536517	0.02315595374111415	-0.029932854545033152
X960643	-0.0018810300184535344	-0.009611520263124222	0.00039678246940298717
X960651	-0.013647945307371715	0.01891743106372802	-0.011444398277842315
X960658	-0.013371438036295286	0.04405443768933126	-0.028620268447546955
X960659	0.03472596369536772	0.031190646817408588	0.03188982667834331
X960666	-0.012712474974351027	-0.029436437608952554	0.0383790685138275
X960667	-0.009432202238239063	-0.005404981954388006	0.0020740265418981814
X960672	0.019029038729904416	-0.0065406833479427886	-0.016582645433321556
X960673	-0.006814755094143427	0.07840698682324462	-0.014033649845346495
X960683	-0.055366875795442756	-0.011611904062129641	0.00453920335257528
X960684	-0.011934141025948928	-0.004084256940343223	0.00987003790073879
X960692	0.020980976328364497	-0.02317562677117182	0.04241700963899964
X960693	0.0005691739430923048	0.01137081772757621	0.026641236991481493
X960712	0.03848359509681476	-0.10300824273710063	0.07820861623613388
X960719	-0.012071299622340232	-0.029685937882360913	0.008480712921769286
X960720	0.0342820840543203	0.13034687454007113	-0.0548673141436018
X960726	0.09456577031541664	-0.04392524080498315	0.01914423303351591
X960743	0.030032132319445595	0.14276009762008887	-0.04541677678099794
X960748	-0.004386778409073682	-0.028570275692115364	-0.006931712603074929
X960751	-0.018438771454470346	-0.08142427323365466	-0.006388768317939763
X960760	-0.007834328571222763	0.013295743086194831	0.020732705923823855
X960764	-0.0023537839712104757	-0.08464822975458473	0.047860635240647695
X960788	-0.005496605706131355	0.0551514575330297	0.0038442216043607855
X960792	0.0031948917109252354	0.04579883830542281	-0.017467518853460113
X960793	-0.09687744254776304	0.09007283169426442	-0.05722568101039696
X960795	-0.01629213054319676	-0.019229631288506913	0.026537723624676175
X960796	-0.0054420071401325215	-0.01664416335646916	-0.02516473498463846
X960803	-0.0048928039279898415	0.026335298238524433	0.0640924056994514
X960807	0.010760243583036712	0.03519654189534331	0.02971352688830066
X960837	-0.015201570082612697	-0.010099284959411889	-0.02889795901681085
X960841	0.013058145336967928	0.09320976450773426	-0.02999934851177312
X960843	0.0006592278462752539	-0.01608616029750688	0.012178249730183614
X960848	-0.006435618237090259	-0.08693207846866428	0.03563058060819567
X960850	0.03744597198884779	0.004054753124939794	0.008189230250789829
X960851	0.003765037480537738	-0.015433756983316478	0.0002775118675650535
X960857	-0.02215547826983079	8.496993405212873e-05	0.019458359055258775
X960865	-0.01615351397685986	0.024836433581798916	0.0055045526471569186
X960870	0.0021199478350793664	-0.00842182754711287	0.023020377542618133
X960875	-0.025007000864126782	0.03967001036964008	-0.008139108348624352
X960883	-0.008802341771428478	-0.004340639445996576	0.004846017049074669
X960884	-0.019814303668815814	-0.005812529601259293	-0.03645178110851556
X960892	0.009102542931446144	0.012283467611488947	0.026694541174636113
X960894	-0.011092349349813908	-0.012982514449328558	0.01866042682909898
X960910	-0.028040617897787695	-0.025057684955010994	-0.028899416531702773
X960911	-0.02233083128397684	-0.01992100410427948	-0.003181822908618718
X960920	0.019828626017686563	-0.002285877686992208	-0.019896383560237593
X960934	0.09267658179451688	-0.09064692587045768	0.024051012650025173
X960939	1.3013356775893377e-05	0.006636560377189541	0.019668899469250455
X960943	-0.008066105936581924	0.020005525306620447	-0.014638212241855521
X960944	-0.07482883698949311	0.06655283822741857	-0.058288276119088704
X960969	0.03434928792723287	0.008938041878554204	0.015883267772695737
X960972	-0.005260819409445174	0.014884881402055824	0.04601935263320562
X960974	-0.004935485591683836	-0.000895169080979564	-0.017194292423075772
X960981	0.030713313216972828	-0.0007062011175760552	-0.0020096994948443224
X960991	-0.02802973307923669	-0.04646831336361493	0.0225389465371041
X960998	0.005722273433636242	0.00690838015863211	0.020029759792851407
X961012	-0.008954992419189777	0.018048918293529868	-0.06668874928504501
X961035	-0.014434380722633897	-0.010762133666569348	-0.034595394680117325
X961077	-0.003075976759769168	-0.009102305784127476	0.03331192329768827
X961092	0.03582934866659527	0.001468147473401056	-0.04146312449490675
X961096	0.0243443551277648	-0.028001799669791765	-0.015232297722924023
X961105	0.0017435076147275835	-9.624721543141742e-05	0.039072250207024976
X961124	-0.03983542587638905	0.007931258851014013	-0.01829567417237627
X961128	0.017550386248538538	0.009516540958878009	-0.022972756662757624
X961151	-0.02180168726823752	-0.12671177796388822	0.06037443660141693
X961177	0.04973230852609281	0.02635695943768145	0.009350574066463143
X961180	0.05663314298966614	0.06377209542576268	0.001315562043605023
X961193	-0.03793189712109124	0.04694586929817986	-0.02803821662154163
X961214	-0.021179886898368094	-0.00853925295816069	0.04480671361707151
X961221	-0.00923059538511778	0.0032324263083843017	0.029743479481617263
X961226	-0.030701296183490608	0.004524793123240998	-0.015609035034306426
X961240	-0.010624234329762606	-0.013044543552748294	-0.012889760548796479
X961242	0.006282369736857083	-0.009860085766808954	0.0191391760586083
X961243	-0.04324540777844857	-0.2552018632737186	0.03155366659323086
X961246	0.0003705921645877649	-0.014270480731816674	-0.029417243533349156
X961263	0.00028311534387597545	-0.003253420022637449	-0.004692993219161892
X961282	0.003901343447076035	0.0067065485717149025	-0.014027362689085913
X961321	-0.01576512947800165	-0.008157621856675538	-0.03541270905408821
X961325	-0.031115030285957853	-0.13858663605287477	0.058914681783957076
X961339	-0.026917997225013028	0.02746544490178592	-0.026236140344861537
X961365	-0.0063551885746577315	-0.024410009679069183	-0.0007001711011791072
X961417	-0.0013823868710420495	-0.02564129916712421	-0.0405275991174195
X961423	-0.019009222272307863	-0.003286924578742488	0.023311419592037575
X961434	0.030070080208923464	0.002654135188943091	0.01207655792731744
X961485	-0.009688138893963449	0.0007438879144477492	0.0006781412033790388
X961553	0.08646460346555968	-0.003455430072589574	0.02267150470976188
X961577	-0.009300677290150699	0.03173192407215923	0.006488332560598293
X961634	0.002668735336204522	-0.002465441521169221	0.01304153551091173
X961684	-0.0006602445886067104	-0.010019294773760125	-0.011761450466573961
X961686	0.12350955009235678	0.020902654464197853	0.027877564309050643
X961738	-0.034791667860247275	0.003652604868309428	-0.014628401564599963
X961809	-0.023523084744717686	-0.0006499297458292811	0.014864800084426064
X970002	0.006780317094136918	0.008999850692894414	0.022078588170105804
X970003	-0.016909866992230984	-0.021082960613313908	-0.033001286903018866
X970007	-0.0013928621158081048	0.016582543537864293	0.0016421023132345155
X970008	0.0012066526376686073	-0.010712544318375879	-0.0050330578535532295
X970010	-0.009309910049873768	0.0002536571582720302	0.027510768902045794
X970011	0.001281849243512039	0.02875433177057618	0.015248151729375692
X970013	-0.002806968438740824	-0.01743329999616258	-0.005286067734268824
X970015	0.047867708031571594	0.004074852157084391	0.025206476429829504
X970016	0.007347863533353451	-0.014962853994247634	-0.025113818470777895
X970017	-0.03642786535706056	-0.024096134891272797	0.03841030374319458
X970018	0.07809821664266485	-0.031727659643129194	-0.022742832764175606
X970022	0.02077305947988945	0.020778640149799667	0.017340222628422414
X970024	-0.0027317922626263653	-0.007378331698508226	-0.008970484924408153
X970026	0.0025626878707950213	0.012629711552275682	0.030473356570997628
X970027	-0.0005764180447246648	-0.0004846918547093119	-0.02234592063163533
X970029	-0.00020731055685395603	-0.007583931712602028	-0.013420631086052138
X970030	0.010962814747165947	-0.0310677876735113	-0.02239177619377525
X970031	0.0012086080413853506	0.02438758275082726	-0.0023615535213923834
X970032	-0.021441579303374265	0.0394754705749065	-0.00991193839487403
X970033	-0.027143488514677808	-0.1118913738542914	0.04623176768847454
X970034	-0.02053474930811955	-0.0015119501672767733	0.025481375008403775
X970035	0.005613663810048642	-0.041859035272350215	-0.09342539661076088
X970037	-0.008545853438191744	0.0033580971989827005	-0.000246401481461661
X970038	-0.03187299017079094	-0.022619469264572627	0.006093633638956322
X970039	-0.010340604232534217	0.0002470594493829582	0.009636447848469894
X970040	-0.02341961660480141	-0.006697840050800975	0.0223758977618061
X970041	0.004782792526459676	-0.0011462447140674458	0.023566165324918262
X970042	0.02523338571048205	-0.051840042515148045	-0.06029098815386602
X970044	-0.01316982500493441	0.006786289298295676	0.06424579768889148
X970045	0.021672771205291846	-0.04329510807123098	-0.044069431560245224
X970050	-0.010366532667773232	-0.00936457292981127	-0.005078179652090422
X970051	0.02348048777151137	-0.009046432643420694	-0.03217122637174888
X970052	-0.021793566651337287	-0.022059029122152216	-0.02036110011795146
X970055	-0.00466199077510703	0.011266463980063913	0.001823612148731761
X970057	0.006288346866492682	-0.0063670341868595675	-0.011523873620663153
X970065	0.0008874344642861842	0.003280620960393592	0.008523728769503108
X970067	-0.013559840507736903	-0.00937300617144547	0.020817390967167327
X970069	0.012965011188848784	0.01418007959415466	0.03615431114283289
X970071	-0.009397262345396553	0.0001649050168500246	-0.00631278913815152
X970072	0.018327689849962497	-0.009894384645076446	-0.023334741662071754
X970075	-0.029518517898111506	0.029664284370019844	-0.017983961821670565
X970078	-0.004966624048508321	0.01143742503313371	0.01889208773219348
X970079	0.021497131456168325	-0.004926618740191371	0.018675975551501828
X970082	-0.01464024087419781	-0.0084706800553745	-0.005783224595506136
X970084	-0.014086921167790796	-0.015431785434583581	0.028012181779691222
X970085	-0.029934329308945302	0.007366369295037994	0.0034624409338238414
X970086	0.010776600631991328	-0.011790828540709227	0.004244518617936336
X970088	-0.007919508628199868	-0.0019357097847293911	-0.0013363381938987036
X970089	-0.03931986916290134	-0.02006541269644721	-0.017658843860415708
X970091	0.11887230157387059	-0.0282014991863127	-0.045658163550418164
X970092	0.11910617641692511	0.043305358463707186	0.008050665470255894
X970093	-0.00253591203218713	-0.014891194240517845	-0.051551521177763626
X970094	-0.03254903741111771	0.007381046337600724	0.0019800528551042226
X970095	-0.029202550451700334	-0.030546971487539293	0.0209139932813149
X970097	0.0232635414264269	0.016749455928412343	0.0658445033498862
X970099	-0.009692025697314924	0.013750535450424898	-0.007937823094097636
X970100	-0.027429730532301033	-0.016951409177719017	-0.008517323593564774
X970102	0.03477314776138637	-0.01008676665585372	0.01646667119488734
X970106	-0.02299850663639899	-0.007782922739397308	-0.014897110630526057
X970109	0.006144720201397769	-0.01505018295091259	-0.021944467208022116
X970112	-0.022573726386013265	-0.0057841494921930465	0.04871332519030243
X970113	-0.019187959747892728	0.002284048218136563	-0.054352291476224134
X970116	-0.011837378810533096	0.0020960721134022165	0.03684113280592736
X970118	-0.0074595065820047685	-0.0009024696551297319	0.02797261736777285
X970120	-0.011432479548186575	0.022852002046341916	0.02396424234826774
X970121	-0.10284632818696061	0.04925070751837283	-0.05439802893832302
X970124	-0.023068763414732903	0.015653574418312024	-0.002919539510481547
X970125	0.0002663274778250949	0.002629099225766125	0.006997298897833194
X970128	0.0013262200988003942	-0.00794907584108162	0.0006384270221597029
X970129	-0.005246273221569643	0.0020367182523968737	0.02287369801634486
X970130	0.015566119551575651	-0.007586542410425937	-0.02749502707866131
X970131	-0.03422749697480096	0.027716612706028328	0.05710114624267016
X970134	-0.0001490067187287233	-0.00407259631601232	-0.011896849937982642
X970135	0.01692969398494233	0.011818016329941915	-0.05767941917533875
X970140	-0.006026701711934169	0.011901575818135526	-0.0013731130849503027
X970141	-0.015698161742765747	-0.015140296856914317	-0.0194744779986743
X970146	-0.006042294848593773	-0.005399028788781216	0.0014425404833012588
X970152	0.029364904978479385	0.0036891872533858193	-0.04093087958258477
X970154	-0.01518820310307543	-0.017525470282671117	0.010457744604482623
X970156	0.011669283814108056	-0.0008876540340393966	0.015891948444100603
X970157	-0.010956290064556161	0.01785314154598651	0.05780023989377783
X970158	-0.011853752855299637	-0.0034708175341453536	-0.007257889947286605
X970160	-0.004914321808758907	0.004726784964503461	-0.012438189824932
X970161	-0.035866610774563344	-0.020721814235411955	-0.007732722965047851
X970165	-0.002027687238753063	0.012331310337972357	0.03531516785737895
X970166	-0.04059641684645361	0.0008976701826767818	0.03587265204399497
X970168	-0.017214556850701425	-0.011287428529977172	-6.572295612128857e-05
X970177	-0.010610632510755846	-0.015071244141930704	0.00041969305059243753
X970179	0.013302569451342823	0.03402524150434381	0.019253134198558536
X970180	-0.016642975998295804	-0.015021025708344777	-0.037699121427367616
X970181	0.008553908482661356	-0.008858484698038228	-0.03114528613583759
X970185	0.0042584973987411	0.016485361795630704	-0.032152026837596936
X970194	0.0043505405619197555	0.008634915097160637	-0.01195363327259199
X970197	-0.00580904694005173	0.005768898297964573	-0.03938622690815968
X970199	-0.00048324396154457845	0.020347454987412077	0.028217772303779674
X970206	-0.010815015249342762	-0.014076125997719072	0.030913476376133536
X970207	-0.010904671193700418	0.04021178014313126	0.012968755710185778
X970209	-0.002084928060236151	-0.012816158568925458	-0.021380120788295848
X970216	-0.01358089392427572	0.05002633336911785	-0.021699749736945842
X970221	0.016659645499581273	-0.0020411706016948404	0.033020736015884795
X970225	-0.00851309951706273	0.006008182923373673	0.012655261696213185
X970226	-0.032933128671566225	-0.026228161874761943	-0.005427614340809596
X970227	-0.017037697838960295	-0.008401067339239529	-0.013325835502541279
X970228	0.011067413383476879	-0.016286773594050848	-0.013084451133225887
X970232	0.04956381576135128	-0.0450206229743281	-0.019224987937008987
X970236	-0.03760865388003754	-0.05798642525491515	0.01742538293912056
X970237	0.0042113382077994975	-0.0016270829863991353	-0.03696776991303018
X970240	0.08360094723735702	0.04426444657362549	-0.05427805105265732
X970250	0.007371895568683748	0.003819659100144635	0.04246283318225074
X970251	0.00911449353283382	-0.02030635905759953	0.03697117130573039
X970254	0.05216197681977865	-0.011029886127320606	-0.03607574501238517
X970255	-0.022588181067196306	-0.0010455639298176576	0.030009255623629324
X970257	-0.0378312865157179	-0.03140010162047663	-0.0072827647595020755
X970268	-0.004492720072017143	0.016013620731985565	0.010892578291305816
X970269	-0.028324616158525703	0.014978464129334108	-0.043194235609919994
X970271	-0.033653271535943836	-0.09485648407825858	0.0014029355001381047
X970277	-0.02761932769518568	0.007383071851605182	0.010203096892298124
X970283	0.11986350822487223	-0.020251119546356697	0.0011059670856427286
X970288	0.033383123731760514	0.015412650169294195	0.016674893708216888
X970296	0.04729852288143918	-0.00939356619621761	-0.03322374345915983
X970299	-0.010967566771706612	-0.023786273769897205	-0.055296574423345464
X970307	-0.0028323902127427155	-0.004769030312505308	0.007194497765741076
X970312	-0.011498325189930278	0.01340914665823956	0.012973330786884977
X970323	-0.017153165362517694	-0.014496201895795088	0.008122577837110836
X970325	0.012287425072166862	0.027628034449605255	0.03039391287357108
X970327	0.05778931156710859	0.008987507704976276	0.005091033868870199
X970338	-0.026391612937371977	-0.06870714582638196	0.04602392984985801
X970342	0.09681723031033133	-0.020106592633904324	-0.005101681915469449
X970343	0.02867198788953214	0.022773155426189854	0.010200877839151964
X970345	-0.016980150288158004	-0.0040907970515845	-0.007014662391191473
X970346	-0.054021536309588274	0.002901863879952332	-0.03509904463725504
X970349	-0.010641523111200337	0.016862268498262074	0.04134980092540784
X970350	-0.024987481235825334	-0.009933446231152476	-0.004448518025433889
X970358	-0.0047337257596998545	0.01208481393247415	0.020088502450384692
X970359	-0.02790457891096435	-0.0355298572680274	-0.01157911323711233
X970361	-0.030489770120079977	0.009639919217992385	0.008386713261042362
X970366	-0.06942349268148443	-0.1099047755482248	0.0069530314288656445
X970375	-0.009860582624089113	-0.025761732291324824	-0.012487897194134285
X970380	0.028810099861918195	0.07917415747849577	-0.004563677797470121
X970381	0.022724382053237	-0.0036727723370068425	-0.01644953673273341
X970389	-0.007789539751795507	-0.006705343492226216	-0.008564119972717239
X970393	-0.021656721885971474	-0.08160494933504624	0.054029092739596975
X970411	0.008249277614255875	-0.04517325679398317	-0.02342212212003531
X970412	-0.014775111610219131	-0.025902375043597853	0.04519325575656514
X970414	-0.019441509066542875	-0.015250351445402209	0.0019314585315049905
X970425	-0.016520654570593384	-0.01668064064906049	-0.016534259675790378
X970428	-0.00962869465221729	0.027878619313578157	-0.002637702025564333
X970432	-0.011787574633807897	0.0003388584975412512	-0.006791610002804382
X970454	-0.010763326506618263	0.008724374442352793	0.028163258491988485
X970472	-0.01674455346069398	-0.010973635757404976	0.01258613300134002
X970474	-0.002329072750410845	-0.004998809846567073	-0.012146820290356557
X970480	0.006091091996016412	0.005752753619796089	0.04137636750198817
X970482	0.006913465195090101	0.015715756357080182	-0.03236203258163832
X970497	-0.011904879414796603	-0.05018944471675873	-0.029464000512534096
X970502	0.01748893392922557	-0.007282303961809623	0.01767547842839753
X970504	-0.044504800735859947	-0.024463572436733326	0.05152300417227611
X970509	-0.04011494466086455	-0.02375198999781936	0.00989387699407772
X970512	-0.022694184787739262	-0.02511696830376547	-0.0422281514282405
X970515	0.0006200483559715045	0.004447520956994224	-0.014153494352110921
X970517	0.017906374756507477	0.010697348631424347	-0.026938839783820837
X970519	-0.002484501595352596	-0.011288523083658469	-0.01789229798160914
X970522	-0.011979007058148278	-0.031801645146011887	-0.0133888617822383
X970524	0.0021894448730894332	-0.013481086619172116	0.011245090650491472
X970533	-0.0024767636597300613	-0.009426734939043304	-0.024456676768813787
X970536	0.0014998544297474305	0.014178026328498053	0.0024410678952285925
X970538	0.007860548738945176	-0.0010958704853322883	0.015063896724366995
X970543	-0.008618883433646262	0.0009117088528449748	0.02739158336060545
X970544	0.04722441975455879	0.03833847935739163	0.03597749915842464
X970549	-0.023063653463055923	-0.004298222139888976	-0.006593549379863393
X970563	-0.015139186786842666	0.012948961216448876	-0.011906298823005229
X970564	-0.0046895334334953725	0.0025666224858595776	0.035405459869248875
X970573	-0.019697617852439925	-0.04121058444189506	0.013712087749303622
X970577	-0.009313118048556277	-0.009373631943862584	0.0058374974385300435
X970587	-0.006405848005976153	0.01012748941679688	0.022303092860614306
X970599	-0.00984414831641479	0.034238164108510265	-0.027576041516029916
X970614	-0.0031820785798200375	-0.005221533800036997	0.004515921968658365
X970625	-0.0077320542656577305	-9.734201177467072e-05	-0.04428244597285569
X970633	0.0611889291143525	-0.03545921346857308	0.004160209522644556
X970638	-0.006962013062632804	0.01914930108972878	-0.005220653422199239
X970649	-0.015874395391364537	-0.024398620115806357	-0.00032837761957779904
X970659	-0.015198717399555046	0.025481723893873487	0.007256891614902672
X970663	-0.014314879348105186	-0.00291147524551889	0.0013919930228810042
X970664	-0.03755258123413927	-0.04156965328213102	0.016851903303597208
X970677	-0.022684454803460926	-0.006783198286088013	0.005398209179932081
X970680	0.0823158588509927	-0.029778177279093213	0.03521057992347645
X970687	0.00017459716792429895	-0.005179792236504713	0.034906649422358896
X970688	0.0005730779973139534	-0.014116284321169886	0.026212377459874515
X970692	-0.008165707625817871	0.028082385402671165	-0.015586634954754569
X970706	-0.005456083444514353	-0.0491114140729786	-0.008853467118678566
X970707	-0.03812943593600919	0.0365968174369367	-0.0354222837406321
X970717	0.0006570904257236109	-0.01647341230341225	-0.06957856846151667
X970718	-0.0016104985674207915	-0.00036912840194594016	-0.013674895615368804
X970731	-0.01372972027799688	-0.0032502718294602443	0.03584893855805147
X970732	-0.01468822820942595	0.019902253590336913	-0.00739891812469969
X970737	-0.013940910100756196	-0.006689737904181882	0.01588525889405032
X970745	-0.027678153913597053	-0.027317930816633095	-0.043654561883343046
X970784	-0.013850535231240396	-0.026895234360144904	-0.038744157736790484
X970791	0.0034674805324204886	-0.014860224211549573	-0.1011975311912306
X970813	0.013720398436720242	-0.030931400749207423	0.016071246689271027
X970860	-0.0054081962382489055	0.009337633082802927	0.0449892100036224
X970932	-0.023632185751543678	-0.018487814693540217	0.0186210447510995
X970960	-0.021413914515577035	0.013090930429548163	-0.0034021463038019853

Biplot	0	0

Site constraints	0	0
