Eigvals	3
17.787337623904236	14.038287786953282	9.281143013642843

Proportion explained	3
0.527665194062464	0.32867360896763553	0.14366119696990043

Species	5	3
Propionibacteriaceae	-2.0358283324268203	-4.168812307381159	-3.899030319597736
Staphylococcus caprae or capitis	-2.716083149126933	-6.910172719322955	6.74303721138353
Staphylococcus epidermidis	15.2284429425321	3.485516062037238	0.6799363870114328
Staphylococcus hominis	-8.2452031171241	10.540799771418161	1.3037440817645263
Other Staphylococci	-2.231328343854248	-2.9473308067512827	-4.82768736056176

Site	1225	3
X940001	-0.00029206728441282133	-0.002873022780234695	-0.003074550507513478
X940002	-0.01149619462116858	0.0026330515572744505	-0.009402262772890517
X940005	-0.012370498063399476	0.00544388464235176	-0.016941358418188356
X940007	-0.007481961226838721	0.0012603091628780264	-0.0040690156703266965
X940010	0.03817854468073687	-0.005690564043487585	-0.03525177293724125
X940013	-0.0008106726787916851	-0.005181333680581962	-0.0058226195674328345
X940014	-0.0822229200620577	-0.027638784622316056	-0.04962382201221524
X940015	0.01597486496618242	0.00784501348712245	0.0034953296504046777
X940019	-0.04254968262425221	-0.025473799245222473	-0.046238026314811234
X940021	-0.05871138304720285	0.019620889921823405	0.06357383750166505
X940022	0.009894293613654678	0.021926282013783254	0.0024650784375493118
X940024	0.001038293263000658	-0.004826126151455708	-0.0013961597281153914
X940025	-0.010700570821648646	0.005145001784195289	-0.011747178803250402
X940026	0.003734001940737661	0.034587407162273126	-0.007532472650564505
X940027	0.0018816605287771994	0.003951224111689501	-0.009271624748434985
X940028	-0.00923343391591778	-0.00778590391710225	-0.011017236467189969
X940029	0.016085546403432138	-0.018044973341441527	-0.006054831527013949
X940031	-0.007790856413961299	-0.003700723255852903	-0.0070200562718523325
X940032	0.012972131645007953	-0.009699341361393686	0.001752929164633389
X940034	-0.003181715618468797	0.03443877885157832	-0.004860374510445458
X940040	-0.026203254209896755	0.007202094171491979	0.018820072745189258
X940043	-0.009383599699355353	-0.003119705356991159	-0.009728408581829887
X940045	-0.051471888507258576	0.03702462030683439	-0.027566519827744218
X940047	-0.030189838269372063	-0.020290158517166985	0.06088731094504246
X940048	-0.014485657812387118	-0.004799795799220355	-0.002936854587840174
X940049	0.000132046060614439	-0.01063532043640143	-0.006061482423562215
X940050	0.034111307810911276	0.021868445834615467	0.01878037810916052
X940053	-0.002056775651424912	-0.007067762769259479	0.012587069479983646
X940054	-0.04955648392789783	0.016150564978314453	0.02645230443925154
X940055	-0.007521211121252255	0.026718048643651304	-0.06060356079841999
X940056	0.04677412367786589	0.014534766588554128	-0.015647848786286132
X940058	0.0004768036074697924	-0.02694614215008321	-0.02198778892201966
X940059	-8.368256935947018e-05	-0.01772485849857337	-0.0003121714712047482
X940062	0.04482375194994485	-0.005713405571172509	0.012723419228057175
X940069	-2.2977034963823873e-05	-0.013512377160985117	0.014228628375744469
X940071	-0.021665680759270268	-0.0009347887084822896	-0.08450511393078505
X940072	0.01138220888991136	-0.020860679957753835	0.006462586554021335
X940073	-0.03292342596380974	-0.024623431224518443	-0.005626344774985692
X940074	-0.018622247805556175	0.015414621742292687	0.036537222076414626
X940079	-0.058968317843784514	0.022204760627915425	0.07110232168884195
X940080	-0.024975522656476904	0.025010497014158094	0.011931049913958892
X940082	0.06300792042305943	-0.04900444441757818	0.008517831231734796
X940084	0.03664404005366934	-0.005906179754081315	0.0026734896784872805
X940086	-0.008580404155008539	0.0252745091864201	-0.012927434247151938
X940089	0.020127523880535705	0.018466092219732777	0.018789760513045914
X940091	-0.07401853141172761	0.11254479395083435	-0.019957447299764893
X940092	0.043165623366102954	0.00859139044085138	-0.006070747977491964
X940093	-0.002748522326677922	-0.00862019841498886	-0.0036360475518741713
X940094	0.03736262525858168	-0.017358959557583015	-0.11448730188568812
X940097	-0.00542530551220322	0.001313286661135574	-0.0045792662597458995
X940102	-0.0120186764799923	0.0344480942790219	0.02165590477417477
X940104	0.011199090723622431	-0.004521647860221267	-0.0031490329184366973
X940108	0.003729703543755542	-0.007705857945816126	-0.009811492001570861
X940110	0.00926844611786142	-0.008857768563977393	0.012717431320704164
X940112	-0.04315291066766333	-0.03831416944895207	-0.061166362050378884
X940115	0.028281663496686055	-0.031915732423422535	-0.017765283806421533
X940120	-0.02024687311840953	-0.0012247933670847583	-0.007083496940641067
X940121	0.03546418666201722	-0.024973704690585092	0.016487481468710385
X940126	0.0037786062877855006	-0.0010117088865071143	0.018600713784401524
X940127	-0.008171801772863602	-0.028004468612867622	-0.01577131874484917
X940129	-0.030212569762550028	0.01800586737361284	-0.0015642215794926973
X940130	-0.0438582550233958	0.003340012208467227	-0.027765857896808726
X940133	-0.007282945577018601	-0.018547059859820712	-0.008871498663925177
X940136	-0.001653147737930171	0.00968489124145716	0.00010047450832700309
X940143	0.005452879955180592	-0.0038424624711311923	-0.0075623309704520685
X940145	0.007334902172071747	-0.02340726282461307	-0.004359828526048052
X940147	0.04345639687607396	-0.026926643047785248	-0.010708818180856762
X940148	0.016459551874183045	-0.03159146072558664	0.008101433962895387
X940152	0.00846255312909426	0.013078686157081843	0.0015969394707254269
X940154	-0.0058552069370490884	-0.03869470932008601	0.008950035862097161
X940156	0.002106232947859341	-0.008549022491704545	0.03581866453684242
X940158	0.02615098790932824	-0.04931654008089267	0.02461335644925439
X940163	0.005553842133953648	-0.0034020062312899507	0.042006760738330234
X940168	0.0004446968352849438	0.008462501199644175	0.0358919234872134
X940174	-0.07560045813847283	-0.0004274934488973208	-0.0597967120543851
X940176	0.018691571896433938	0.01909076667149504	0.03473220266968224
X940178	0.01760559755273525	-0.030340895693284155	-0.005612702586921715
X940179	-0.013928545709855066	-0.004003594738597015	-0.0033272189191262624
X940182	-0.0135358922393307	-0.019826731626096224	0.011224513723170194
X940184	-0.019655454566525857	-0.051119922793971616	-0.04232600747066815
X940185	-0.021054896557864862	-0.02117369040707846	0.0386768895074368
X940186	0.013720383844961756	-0.0026562900236734286	0.01842021436606522
X940189	0.027480034303138574	0.03434235064627293	-0.0011245124026130467
X940193	0.012556310763759964	-0.015817686652427356	-0.03541114299105737
X940203	0.0707128489372308	-0.0002864547332456764	-0.012526565194219153
X940211	0.0034807819241673868	-0.02086102180302335	-0.0010892497856762255
X940213	0.013059345505616233	0.015335215581469492	0.04236890852268345
X940214	-0.023882766824837892	0.018473439213989556	0.0009920819160021278
X940217	0.009718004517378078	-0.025363936545564233	0.00807789959221987
X940222	-0.03434171994601924	0.05019054327666989	-0.028343671342140563
X940223	-0.014147718205131358	-0.06694784911650557	0.057536289880121445
X940227	-0.019326722806308587	-0.03491347503627011	0.00925847085834655
X940230	0.009168112808873809	0.036711517426258	0.00714682954920694
X940232	0.017757765408478787	-0.02007322193851076	-0.030008797836369474
X940233	-0.00901040222388876	0.04863751691395329	0.002179072671411857
X940237	0.0022094320592438736	-0.01211267607856985	-0.022263140731579308
X940239	-0.10161584428030108	0.1386815034006911	-0.012472718399410316
X940244	-0.02733093836973348	0.012713118370883379	0.015867859751465336
X940248	-0.0029622454488265966	-0.04152731940016866	0.0018181853063814716
X940251	0.001763189007283524	-0.05137341936116418	0.004097836983211098
X940256	-0.022613396832008265	-0.03248906624963326	0.021097877525518224
X940259	0.024160235647741064	-0.0076613590685778695	-0.00180861994824002
X940261	0.0018319242779078156	0.0065551052825977936	-0.021122806991492455
X940264	0.02704835006379805	-0.019922850623190633	0.03907106790757584
X940270	0.022748702874924868	-0.0043250102386965215	0.01659147770466114
X940271	-0.038857666317495335	0.02258013259906652	0.02178367789209253
X940278	0.018184529449379875	-0.007161086815184683	-0.010515246502860526
X940281	-0.04420461288652569	0.029781324705700683	0.005983429732401482
X940284	0.010820205048251279	-0.026177245925825782	0.023329739585993943
X940286	-0.039125578533410386	-0.027095833407806524	-0.0786212318589248
X940287	0.034528618880629615	-0.02245231775926944	-0.014172074549985874
X940288	-0.002766323614746568	-0.019901728812926813	-0.012653278343830345
X940291	0.003739631686854956	-0.006332561742604656	-0.010487381473168488
X940297	0.00791960962719337	-0.01085019612479131	0.007162815778664752
X940301	-0.005848155226973412	-0.007995030883074287	0.007922377216789329
X940302	-0.03555196764284022	0.02410718779942741	0.0037404616333236934
X940303	0.021586292973823768	-0.0069675671073149165	0.014544606948928495
X940305	-0.00373386242958987	-0.0008197055339112927	-0.012516896111983294
X940306	-0.02987780621327675	-0.004749800222282246	0.006883834179534663
X940309	0.015325285817684678	-0.021538671583079937	-0.004258903510758621
X940312	0.002944019120856941	-0.005176356156497178	0.002767114067725499
X940314	0.0005133124716947765	-0.00798122064794449	-0.002860832150773647
X940322	-0.024792072819575888	-0.0022906916470496904	-0.06349271476632343
X940324	-0.01906722637003227	0.004297873112078147	0.02280287993282867
X940325	0.0197617590472649	0.03464937714973008	-0.017853569217154495
X940329	-0.03631612269945661	-0.012312192986994033	0.05217459687074625
X940332	-0.010632325215668226	0.038947917224058395	0.027527418690948015
X940335	-0.016163388726028013	-0.05547098180025085	0.031129188336769895
X940338	0.011384654000186425	-0.04399447943068614	-0.006748948263417722
X940339	0.030061098996335307	-0.002818572665098881	-0.02165866609182206
X940347	0.011473852564342728	-0.014122451284026578	0.009013221519918707
X940349	-0.013609404607336104	0.014612554201229802	0.020515276342456604
X940351	0.003617122723453193	-0.011892775151271856	0.005521314306807513
X940353	-0.012621835632953785	0.07318380903708077	0.006725528705798578
X940354	-0.002652159074118023	0.006761501334265732	0.0005313374737972915
X940355	0.0055202022465114485	-0.02545217451544148	0.024986739455958806
X940364	-0.010429467812397758	0.015556430227567409	0.02853460783363463
X940368	0.02922705721875709	0.015157309870635882	-0.0044501644098997855
X940374	0.03143376899703509	0.04478396835243471	0.010050565092534547
X940375	-0.0010813753634133672	-0.015989662470661564	0.01083980064255379
X940379	-0.006457337630669981	-0.014474998627033563	-0.006299984163530018
X940383	-0.002191951521220202	0.015148155484141319	0.02666226253916376
X940391	-0.01944881300612826	-0.023331502803298005	0.021713187081453804
X940404	-0.022939970237496353	0.06731330449843383	0.024745584405908124
X940411	-0.040136849572094145	0.05348189681691855	-0.009007613151964482
X940413	0.029980268214293945	0.04571284117902571	0.017635663063587215
X940420	0.016856659908783125	-0.02579934929271724	-0.008360553656218054
X940443	0.005337360549140684	0.024153882347269326	0.013286521070904257
X940444	-0.0305773385723342	-0.0005704146241773489	0.038634499817580846
X940445	-0.021474342463841795	0.03405459787193906	0.01801532941982609
X940450	-0.016804050448675556	0.003918627916967135	0.02133794125436424
X940451	-0.09494588216892572	0.006314545668647055	-0.10760175947522603
X940456	-0.002113043695637973	-0.013006865219785946	-0.000683859453809791
X940465	-0.005819981939386355	0.007567818389130887	-0.006281869265386988
X940466	-0.004044186194274942	-0.028747274306430686	0.01145490565200508
X940474	-0.014392735336354101	0.004035216547727619	0.005499570786895416
X940481	0.009459234403868729	0.008359759550580674	0.012712806922505239
X940483	-0.008395321084013328	-0.008140493956421071	-0.009329548492673593
X940484	0.01395844857451682	0.055384065251524825	0.000536808077836568
X940487	-0.035428102137634636	0.020859341777630495	0.01490902494610887
X940488	-0.054650766338502556	0.01569645184479626	0.025294052784764518
X940497	0.02001203737382532	0.009206932579911854	0.025502923042215277
X940498	-0.025253602113647203	0.06359962958476922	0.012717858589458474
X940501	0.04991164916798919	0.004138677483959162	0.024405050166904783
X940506	0.034784194531518244	0.01449569331584412	0.03336725155569888
X940526	-0.02381904827898289	0.01054690096575479	0.008907592558642406
X940529	-0.04292274896549525	-0.06701883319799547	0.11434809908094376
X940532	0.008397691338492583	-0.02276347921308682	-0.02518729381242526
X940534	0.01747474994996076	-0.02225056330441168	-0.030867469253760344
X940535	-0.0188927344839146	0.007381910540931165	-0.023182799831830383
X940540	0.02018859242764377	0.0004029842820988556	0.01997508781248205
X940547	0.00976271839997849	-0.05339822477454583	0.005947351222586959
X940550	0.03756046885483927	0.026486192189630144	-0.0014417673162806525
X940551	-0.007857459563017113	-0.006559119908462133	0.01695945590202136
X940555	0.03515403969862959	-0.047912504827773476	0.010588604876090127
X940558	0.013081589531504378	-0.028989336926141928	0.0038673745850452746
X940560	-0.044644580248788285	-0.02086252673357119	-0.09493431200539293
X940562	-0.026730810427734696	0.016664631050815348	0.046264718734471105
X940570	0.04587015987849016	-0.04400087330045794	-0.016768345438525196
X940571	0.054360437072408785	-0.016568228411540698	0.008511002835925728
X940580	-0.005016344980459291	-0.014272649406363795	0.01731474409452058
X940584	0.021655990431870695	0.016123526962347434	0.030983330740580437
X940589	0.13667950640138213	-0.01483607320029811	-0.010849698044634102
X940598	-0.013248586885917148	0.01570439701089388	0.012785742902610803
X940602	-0.052403952891328556	-0.034603510326664984	0.08729905714505959
X940606	0.026257791197218727	-0.023824446980624976	-0.024914422016174945
X940612	0.022405323733181798	0.06287785910149148	0.033421024017401615
X940623	0.004993463289453446	0.0036956630239286478	-0.0016746934144806318
X940625	0.05271333157847801	0.03592572987225761	-0.017246840482229762
X940641	0.0008277703876667891	-0.015181928878729463	0.0015926254933900119
X940642	0.023516191966761343	0.004320716099931838	-0.0001249419278870115
X940648	-0.011275890209402614	-0.0030439628492909916	-0.02448794898784139
X940649	-0.0076028875442583944	-0.0069491753977991575	-0.007641538073434963
X940652	0.011437608617515905	-0.04254455174098817	-0.005060576290928477
X940662	-0.00283340460600072	-0.007125623826954128	-0.011641699967039783
X940665	0.01779467984261755	0.014115204143090455	0.006981636714502548
X940674	0.00041126180469640706	-0.01340146208540052	-0.001410318641969282
X940689	-0.056994576526251214	-0.09560946589534385	0.06899080108129674
X940690	-0.004969207856155011	-0.008008862535716296	0.02043028992240456
X940692	0.0318677650796525	0.014833883418648382	0.011892593626617846
X940696	0.03849047122288031	-0.03850700691804277	-0.029795487082515074
X940700	0.02600676976490122	-0.009840175405931292	0.03172626844525149
X940714	0.03401469987510999	0.009316041415998049	-0.0006396766424485277
X940721	-0.02426343368569818	-0.04738678356918042	-0.07778520745087719
X940727	0.039650712916929544	-0.009344210064057733	0.01025629270347805
X940748	-0.03705302721015925	0.003214958285365405	-0.011741489620012646
X940756	0.012606459732603197	-0.017474807682662817	-0.03573131403558743
X940761	0.04420613846627296	-0.010257323055622531	-0.01816745659002722
X940763	-0.016919804289524092	-0.00886817527559597	0.0062089082613184235
X940766	0.03190684948302954	-0.051916470678283505	-0.0577291843819786
X940769	-0.04640090696947138	0.06299140525119348	0.03377535195695778
X940775	0.02839121896518128	-0.000298459919154841	-0.000674015899075599
X940778	-0.007489785471518782	-0.026938502839713184	-0.0029791304215999676
X940786	0.014343541092857532	-0.029688608957169814	0.015385145049602872
X940796	0.0034311334028499165	0.012715111576564794	-0.001962031446191757
X940816	-0.006452829594847078	-0.013640598028720977	0.019679131177873246
X940819	-0.001785487562330631	0.03714596117164174	-0.008444423518591797
X940820	-0.001457647898625367	0.008885725745613133	0.0025384245547492535
X940826	0.02137563219162139	0.029699668765193636	-0.06615798952859181
X940827	-0.023582748980090256	-0.05330482317563272	0.013950988496556627
X940833	-0.008113386398018648	-0.01853207261003618	-0.03694033486626785
X940843	-0.006498653366902295	0.022874137625534474	-0.0031268007795867358
X940844	-0.029630672913506687	0.020255470303164342	0.02869492341961956
X940845	-0.016372370918618765	-0.0158638024219828	-0.0037184660902248247
X940847	-0.010284884740037062	0.0073943116110267906	-0.03963366167571991
X940852	0.02676610105604874	-0.010694851631338115	0.0070289712791688375
X940863	0.021563444721621892	-0.020410083491968007	-0.019584557506592055
X940871	0.005559883718612428	0.0419638134940253	-0.038629738218650816
X940875	0.014095882509251721	-0.03209091720311675	-0.02622915512079292
X940882	0.034107215881773977	-0.013409372840863833	0.023176121603723683
X940889	0.025980063005626344	-0.03434354918230941	-0.00014866231983313798
X940892	-0.014782105687877424	0.015385074924905566	-0.014559038435219981
X940895	0.01576581635582169	-0.014603129372409951	-0.015338252523892261
X940907	-0.011203195645065748	0.007106044507265001	-0.03687412040797677
X940912	-0.018427583484968268	0.007298308885538405	-0.0014656932839592557
X940917	0.01630476923791249	0.010271782892267664	-0.010615899611848967
X940925	0.07492016344584429	0.046134933814950804	0.07853268111676708
X940936	0.06341586229648499	0.0631725976241088	-0.0022667172112521374
X940941	0.055762628174852585	-0.029177559799850074	0.01258763743130279
X940946	0.01594603944187282	-0.02247182573494177	0.016472674327972642
X940961	-0.01857102791886979	0.013946441878966579	0.005985737662006172
X940966	-0.0036019179615641617	-0.01642632717398624	0.003705166587902921
X940968	-0.026787891579678893	-0.017141150209964946	-0.003740123336989622
X940984	0.002427402300769173	0.013569277201335305	-0.05212929000832307
X941001	0.029588326516424315	0.018098685822397605	0.03318677660177577
X941014	-0.048837906005275204	-0.057421064860712315	-0.10653979471981756
X941019	-0.010030703617545517	0.025599255550181364	-0.010148313028726279
X941024	0.019175767089543747	-0.042503627981501174	-0.030513060766630573
X941028	-0.010661967373480108	0.04565641961910088	0.00829776143547397
X941037	-0.04136050162175607	-0.07732119709069929	0.07964199685350636
X941043	-0.005436916809224054	-0.047298928070548564	0.02729444987800789
X941046	-0.013401201838962947	-0.02026979871350718	0.0226917005117755
X941049	0.002132459860600196	0.005842964637426699	0.0038343533454002587
X941051	0.028656116231714285	0.013047501380486472	-0.004352077413524754
X941066	0.014158830411953864	-0.00891897680162943	-0.013052329360135412
X941074	0.02841117049075577	-0.029446956020205344	-0.00455036974368789
X941079	-0.01135362995934041	-0.007602062860608102	0.004913907564970586
X941080	-0.04741476042200423	0.07067769642749445	-0.05104352555070487
X941091	0.001150657002727447	-0.04823956059454956	0.05700665210791884
X941095	-0.019967531752939503	0.00339523579739245	0.03511729933921604
X941106	-0.02360522967649683	-0.0122369767435798	-0.003436613817521751
X941118	-0.02671024402980093	0.053332372510464195	0.016077206717820595
X941124	0.051750714886144335	0.006797385416957213	-0.009180948934666245
X941134	-0.001784148906358747	0.02024708810007336	-0.0018145542569535458
X941144	-0.0020872427660599308	-0.029613670458878104	0.017164825239641
X941153	0.008927315257941326	-0.030943386245384487	-0.0021413661959541613
X941154	0.024264581921602087	-0.012393997813091568	-0.008384428822866252
X941192	0.027404316077282644	0.012625197150051136	-0.05823450877190637
X941202	0.019781763091427738	-0.00870351465395199	-0.00912939455705627
X941204	-0.010853893187185748	-0.016439627727943003	0.022169297221096146
X941208	-0.020859810608204993	0.026659879492767453	0.05974718351892119
X941241	0.04820936768532486	-0.04483342237719307	0.08471587207735157
X941250	-0.024686497532721438	0.00577402071627875	0.03639312952569094
X941253	0.0209851164907787	0.0037530041870991134	0.007405885423914278
X941257	0.02192986306263427	0.03711555992927916	-0.0003851004132996261
X941259	-0.01709174081450721	-0.003743748318394571	0.022099044681672418
X941265	0.041641661792011946	-0.01785449695923796	-0.03275968748498448
X941274	-0.03656421100137587	0.07309918261634697	-0.0012222879732906797
X941308	-0.025017554249016354	-0.00022460628094981194	0.017063071496450557
X941315	-0.03887014931591006	0.01255100274263614	-0.04235215145695781
X941320	-0.015932412859534187	0.03683086541553887	0.018407860546508514
X941321	0.0027868323955691646	-0.027480301349057105	0.012998668190998637
X941367	0.028898717162023427	-0.00024732180034481966	0.00784219849939488
X941373	-0.006385384755572182	-0.036969488035513545	-0.027828986372790097
X941384	-0.01140992316487715	-0.06266146024013144	-0.08314718438376165
X941385	-0.017129293143994053	0.009110935871778933	-0.010560279371015037
X941392	-0.08523722995461663	-0.08369030023926459	-0.10430346054745407
X941398	0.04248646771928537	-0.016202065242601985	-0.07176813959870579
X941404	0.005151131166737044	-0.005808008168082712	-0.01682913768381671
X941408	-0.001316282169252001	-0.014143549653222494	0.0246207912005316
X941422	-0.012456743502978146	-0.009454784211726764	0.018811861026671418
X941439	0.007723793409214587	-0.008954574303095342	-0.005822212646123921
X941445	-0.05089935084597117	0.0040154350990938455	0.020688412492373492
X941454	0.018470813845437046	-0.036332115746760374	0.0073529166301732375
X941460	0.06475926823894579	-0.008204454437618965	0.015460911746115576
X941462	-0.041163604653775984	0.017813146868795114	0.02571906457130845
X941464	-0.017375780426200117	0.02046823635935844	0.023221359661339657
X941503	0.02384043000991393	-0.017238363018036888	0.02915514537056254
X941519	-7.459359670664514e-05	-0.004049462574104574	-0.005968666755333525
X941530	0.009480728811200214	0.04697751096807802	0.01557892776634093
X941547	0.002900620463131156	-0.014767558969305348	0.005550137570387431
X941582	-0.011090057705691887	-0.09974582498073097	0.015318004824525994
X941617	0.009405199655759817	-0.04804698008994724	-0.006319164470336954
X941623	0.04271829058114642	0.02879073579229886	0.02509797801116627
X941624	-0.00453336587055022	0.003518837797238291	0.018511590641534962
X941639	0.02147941161244019	0.01814032822853068	0.003502296131666471
X941680	-0.005834483053380626	-0.013677974056614396	-0.022941015256310444
X941684	0.025518510468535514	0.008463581890638667	0.000320340449566199
X941709	0.011515077146955143	-0.013344460097939128	0.012967823523673965
X941714	-0.01678412211234671	-0.03300945605964212	0.06787598364571176
X941715	0.01012302471078787	-0.015743950926637253	-0.013091572872418402
X941738	-0.01507853630339055	0.01623318750316911	-0.002039784005059761
X941759	0.0015473980651812696	0.015035333764190546	0.019128810275620384
X941772	-0.07518985189786351	0.009689365862080197	-0.040887969239605644
X941774	0.005814036803998034	-0.04000999200016996	0.020548471036380717
X941807	-0.007326906153403813	-0.005294256754105777	-0.006849116719623558
X941813	0.05433271641550913	-0.002337994076719905	0.016964929330550486
X941817	-0.003159436403390997	-0.019979498786677943	0.005693184054800762
X941887	-0.014596164515276669	-0.030029611515718105	-0.006993635134969407
X941902	-0.012159849891658497	-0.03402194715152981	-0.026387833415408894
X942011	0.019569428347381186	-0.05976082634247215	-0.02300901063980701
X942026	-0.023392156901025255	0.01164719403659485	-0.025641740356132724
X942039	-0.013281405251436543	0.01879941406638007	0.016756465225081927
X942075	0.011156304643471573	0.025887901520262106	-0.00046504369489593376
X942094	0.002726042642346655	-0.009939037520050337	0.005490378198027356
X942128	-0.009348580366753284	0.0179513169182668	-0.006003324188642854
X942191	0.10518181987702875	0.07019132829694219	-0.03758159913324998
X942237	0.06614418787191369	-0.024359152518380184	0.04187171367387412
X942303	-0.01447682086796792	-0.02102479862070007	0.021867491566472573
X942319	0.058235964290599775	0.06458062825462596	0.020438393694726616
X942359	-0.005612042208988599	-0.0044693251914722995	-0.006515133880408945
X942398	0.012690686867313202	-0.02776590527219495	0.002066978824809985
X942402	-0.04171957255784424	-0.00243118724834618	-0.040454542782039915
X942429	-0.007101430934889216	-0.04029134391274128	-0.029580422716782667
X942467	-0.03100717283006644	0.034213145406741835	0.032297455258147575
X942487	0.04576636565425271	-0.0029806209745335483	-0.009875543763595012
X942489	0.017104541058804427	0.06359993654670766	0.023865100277662886
X942490	-0.01349088272989988	-0.03548952544891587	0.023467978882588714
X942504	-0.01799996122782097	-0.00353299960140582	0.007888988272915037
X950002	-0.0030377609140288075	-0.009949394784953021	-0.005683591546241029
X950003	-0.02573213398368625	0.012353548978447296	-0.006276401336430238
X950005	-0.0034970212126573127	-0.014961719993762251	0.001009368462883156
X950006	0.009610808535434057	-0.019066006802228655	0.002027320863570587
X950007	-0.004494545747502961	-0.013539356407023901	0.0018850075828670157
X950008	-0.009953867309053803	0.009094424606075287	-0.017129640453971612
X950010	-0.010234852420003547	-0.01171158762520227	0.014827596652644402
X950012	0.015751092116131907	-0.014410593124604954	-0.012125520893251545
X950015	-0.016075526603391305	0.019480320390572438	-0.002261945611590329
X950016	-0.0073930735304473015	-0.0021582990211034244	0.01701548110817097
X950017	0.017203248714823673	-0.038780503396330136	-0.005120014490481393
X950018	0.001734752228352636	-0.013301909092782428	0.0038485931032030156
X950020	0.002187400216566749	0.004043930589948181	-0.004406184399349629
X950023	0.11170295481910131	0.05094873339902324	-0.02561575643183835
X950027	-0.002019717721326186	0.003498948512877041	-0.005215803744576479
X950028	0.12894745014826062	0.06366123354418914	-0.045803618632954096
X950032	-0.009472566008292065	0.021767786677519035	0.011901833797192058
X950034	-0.008576076441070054	-0.004757311954908827	0.012482367806997928
X950035	0.012124732344611611	-0.022551739010992753	0.004762587636683916
X950036	-0.02087853281729809	0.0022616770486509788	0.0011285793606300339
X950037	-0.008943725367768862	-0.008703493396686537	-0.007313335517321642
X950040	-0.006510621298029497	0.004023809381931477	-0.01016078405822777
X950041	-0.005776214939148012	-0.00027979631310453233	0.009370281273128903
X950042	-0.03981450254906421	-0.014280546331271298	-0.023709255138536296
X950044	-0.013942238781487787	0.012744272868622675	-0.016760927561002892
X950045	-0.0037709095273150504	-0.012161964993890849	-0.005704804800052846
X950046	0.006551301697118469	-0.005537845563082004	-0.004799770519586854
X950048	-0.013210527192351499	-0.011438756744683575	-0.01033183390154273
X950052	-0.05300442514559901	0.018786160982032826	-0.06664008561051801
X950053	-0.019693213158212743	0.02113012018164953	-0.013987417822288524
X950054	0.0005038847952287258	-0.014529217948772094	0.00299860793598201
X950055	0.006126522902139222	-0.022893146962714068	-0.004557218324536418
X950056	0.11167503507948424	0.05441709341183173	-0.05042426865204521
X950058	-0.011350168610904822	-0.07494457780269	0.03627739565994529
X950061	-0.017266145423846493	0.015937278509292118	-0.013064213979220059
X950065	0.0074896404861441316	-0.02990254533270909	-0.01646721184464235
X950069	0.0014871712833763474	3.4889174589936825e-05	-0.00590032353507454
X950070	0.003816163689423625	-0.023095677744378183	0.010056564853531931
X950071	-0.008427701139953945	0.014406326644036004	-0.017741726718234388
X950073	-0.012924181086222944	-0.00328312665801422	0.009637839196228633
X950074	-0.002079448020440237	0.004074269875493793	0.013472743706075463
X950077	0.0012543352265888255	0.0011203487752052567	-0.00443802790521465
X950078	-0.010667932132448212	0.004237959823447104	-0.011920906204204442
X950079	0.0004860012540474805	-0.013324459260113683	0.0009424647112801808
X950080	-0.016353500627607997	0.013266912259224202	-0.010579923759391704
X950083	0.01724244118364643	0.006625940772194633	0.009731042611741719
X950085	-0.009790557113874769	0.004767983329538958	0.0009087165653538777
X950086	-0.010510665112239847	-0.00019649471593003205	-0.011017809663540698
X950088	-0.01975279445827711	0.023258410183993435	0.011442260189790995
X950089	-0.002646513645946459	-0.014640992026808172	0.013662502939228913
X950091	0.01724075898733793	-0.020415289094274074	-0.012934035003274186
X950094	-0.05317542960762798	-0.0228161384668529	0.038730832955729565
X950095	-0.040871883432528865	0.02455947325355005	0.022453980272611213
X950096	0.007273309684578481	-0.022237134927795756	-0.003773881830111511
X950099	-0.056316023497935325	0.11086346087466592	-0.005043794191609712
X950101	-0.020064451333339988	0.002354397058180426	0.0023601909287836883
X950102	0.021713722360210998	-0.006030610307450244	-0.010870109520765043
X950105	-0.009906823727987901	0.0010934167224960782	-0.00265439769179606
X950110	-0.016232976209516064	0.011438292158541054	-0.007400146792485456
X950112	0.002826868115303896	-0.010487536755542957	0.014986810534786147
X950117	-0.00014459509188859777	-0.006264176368994239	0.008679097144448727
X950119	0.0033916647288944027	-0.004653081370900575	0.015598553555338132
X950121	0.01211405023144858	-0.00697137011923916	-0.007690796054901623
X950123	-0.0345828517353173	0.02094821311649306	0.014101951512866006
X950125	0.006041777516687978	0.0028417573218387352	0.018197088798776184
X950126	0.004332988285324149	-0.004581269651215851	0.0018776545357664862
X950127	-0.04361895455472388	0.029964949030023526	0.027190021323490954
X950130	0.036381928427173374	-0.050973392367012815	0.03246274221925166
X950132	-0.016716937243587058	-0.002639386769458369	0.0119040903208611
X950135	-0.008183031260654524	-0.015212640756262902	-0.006113536301784211
X950136	0.06469892488390169	0.00921315410855942	-0.004866347515848103
X950137	0.013117378571872305	-0.007577970663428124	0.005900833393303432
X950138	0.0025521045162634126	-0.012334137194093433	-0.002564400553222518
X950139	-0.021276100161438632	0.015331606998699376	-0.02194259316733284
X950141	0.00358041836238122	-0.03576702874995371	-0.04106528379404676
X950142	-0.014440686960616903	-0.01266584314380228	0.011726901022547939
X950143	0.01147689150257942	-0.010126952833762255	-0.0017116579602368296
X950145	0.0016330868371113151	0.01738906818963188	-0.0029220045015363695
X950146	0.0017666172421726813	-0.0017024348401282778	0.010897283480255895
X950147	-0.001297571902802972	-0.011219824268734814	0.02535432742694705
X950148	-0.02240100700561492	-0.020057946343370103	0.02081454881072389
X950149	-0.012936492334258627	0.012112609405117752	-0.019450080848572252
X950154	-0.003696272284952945	-0.007372650864713453	-0.006894406253093813
X950155	0.01119226386834544	-0.005056641184329991	0.006232588184528252
X950157	0.15124641049457233	0.05798088797354961	-0.03826182985599094
X950158	-0.0037075551082669258	0.0014390749573928603	0.0011473808492653084
X950162	0.0026028642546401526	-0.01878619960757699	0.009192834470942716
X950164	-0.004714146396895648	-0.009940612483481699	-0.012452174936701926
X950167	-0.03936412272046966	-0.00041353891846207075	-0.020237157499425302
X950169	-0.002262146356589538	-0.0011544599689455842	-0.017103673674799584
X950173	0.08137966892131362	0.04912182912604517	-0.023093761307838117
X950176	-0.010935941142178947	-0.000367152077344976	-0.0067311467517451075
X950179	-0.05548832427631684	0.01736705527914428	-0.035161203042676906
X950182	-0.013757075131410551	0.022059125775759338	0.007228192518059655
X950183	-0.033382666297963624	0.04677449993918976	0.04573172053123977
X950186	-0.0008793213797749612	-0.018445575280163124	-0.0030588375779471433
X950187	-0.006389382273058125	-0.0028903234163987802	-0.0021156354417000687
X950189	-0.020310277357315314	-0.013223110729574243	0.012215897749304743
X950190	0.052441956299916666	0.029523323778828322	0.03520578774555625
X950191	-0.0029008938108081024	0.003886159457961233	-0.005325442877790864
X950192	0.06774435829983094	0.021533277464332912	-0.027996057515873658
X950193	0.07490961315929011	0.04334516710059942	-0.02249628557534743
X950196	0.01800679667558	0.01684093650582192	0.0006079694768479165
X950198	-0.0032627723453122924	-0.0016168013558237437	0.01587682880406565
X950200	-0.013859243743632125	0.0050725087392758115	-0.017683318689119817
X950201	0.011421022748962492	-0.0011638669424677052	-0.003913578882689813
X950202	0.014493063673890744	-0.03187944533384113	-0.017184832145478758
X950209	0.003148043268587091	-0.022253344103245608	-0.006957419422713377
X950212	0.026942674627327044	0.0010266773106239076	0.014782966722445452
X950214	0.003157076203822666	0.0033415357233858123	0.00727268703264587
X950217	-0.011525672476562932	-0.004050472849098633	0.012866345907291007
X950218	-0.0036087785593744864	-0.008320421931841373	0.003100408335582708
X950219	0.0014060824731141472	-0.017100895602526246	-0.01690356560604638
X950220	-0.002297593056228412	-0.011404196642161357	-0.009546021240407675
X950223	-0.005161036726776236	0.023040736267279226	0.009333069157880626
X950225	0.11396141762575183	0.11390094178916908	-0.023518986083161955
X950226	-0.001813706045633724	-0.016088907777511444	0.00251041548946456
X950228	0.1357162723392146	0.021204638382904595	-0.011864831340602334
X950231	0.002926739405330637	-0.02085966558057738	-0.015470313485758362
X950233	0.06029064079029404	0.027805864711539056	0.008335346841034673
X950241	0.0043415305444241305	0.010056042496256424	0.015128761115184092
X950242	0.01761331206285349	-0.006808393972199652	-0.004660025683692758
X950245	-0.02091282016746788	0.000535352050523221	-0.021298137176964296
X950247	0.00015793357455831354	-0.018304329999114716	-0.011322620923892752
X950248	-0.003163792277998203	-0.016620384074542825	0.0022880237733769486
X950249	-0.036086276518235864	0.0453780415452797	0.023674232028147616
X950250	-0.004961824657015307	-0.0026015708104984454	-0.04823393156634481
X950251	-0.00911996589765637	0.006804716874384497	-0.002732353244348683
X950252	0.007143499796835395	0.01052915655164609	-0.01240489806312491
X950254	0.07646051112305986	-0.007444073646632725	0.0036814774854117545
X950256	-0.006557814942005922	-0.028498440878745694	0.00846501796038726
X950259	-0.004298236757829793	0.0071415883767579885	0.014299650951649263
X950260	-0.027058002774552174	0.029556667531005238	0.01582263181267196
X950262	-0.04184596636299726	0.031195823404640596	-0.0384070500958725
X950264	0.010733493404716693	-0.01715743232232243	-0.006753536412532742
X950267	-0.0029304767133862806	-0.0025618056184016865	-0.002879869305852132
X950268	-0.011595294662200346	0.0028353560762614132	0.0008749302900398888
X950270	0.002470873147654799	-0.0029441384201189837	-0.00657047855423442
X950271	0.01499462791768969	-0.022891532498907474	-0.004030291421400993
X950274	-0.020047319571565667	0.024358274048338218	-0.010366217739783046
X950275	0.012721874918319699	0.06308408384433767	-0.003780176884821746
X950279	0.02754575401111974	-0.007375776103551469	-0.02171154922925896
X950280	0.0025123920508658255	0.015270009577080636	0.0037564021232751525
X950281	0.011489908111658842	0.006240415676314525	-0.009739276745399662
X950283	-0.006690197549141687	0.005521898962363564	0.009925043017118962
X950285	-0.012125266344394895	-0.006114580074830888	-0.0066839630507066206
X950287	0.01809431233217109	-0.02025716467619198	0.0049272663191753975
X950288	-0.020377785384592558	0.01956907325339048	-0.005867135536632292
X950296	-0.011482839778668513	-0.010861666406788885	-0.009701380322503362
X950297	-0.017698647380342252	-0.003967374082448118	-0.006576365208488532
X950300	-0.02081318901270427	0.01133648482357221	-0.007603004661543956
X950302	-0.013319357844117268	-0.02602619747093431	-0.02931971232736476
X950304	-0.0027483771803009983	-0.011403279020049355	0.02254475598721669
X950305	-0.0013562803233983097	-0.015163692712807523	0.006335029108191665
X950306	0.00010644781872530078	-0.01251438011956512	-0.006897591873285604
X950313	-0.019380084919874814	0.013945741825846193	0.014209241767572245
X950314	0.007754740714951769	0.039538292436749195	0.0088104956305612
X950316	0.016060369112531038	-0.004240976521402736	0.016964032386792994
X950319	-0.009537490016785995	0.004517227772701326	0.015283091348637737
X950321	0.020495335024855767	0.005212245496370623	-0.009857317941555761
X950322	-0.00441050333619659	-0.04286488642993563	-0.0028016100396238536
X950329	-0.02050640839333127	0.008550007470773538	-0.013299171913134188
X950330	0.004656064360451695	0.002009987906254872	-0.003492395611991127
X950331	-0.013985548801051467	0.008944558642726478	-0.015911201012942414
X950333	0.01997317398556157	0.002395675753896393	0.006842549283336521
X950340	-0.016123429065128835	-0.013461019043622423	-0.002487621120660977
X950343	0.0029162756032883484	-0.011654759056187436	-0.002185465977099478
X950345	0.012139222166853727	0.02247029818988577	-0.00479974573818061
X950348	0.00909038966108731	-0.02103283433542325	0.011771883284725325
X950353	0.012905834588217847	-0.028775598869969662	-0.018265931815345006
X950355	0.01299702376595471	-0.029805944456051593	-0.018137590409462046
X950356	0.033906414402472274	0.013286202885727525	0.020512985977194684
X950358	0.02159972583968064	0.018307202401197733	0.01685177984725139
X950359	-0.0013847006896893026	-0.00564897771874185	-0.007926890241078823
X950360	0.011198325555700335	-0.017132796605378444	-0.004909474884450222
X950361	-0.014584496184163652	0.02219419125447475	0.003932829127397108
X950375	-0.006606176475182785	0.004527422316162215	0.019419526811674838
X950383	-0.012700418379953279	-0.011203067650890682	-0.0047294932739661896
X950389	0.015577365043446527	0.005527832093606364	-0.0050614490418217925
X950390	0.009564361914678871	0.00910690067321888	0.005461498679392822
X950391	-0.011549850931123443	0.002154926439549697	-0.010683036837972629
X950392	-0.0007333990351587318	-0.012996714193449976	0.00112501943807751
X950396	0.1653583909393351	0.08458816750946087	-0.04369792606187907
X950400	-0.013857022083402802	0.018362978165920776	0.007669731148530168
X950402	0.006191884565644788	-0.028016832608078815	-0.01679055128983439
X950406	0.00928495551711991	-0.06462975729874691	0.13634287655965166
X950409	0.0034310642707332927	-0.03712739579265345	0.006960763365670851
X950410	-0.008081263108044962	0.021061380856121054	0.017749093791163403
X950415	-0.02149751621098064	0.11280872185644883	-0.030925577471043766
X950417	-0.008644817477058243	-0.013107565587915626	-0.00485876728544879
X950422	0.012318670200484485	-0.0030134419822580704	0.02240287394956072
X950425	-0.015949391290562626	0.013255752609081345	0.01878293601678118
X950428	-0.027047877789821942	-0.0040683152492893525	0.038961873665213934
X950430	0.0029400184913781074	0.018557536969320807	0.00023877965641442582
X950432	-0.013456738981371485	0.009661892717675516	-0.012511540919214272
X950434	0.007692534118504158	-0.009424080292299594	-0.005600298358726055
X950439	0.00151709689824449	-0.013087703358825973	-0.006809488796670581
X950449	0.026086953416124044	-0.0365443150182285	-0.012712682946818148
X950466	0.009587068668234425	-0.0024782360356777884	0.0020416363739170994
X950474	-0.0005040365698564621	-0.019292717139872802	-0.005912327577110366
X950477	0.01585442848714459	0.03638188222444761	0.027452334352236315
X950478	-0.0025807296204812358	0.006241116053283502	0.005057110372815366
X950483	0.013014339862618489	-0.013811735662886923	0.005361023520644162
X950484	0.03254859709623708	-0.03454434878096424	-0.01455649529344885
X950485	0.06662645400873558	0.06227876953726759	-0.00410880109179101
X950490	0.013722368747004955	-0.0072364574908304145	-0.004974332690550059
X950491	-0.000949399813836707	-0.0010627134314964775	-0.002157678300012471
X950503	0.0014515468585031559	-0.012296658846170523	0.006075119817260096
X950504	0.0016913634597384391	-0.026532521332935186	-0.004347071855481615
X950509	-0.025056766404454412	0.029047330901273934	0.013600185099628709
X950512	0.009544983975483642	-0.003632520677841891	-0.0028448339260450407
X950513	0.016091852232808564	-0.03643220652070977	0.0018127661833371844
X950516	-0.004530591422186911	-0.004257319896455257	-0.007344938055480833
X950517	-0.0056238926987156315	0.01568397285997866	0.009413338734292781
X950521	0.026472033630518175	-0.007027614260972802	-0.017028322419198993
X950525	-0.015045317172259386	0.009317365182213882	-0.0010463304292899953
X950528	-0.0035115488969015554	0.0021421244457976536	-0.006997077781097452
X950535	-0.0037167298758591177	0.029166364567470047	8.710020868736885e-05
X950536	0.0017537523722939122	-0.0310926890743375	0.0024898223943262124
X950545	0.009278189921331793	-0.008068452333553935	-0.0022360929325819343
X950548	0.0006856922050358023	-0.0010735232181156042	-0.014039444310397702
X950550	-0.0027724733203136178	-0.00365816651089159	0.01479710833779418
X950554	-0.0015150165087149513	0.019240377441841837	0.008329233919430516
X950557	-0.0011340231329530636	0.008280986205704187	0.0005364952404323241
X950559	0.0031692732231036027	-0.0025171236105033567	-0.008483030407879727
X950563	-0.008635436919562846	0.020830304189902712	0.0004493857527481757
X950564	0.007943643307714307	0.01992178575407452	0.004223846981519642
X950570	0.01094116411931889	0.0003831254906838998	-0.00633851656107018
X950571	-0.031039022076667068	0.07510371223722002	-0.038750229953972794
X950572	-0.0044194740706961005	-0.008602865787900215	-0.008639840163141533
X950577	-0.007143653565054226	0.007480638962727124	0.014058142360771747
X950579	0.03778495059506688	0.011447804255627582	-0.006009637187947473
X950584	0.08943640677600251	0.0016369195552950093	0.04876460645760147
X950592	-0.0018804071959247603	0.001851339440581483	0.0009119544240100951
X950593	-0.00691458506976188	-0.0026487803547575444	-0.0005177048487579463
X950594	-0.0055728152603268105	0.008830460146731615	0.019536085140086958
X950598	-0.0029926243204571336	0.010295815739244868	0.006643015836316238
X950602	-0.0005207968463283939	-0.01690017002637922	0.008858957850887493
X950606	-0.013306662560014148	0.007547527553370782	0.017500238718512983
X950607	0.01694651158293496	0.014562592662012186	-0.00966649245513895
X950611	-0.020286455609776287	-0.0037896373626127556	-0.0018490888885955878
X950613	-0.014214114600240916	-0.0020277413903528147	0.009954654086752739
X950618	0.0013199348892529645	-0.01507497424051112	-0.02501235105943733
X950632	0.0023653075512875435	-0.02245857996699462	0.0021272627582210224
X950633	-0.030914717886925007	-0.0070996821797276845	0.04830297603885811
X950637	-0.0029577047432413606	-0.0072438376228217355	-0.005891629000104721
X950638	-0.027441608085500977	0.011480370936043451	0.01925951586836898
X950641	0.0024245611580257787	-0.042005274229748354	0.0044888881924492795
X950642	-0.024539491551602968	0.027304788648336634	0.011066594080218806
X950645	0.004550102691416	0.013808980986974594	-0.00021248714316373561
X950649	-0.008141826543542499	0.018429151009388328	-0.006968347127978151
X950653	-0.012131675431626805	-0.005026637400135776	0.0030315904881616693
X950655	0.010999901061153367	-0.012655438001691452	-0.01565398649629523
X950657	0.039130739704606746	0.006401513304914673	0.007230243207960302
X950661	0.08953880527582188	0.04827425268495328	0.06542060776542483
X950662	0.036627929700736084	-0.035570838967281276	0.019090711567688864
X950665	0.004430003772535018	0.009250058573276527	0.0018374015019565742
X950668	-0.013572303329450173	0.02047049012317763	0.021639408951684168
X950675	-0.002419223452042918	0.004032858747499935	-0.0011738529684389965
X950677	-0.008672291185796098	0.026169343498912312	0.00837614669515301
X950680	-0.013938990325686481	0.01560782313666078	-0.02216529354725657
X950687	0.0344133579758461	-0.01643206368317789	-0.020547388617910008
X950693	0.006888278372118034	0.014444022051937672	0.00022959993850394064
X950695	0.013524577200644972	-0.02709819215252596	-0.012889758577444406
X950696	-0.0037298618162468207	-0.0170065970936912	-0.003000380020901825
X950705	0.005347429329765085	0.010413867762213723	0.01403611702896538
X950714	-0.011671500860657946	-0.009337478558439841	0.003211927528543635
X950726	0.0048163332983484726	-0.016589855101333036	-0.011401899167511602
X950728	0.018796121885335828	0.0037268084636269865	0.03636333644899979
X950732	0.008653594026080133	-0.02209898862235841	0.00913442833821858
X950736	0.02593852771445059	-0.025261854539882143	-0.02138404715104818
X950746	0.016589942992649438	-0.011597304195994806	-0.0010860281183249303
X950747	0.009352169308411819	-0.009490197076533093	-0.0015480222768283754
X950752	0.0161336252415501	-0.03136213453017193	-0.024503057363250702
X950757	-0.041701119896412474	0.03736384704812336	0.015706076762048136
X950758	0.004382654174108297	0.004417382911722372	0.0006959790017198265
X950759	0.0029610384784745404	-0.014290289405499803	0.014111357477733408
X950766	0.004096261605227142	0.0022681910919300397	0.0016183030628262676
X950769	-0.031992624520990866	0.014386483596490194	-0.024761928832771084
X950782	-0.01250562848705667	0.009361988420991119	0.010966612584912598
X950784	0.008406754628514838	-0.005577235988698682	-0.003155786911654576
X950789	0.003906345738862237	-0.028187060439137674	0.0008163578490693811
X950796	0.000616900231980178	0.012105029404484005	0.009385780542195415
X950798	-0.012327807383338793	-0.009496575007301966	0.007286467550039491
X950799	0.017195947901113676	0.0009539245362553883	-0.0164308145292969
X950803	-0.006183137607618755	-0.008189007218436656	-0.0025410585355662733
X950804	-0.019661293397433634	0.012232017016029934	0.01062202913166428
X950809	-0.014000171224576155	0.01229730295777336	0.010623777758382885
X950810	-0.014965374582117375	0.010843615025792149	0.020589716163134774
X950813	0.011866967378359582	-0.001659893043077731	0.017409818706577034
X950816	-0.03272591709635683	0.07070823448176904	-0.0007435956640090576
X950827	0.015147190534104486	0.032489215204772826	-0.0031875492534461543
X950838	0.0011113777818511593	0.0073819179444161555	0.0031214455304857886
X950841	-0.016174073313932866	0.011017559745705606	0.008195323623682598
X950845	-0.021660353886717484	0.024376043842530778	0.05560469575022767
X950846	-0.006307615888167562	-0.004851902441251613	0.0035339703977113504
X950851	0.04159230673946913	0.003058582980111446	-0.018702380792926816
X950859	0.008737521723147184	0.00842380687646678	0.0010784838095874588
X950860	0.056784326275294214	-0.011122216007950153	-0.021958748056748734
X950869	0.002476859787884681	0.010882481740207655	-0.005557228580625928
X950873	0.010132749713254546	-0.013065803196695622	0.018609614500045345
X950900	0.023384592220974155	0.020002340114840686	-0.006572716204892146
X950904	-0.014631917976229493	0.007576355031338946	0.021142775329683543
X950906	-0.024327707590804652	0.03897072900183927	0.009224534566188712
X950911	0.006089301352148474	-0.02727803518199709	0.00464223567178705
X950914	-0.017376871287780753	0.009774429183602829	-0.029552871812105672
X950921	-0.02230848166164042	-0.0029417419243130587	0.018959581573587774
X950925	-0.005043534593494627	-0.012631693034169344	-0.007096786990085193
X950926	0.016977756495732715	0.023421768807973923	-0.01716529706666113
X950929	-0.009612018701802142	-0.0014852478541654876	-0.0031955285656295007
X950963	-0.024235831836104168	0.016401257779663846	0.022877063828124676
X950966	0.01883792333876987	-0.02539236695148366	0.01044065581214014
X950968	-0.008353912538853531	0.002955791970985301	0.007856624102094945
X950987	0.017950397247549457	-0.01278335751683512	-0.008663566859396609
X950995	-0.031166481933101044	0.015267225942764398	0.018770145469499865
X950996	-0.0038282814879943244	-0.02271630183746297	-0.006092881403054646
X950999	0.06845387010985261	0.034074463677818315	-0.010691447092800486
X951002	0.00014106800546072117	-0.0015094199122149077	-0.0101746430425849
X951018	-0.0019353321726618912	0.020987506362837943	0.019977229175315928
X951019	-0.019690317421721025	0.008497826270001382	0.031064165742034397
X951027	-0.00255799927270849	0.019854256436941692	0.01212345934245079
X951030	0.005934399928721691	-0.021334287785642784	-0.025308529825527167
X951041	0.011935296629238028	-0.04140874587738761	0.006335456559805599
X951051	-0.01919919473207922	0.021689523851284573	0.0172004941503291
X951054	-0.0009351061088409499	-0.012873385310588781	-0.006543343329174924
X951055	0.0064349864517965726	-0.01520629911190197	-0.0068907799136038155
X951067	-0.005449875641835467	0.00030001608926629456	-0.0009167606909484432
X951071	-0.0038316998925087245	-0.014856088463228357	0.0098219183798698
X951083	-0.012087314926593328	-0.0010471370394481347	-0.001911088427158857
X951085	-0.04829619385816833	0.05435346109784396	0.012940884407937668
X951115	0.000955644053602758	0.003060192484577939	0.003818548595032556
X951141	0.005202427008567889	0.012127607703447047	0.014979951113605222
X951144	0.013819943438456715	0.009419489773032183	-0.012447047713715971
X951150	-0.00991768152795737	-0.007844688145917506	0.017510119125356636
X951151	-0.016017786052709967	0.010103507859119025	-0.008476425420630415
X951154	0.0060132831239585235	-0.014338883820120671	0.020994244444926133
X951156	-0.00028876595897406267	-0.00860780321248153	0.0007065883028163643
X951162	0.014292519233125588	-0.007775681433996141	0.007240641367861225
X951171	0.021789928265568234	-0.024458293054503016	0.010922435097109637
X951174	-0.02356910586664395	0.029696137388223215	0.00676317475674992
X951242	0.00010116181104312131	0.008814639361172891	0.0015988744108457553
X951273	0.0011036329203383414	0.008901457212057724	0.01755525839288912
X951284	0.0029993382954276848	-0.007197289620433892	-0.005795582424889332
X951317	0.00600249866674566	-0.011588233896570705	0.005585935897314488
X951318	0.01380915388817468	0.00629227217528279	-0.00018403962149573564
X951322	0.017583566686538158	-0.03067168141872645	-0.027680696632501268
X951337	0.010028323867246634	0.015633223352184453	-0.0036098988002764244
X951365	-0.02044383205250757	-0.011933242556085775	-0.025566598950019725
X951409	0.02255834423181012	0.02766112298115232	-0.018955569641215787
X951429	-0.012777247315608342	0.007402199747648631	-0.010039165329529429
X951457	0.03803425971537844	-0.006827477732476391	-0.0017488745785366687
X960001	-0.02003426609518919	-0.03320284278734082	-0.029070124059521307
X960003	-0.0016218458748376667	0.003085929678305654	0.02326242640899697
X960004	-0.008889825606351667	0.020645805083651166	-0.026444272361021582
X960005	0.011656579201135811	-0.02028502838040502	0.01312105828673902
X960009	-0.0068405976895654155	-0.01852699711407085	0.038285418235814515
X960012	0.014824762464998077	-0.021662174963536836	-0.0055974094692994
X960016	-0.05892297590159635	0.003546907801474921	-0.04693075883679754
X960018	0.006896383797411467	0.006100365426627354	-0.004153569613189422
X960019	-0.05907439389369865	-0.0005903413781347442	-0.08886437445422579
X960020	0.020697459386868313	0.0005798513088463096	0.014898327754335148
X960021	-0.03241202819003277	0.009832277257408645	0.02172301099497355
X960022	-0.002088666406274329	-0.007875667211435903	0.007035243134790827
X960023	0.0018219901640967816	-0.015445877555544316	-0.041973651011438164
X960025	-0.012863083630316925	0.03322669372963002	0.002947144731836399
X960026	-0.00782174344203565	0.01640704156359467	-0.007241515991447701
X960027	0.004180214266836842	0.008696659908439056	-0.010277012106340787
X960028	-0.02610342018687668	0.026045738312961985	-0.040216133403936996
X960029	0.0047980332452470876	-0.00045690598271569085	0.0023176877008175643
X960030	-0.023485902840543752	0.003377692920578577	0.028786076881181403
X960033	-0.04703806094068047	-0.006181186291162827	-0.029587324703491853
X960035	0.10072728791058046	0.02384711407294953	-0.005019965663206332
X960037	0.009506592756697983	0.021249769169454615	0.004638784551725211
X960039	-0.004097724224268552	-0.006827503230327214	0.008217358644644282
X960040	0.01879230698750714	0.02052390584651471	0.012581964289712727
X960044	0.004747401099690318	-0.010084965662719964	-0.005516618837043368
X960046	0.024025099830276977	0.022242291721072102	-0.07939713580011393
X960048	0.02497176147726101	-0.00684575575629458	0.05115975460215359
X960049	-0.030925338130325476	0.05976489521580945	0.013779645391007138
X960050	-0.006002162072301869	-0.014742071185251624	0.0022379080480863208
X960051	-0.008275391719921248	-0.02033645522171415	0.00564297723748694
X960055	-0.016682204688335787	0.013781054105731329	-0.008469509912000236
X960058	0.007889939004523757	0.002163056897829334	-0.021726757087657273
X960059	-0.035841764116680615	0.025780649784265034	-0.011094121569294837
X960061	-0.04255164940400837	0.01332331769530683	0.019508039770732274
X960064	0.000853831411178189	-0.016146759116726122	-0.007684896644947783
X960069	-0.011343253374659934	-0.005757151170209967	0.009003011410273477
X960070	0.020214361322552547	-0.029331485178772928	-0.0012904292369043597
X960071	-0.002295948660029111	-0.01654158203412043	-0.00226896065607618
X960072	0.0034714872191829857	-0.038569745198309	0.02030504578215353
X960073	-0.0009381480607600822	-0.004864640841770282	-0.005232844028080415
X960074	-0.04735709590488492	0.024765635942328237	-0.014241476894136303
X960083	0.012779872642338819	-0.029549531596806115	-0.0042446856367538335
X960086	0.022815788866654654	0.03473444259654744	-0.09390119065121283
X960090	-0.006544287891223219	-0.004535399490606863	0.024329220794581104
X960091	0.021157595451708474	-0.01053082823943865	0.0013258728635081047
X960092	-0.011300178634005844	-0.03294765468441269	-0.0035074434564499463
X960093	0.01685981999341212	-0.01211346485339606	0.013038432197446832
X960096	-0.020083215081168577	0.042609854229727934	-0.0012530833761736756
X960097	-0.014192078850868602	0.012018644226395469	-0.0020582176390663513
X960098	-0.0026524386788150615	-0.00991581786472116	-0.014526556253593167
X960099	-0.0002371637916648648	0.002729154638830378	0.017060327324797932
X960102	-0.020975728885606823	0.033395360905379964	0.03185112100910561
X960104	-0.03436651216101174	0.037339111484644374	0.02549313508040587
X960106	-0.005879376320448222	2.595915724993022e-05	-0.014233485664583042
X960108	-0.001342399549958893	0.002009076943212967	0.0182849483599154
X960112	-0.02522448840862912	0.04791654326702664	-0.0589426813643357
X960113	-0.02587031013860585	0.03486493286406623	0.013336434840711004
X960114	-0.005800654839695234	0.019741517775624697	-0.01731883454548695
X960115	-0.0027624131676983747	0.005695280120725382	-0.012802987480807212
X960118	-0.004959616232050422	-0.05591938001298097	-0.019220705790261184
X960120	-0.004525245996578762	-0.011298642716065298	-0.0038904496946265544
X960122	-0.030626601082709898	-0.0092895139799668	0.023132272796543916
X960125	-0.011981150683268185	0.011928678047289516	-0.009210581975201812
X960126	0.048536617904005874	-0.05245132603490673	-0.002060442110306659
X960129	0.012032490964196266	0.03152420077745205	0.01330322664603845
X960130	0.023322539209132947	-0.022942725455494434	0.012414950685290327
X960131	-0.0021008786714471856	-0.01274149667534091	-0.0013895097606553958
X960136	-0.046619559485908825	0.05487679110580186	0.01419758580473667
X960137	0.007858213959687173	-0.010646966640181891	0.01265361310411549
X960140	-0.016085851846182577	-0.00634065382828017	-0.003360864373761307
X960146	-0.05257321877797399	-0.026071478139490085	0.0804453272259468
X960148	-0.0020199089887704205	0.01281289025235108	-0.016873938440003882
X960149	0.009634243783858925	-0.03200410955515478	0.0049702737280502675
X960152	0.038597978109059745	-0.020321701825473208	-0.004486792867109047
X960153	-0.019657411289744946	0.042837422449464216	0.04242626030017731
X960154	0.033476697042614016	0.02500891766442578	0.01551465961547843
X960158	-0.050860169705534634	-0.025941931457795893	0.0240338279672296
X960160	0.04360144998739265	-0.02461193961319252	-0.009847715810239669
X960162	0.011904753949771144	-0.01475393383274927	0.009837547859681835
X960164	-0.00036793239551636636	0.0066150023812330885	0.008536449772242074
X960165	-0.019968640627762865	0.019250698925184103	-0.047275059248914265
X960169	0.003505508627503895	-0.010666932771883183	-0.0016712413015680264
X960171	-0.004707603118956501	0.0020363016849272607	0.01769129202809836
X960174	0.026338818256167365	-0.005870155894401116	0.01935721355864328
X960175	0.005236703052142088	-0.005821039700064714	0.003800939729842804
X960176	0.008665055719526587	0.025926339804976873	-0.013448439291363896
X960177	-0.03250492128614224	0.018252036688550733	-0.04270866498961883
X960178	0.018059643921167472	-0.0061853116800577815	-0.001663266760571688
X960179	0.013225671310123525	-0.014576486817591114	-0.006290509522824023
X960180	0.02708578383597334	-0.03814995274563914	0.01644883608223713
X960181	0.020628379141792223	-0.056224634862408064	0.0025416057920206506
X960183	0.009917042377284187	0.009999838873795448	-0.019369851206367316
X960184	-0.012707549751898188	-0.003255342653943692	0.010240637244930633
X960187	0.009392579757107803	-0.0737408220401361	-0.009427107365623074
X960189	-0.014038055613981235	-0.012408599992362296	0.06729778493254014
X960193	-0.06701532654793098	0.11024174350218928	3.929274015889315e-08
X960194	-0.038137098603890286	0.0469438093078905	-0.056372939958645986
X960197	0.006432710232259522	0.0031600597518139416	-0.0040509338527383
X960199	-0.0077346759559713445	0.020031364960582398	-0.005198285541274734
X960203	-0.03322716490346047	0.06783270867106388	0.02117506678293133
X960206	-0.016923351648019096	-0.054153717318773074	-0.08867430457921
X960208	-0.03758148050448773	0.003180693922690489	0.06996186836553918
X960212	0.004145937797594398	0.01524879519879923	0.008190923720419171
X960214	-0.015225765369176249	-0.0012446248854105846	0.03841796105199325
X960216	0.005620508039792653	-0.010110481825979543	-0.003665575714777867
X960219	-0.017328936060525598	-0.0030990555021199392	-0.02207698288639308
X960220	-0.023168538508779257	0.029727587449663567	-0.026091767558258018
X960221	0.005543315219758255	-0.007424023901187831	-0.02865044999352034
X960222	-0.05793904335668512	0.006411018530981523	-0.05567206072702953
X960224	0.005768655711897233	-0.02640249492189086	-0.0004824709485684018
X960226	-0.03468521185147871	-0.07078214060404499	0.08609643152377731
X960229	0.003605556251861957	-0.03170712210532388	0.01095580686615941
X960231	-0.0027402310626487305	-0.008446134779644612	-0.0005183401581020958
X960235	0.030596694733563936	0.008396905999715919	0.011193211624728534
X960238	7.137393137776224e-05	0.042888564485584646	-0.022716818597093656
X960239	-0.03924422401316758	-0.001134007787166442	-0.011881462178294548
X960241	-0.01051901598441934	-0.010013551238392414	0.014928897089656206
X960242	0.11208506091552568	0.16266828246223136	-0.022980070053849888
X960244	-0.011000727304301221	0.0010117192279192567	-0.008623339963841743
X960245	0.008927766793539507	0.03466938248748512	0.014839020581271005
X960249	-0.019767655778882596	0.0024758210562063503	0.01790745160629692
X960250	0.028954362053605708	-0.0339872568143774	0.006530251880467976
X960252	0.019798894419424316	-0.020240029918357348	-0.021886708066141045
X960254	-0.0002657946377674581	0.005813822256336909	-0.028073589973209197
X960255	-0.003994168443756639	-0.008155681235426569	0.01913352758183953
X960263	-0.0017924002907309588	-0.004424701934884037	0.002094750978620112
X960264	-0.007298571584865625	-0.003843626563781617	-0.0048556733277498034
X960266	0.030311453724168356	-0.050610585775469154	-0.023721404388364564
X960267	-0.0005642698903644935	-0.0021796727568202477	-0.016893311842335824
X960268	0.04080073183169668	0.0030927972926798773	0.0035552290449599837
X960274	-0.00888516183704414	-0.009468596017095508	0.01529984010494422
X960276	-0.0351635244162233	0.04051901184001885	0.026331681649910312
X960277	-0.03545621984370354	0.021020858663506656	-0.020689014040495037
X960279	-0.0037890778349296264	-0.0041445761620262705	0.026894561801103684
X960288	0.010520786419513643	-0.021441629656085346	-0.009665882218501788
X960290	0.0027107657342757756	-0.006722459408784165	0.010066929034389225
X960297	-1.0582711410044265e-05	0.0026687538152929155	0.00063725960940974
X960302	-0.014746770987394546	0.007717735345854191	-0.006121022499740406
X960303	0.01610594838228037	0.0005034012039068503	0.023596816292959216
X960304	0.02034624747667232	0.01910878558134076	-0.03685722729441508
X960306	0.05708584511995702	0.013920864771272247	0.03489559769181855
X960309	0.016407473548983954	0.01657221728075453	0.03665735304072136
X960312	0.031476272672097676	-0.019983373231496626	-0.011317266148728685
X960315	-0.005179577151455512	0.004459036197543273	0.020549865105790148
X960318	-0.05334455008093376	0.06587521791433046	-0.02294250246422591
X960319	-0.04048764358033111	0.020900639280001777	0.05403569382718278
X960322	-0.0015867282666101514	0.0005450557376957487	-0.013471924276451107
X960327	-0.01879303649444596	0.034634132809796186	-0.0021306805567576107
X960331	-0.01985803946109495	0.01807032748025097	0.015489538449314834
X960336	-0.03385116296438299	0.032201113002094	-0.02427237099763208
X960338	0.006781701253939206	-0.04842214723230895	-0.022852525709588428
X960339	0.005531753858884371	0.017752397887631808	-0.006087320808368695
X960341	0.027724056793330783	-0.033563445384409585	0.023158799363173707
X960342	0.02796117993226867	0.006052717048009295	-0.008420415595967819
X960344	-0.005422630067475619	0.0626387039935348	-0.0045504931559828396
X960347	0.00706530571451717	-0.0240997719836357	-0.0030196770938941044
X960348	0.014131815303810972	-0.033441771696112274	0.00721327889014735
X960350	-0.0299465719097573	0.026937049945090927	0.01816453931110441
X960351	-0.013437228507039507	4.909380500381969e-05	-0.0010792722935275686
X960352	-0.003396617441726057	0.07301790141547249	0.019265182516261095
X960353	-0.021302036804718677	-0.019906199976025062	-0.01842687130606756
X960354	-0.006046942602721268	-0.005856077326215396	-0.0095528763304021
X960357	-0.02025949629737912	0.028582132247661218	-0.027084952363962595
X960360	0.06342354491039548	0.014776396521012406	-0.03461707701298666
X960362	-0.010474492662631745	-0.00515998654999051	0.017445612422493133
X960363	-0.011453839548711731	-0.02877134716898518	-0.054201805329029004
X960365	-0.012453178797325154	0.02355950748600802	-0.017298424588927865
X960368	-0.008266843371026815	0.0030772354041029783	-0.0010684269543198956
X960372	-0.009723945188639537	-0.03078030472441244	-0.03392122868194277
X960373	-0.010153297127033872	0.0068933583695563435	0.010332607860761671
X960374	0.05039249030646457	0.005563488296660777	-0.033620038535494556
X960376	0.030129704702011262	0.03420056037413924	-0.010760809432661582
X960377	-0.015007685206763672	0.016087228752736382	-0.031929381769280514
X960379	-0.004597377930770979	0.000656294282101427	0.006852481219511461
X960381	-0.010427558947424403	-0.023407287787131786	0.004698925580188617
X960383	-0.011555522944718897	-0.037013617133211975	-0.04458514589652974
X960385	-0.0021410680958317565	-0.03077944319595641	0.018851095407304796
X960386	-0.027060544860133564	0.00810966446294268	-0.06836622639041653
X960387	0.005325287520721486	0.02644512379274294	-0.008915917247402984
X960390	0.020378637773512818	-0.025001996999950125	-0.005037915169119071
X960394	0.001040140509798853	0.032177366690842604	0.014009928151929646
X960398	-0.01776534107050208	-0.044560572458883306	-0.0014847676613000665
X960401	-0.025670314119487087	0.027743671963553266	0.05177778131685522
X960403	-0.00545477574153243	-0.010286654935887051	-0.006367923410275244
X960404	0.01778905583754346	-0.006938793093997733	0.014620397523067645
X960408	-0.04402949314187779	0.03530053389363297	-0.010749687716038498
X960410	-0.04149405253069418	0.05204595681017755	0.03861861163452817
X960411	-0.002550598209870585	0.01915122563033351	-0.01676045137396989
X960412	0.007638983383700497	-0.06155892617729807	-0.012828240905595737
X960414	0.030700278005701822	0.005948658137540019	0.007385586035072351
X960419	-0.003508276358396076	-0.002773181586324829	-0.00360539665646865
X960421	0.018985920897708817	0.10211330840392514	-0.005603084983037381
X960423	-0.00806454008574779	0.0009446210879019791	0.015357846668280238
X960425	0.001054230363620502	0.012923144361317905	-0.006876598093436048
X960426	-0.0021231244513321363	-0.004551488701852601	0.002590395967316124
X960427	0.057878236903444125	-0.06397219733948789	-0.006605177041924463
X960428	0.00995480548920718	-0.010546571723030338	0.01626463157239142
X960430	0.01341269591383652	-0.03314455005186346	-0.005701856142552938
X960431	0.0083358882968796	-0.01307829359496485	0.006067211505623809
X960434	-0.008660899266035112	0.013872839858068758	0.03068078646814887
X960435	0.05891355369051336	-0.019585995790027552	-0.019759102189095212
X960439	0.01388319133352045	-0.0251605668253173	0.014528425243325248
X960443	-0.011461033379022502	0.009667729102118468	-0.08460711163695994
X960445	-0.012154709003903152	0.005920961862229433	0.009819739268570249
X960446	0.004929122055972069	0.0005686369128957598	0.007436643112154431
X960447	-0.029441310219772237	0.06999034297314	0.025380372750562524
X960452	-0.0008496591650669134	0.03491171505048049	0.018494130981547483
X960463	0.0928558881641972	0.06911341260833259	-0.030098114274116225
X960465	0.054095889941000654	0.06981763241427409	0.02146489056974431
X960478	0.011120880573787285	-0.005101932935807633	-0.012666531791547758
X960480	-0.0040633793927649575	-0.020997856090261023	0.01053170273601055
X960481	-0.014074183194291486	-0.064168484129406	-0.02484842386482379
X960483	-0.03231359877479249	-0.004945711631230781	0.03883605219046544
X960485	-0.02909670324555267	-0.0634333125540742	0.12066353739675136
X960490	0.010282876079042125	0.005943026137367428	-0.0002659737920195494
X960493	-0.020675218112431896	0.008764567762690271	-0.03010212314715074
X960494	0.042702206823130084	-0.025893040838375122	0.07950899404015148
X960496	-0.002435721986353295	-0.006042915454162214	0.010740800011430478
X960501	-0.01027354687421446	0.028460462472905814	-0.012403479710346159
X960513	0.020693501897488017	-0.014297099171779647	0.003383592526374184
X960516	0.0027728977519324307	0.00396425523514963	-0.0048336544609018295
X960529	-0.013555562807853975	-0.0029168204541576166	0.019836203568419707
X960538	0.026102331470563563	-0.06669478046726672	-0.011706960206777597
X960542	-0.00291850352994056	0.0389757527425015	-0.0301265984847603
X960544	-0.009176482976919613	-0.014355659223832305	-0.0058289154499001255
X960550	0.029951040066994332	-0.016398036230149043	-0.0008014892807071596
X960551	0.011477719554245081	-0.015203304884229574	0.00411049528436373
X960553	-0.0014298267000503956	-0.011312268799386608	0.004692887024514505
X960557	-0.04074827976085772	-0.0037480609634376223	-0.021401014505845934
X960575	0.036989034957838784	0.05829639364573883	-0.07487219001794607
X960577	-0.0007275223709025065	-0.014905091140617322	-0.006053347138421036
X960589	-0.0058618709205653175	-0.03433953240421985	-0.03996296305056075
X960591	-0.03423983107964819	-0.008955414998253657	0.00016595474243200867
X960592	-0.08220553597351526	-0.04885581928911995	-0.1259092693721516
X960596	-0.05911782143398626	0.010288488936812985	-0.0010771639869210621
X960611	-0.005665618115505718	-0.022711086358069187	0.014561521300675107
X960612	0.03295435612212497	0.007959781365347177	-0.012248933956786
X960616	-0.011960109929407834	0.01557124206399119	0.017580213105333566
X960632	-0.006690688696209116	0.004770955099650746	0.011794280843406115
X960635	-0.005738812104640555	0.0009944614554137307	0.0004572059344324975
X960636	-0.011835603814189565	0.015299663397218725	0.0035033382787594833
X960639	-0.0181315881762623	0.0002918344263968175	-0.027076157440845777
X960643	-0.0014661511047566818	0.0021463342072226836	0.0035612409000058687
X960651	-0.009564897520542629	-0.006854544691147466	-0.010345502160780156
X960658	-0.012420000637148836	-0.008107349339572623	-0.04889740498968246
X960659	-0.01911727599466577	0.09185575114431449	0.019514707533787024
X960666	-0.01460488546469906	0.011048575157356544	0.028918662343430657
X960667	0.003357953082149517	-0.018842382254520965	0.0010301562930541798
X960672	0.019490785856277136	-0.003864946748749433	0.0012755349449672985
X960673	-0.027537921132527364	0.029357326114552062	-0.05793246295588087
X960683	-0.046109109556986036	-0.023632233595147177	0.017453046153766538
X960684	-0.028736428551589265	0.030862699449011374	0.016857357225051137
X960692	-0.026629358989073624	-0.0375287133584061	-0.029626644378280182
X960693	-0.0004419294699151912	0.003505364250824052	-0.00025889566026193555
X960712	0.05058388028064443	-0.002536182049456204	0.09947402550071806
X960719	-0.017676053561594216	0.027528188212887973	0.025692137111201597
X960720	-0.08597784914654216	0.1319087184830063	-0.013340234535179518
X960726	0.08330993040433898	0.06210229166939651	0.04208007395067865
X960743	-0.08115400628205259	0.12128671988235386	-0.05620878293204531
X960748	-0.005075456492164041	0.007504805026178956	0.03541898913576494
X960751	-0.003969937019415688	-0.03628926226730769	0.060179259457931254
X960760	-0.011337914752512359	-0.03443173174401056	-0.024210576327061167
X960764	0.058560444877002814	-0.11121635147655863	0.07361202023887242
X960788	-0.018615273723544868	0.012862691402856608	-0.05395486923669128
X960792	0.007336607687215743	-0.002107555685137586	-0.06577166940074117
X960793	-0.07795425581825559	-0.09214095435941626	-0.09812243536323098
X960795	-0.02908002956836898	0.02682515627806067	0.03408856190350015
X960796	-0.005017992107943079	0.00016764843317182483	-0.010864679630198219
X960803	-0.004086108510817586	-0.0023533945899709796	-0.007156434738248015
X960807	-0.010578863938211419	0.03634994333722987	-0.008390913895239329
X960837	-0.017847615551465464	-0.0001593199110674435	0.009969520852831208
X960841	-0.04056498736495219	0.05467780081086276	-0.057328148975104375
X960843	0.039956628900539186	-0.06520067126412808	0.003892379562597325
X960848	0.014286141710453287	-0.056086157464689416	0.11180627683428561
X960850	0.0096727856239031	0.03482775556149246	-0.08104582041861272
X960851	0.031513021622253064	-0.038761188497878865	0.005523823521986884
X960857	-0.008956022651949029	-0.025620041774683158	0.008442849557051008
X960865	-0.00275365631071165	-0.05634901434383104	-0.05769312863041341
X960870	0.02306047545884689	-0.029546231670652363	-0.0018773409116387833
X960875	0.006327510708259157	-0.06403449330911377	-0.056598232853775826
X960883	-0.01552670975283897	0.019640890627274782	0.008620854292981803
X960884	-0.011162173527375127	-0.002680721923539587	0.0003680039464082594
X960892	0.02028796283358164	-0.02868501642894844	-0.0006262377348065278
X960894	0.00954326854903166	-0.029572536399795814	-0.00013748956582735307
X960910	-0.0160704899941329	-0.016531567220288212	-0.004647529693105986
X960911	0.013330995829316745	-0.0752680772277274	-0.0008693921450848357
X960920	0.008175667720567955	0.02054132650901078	0.01109565028158344
X960934	0.07026525228520077	0.07441970779051638	0.10938446462105436
X960939	0.011246064197504894	-0.016958905737522057	-0.004962735447780228
X960943	-0.03381289432418403	0.03282383218299244	-0.01102701532849589
X960944	-0.02785684547440468	-0.11108315621101039	-0.09923991926597
X960969	0.05243474910842473	-0.021473912351539268	-0.01880397574524534
X960972	0.006531994788831932	-0.018013473656742735	-0.024575911975289445
X960974	0.003085674771467068	-0.00952693399981646	-0.011292029776311044
X960981	0.008873579509629342	0.05220428280313724	0.012757991266576634
X960991	-0.03569038259850521	0.0034967671680865803	0.058151182335135776
X960998	0.021715278250763807	-0.021223215314364482	-0.013971514606313117
X961012	0.003210655299666986	-0.02480753759952821	-0.041023430900399914
X961035	-0.013730007692811028	0.033683778149027746	-0.09426865565795926
X961077	-0.031818523368953924	0.05255669215449196	0.030083866929037837
X961092	0.04582308163185104	-0.003518469156678904	-0.03318884734962696
X961096	0.023801142097077167	0.011059826996699032	0.020378286097777917
X961105	0.00832439026954473	-0.006858176856905687	0.010594684670341333
X961124	-0.02813772736873382	-0.013176037013415907	0.006442616964248636
X961128	0.0071417517267484566	0.011413132933919582	-0.01917828317194469
X961151	-0.0015961927663945886	-0.009528817668589812	0.07347608929931167
X961177	0.04001299498595707	0.035630766352793525	-0.013243333515932768
X961180	-0.00132694810109886	0.10100848395125844	-0.023315308152655704
X961193	-0.05078904081650759	-0.010663433640614364	-0.05998000070563087
X961214	-0.01597124693058087	-0.004183053063528546	0.009953203245080217
X961221	-0.011286351734817292	0.010951476086525538	0.013900196194549632
X961226	-0.020447748310033355	-0.0008034579896382078	-0.037152707391356135
X961240	-0.006925207181308461	0.009809776815105902	-0.03508574070351639
X961242	-0.017473376860449547	0.02656255993247311	-0.0038832575625306347
X961243	0.0007817832408478183	-0.017758072451971182	0.26664883317611104
X961246	0.013762146217704987	-0.024507790928833508	0.0015547378703826727
X961263	0.025965902848472344	-0.03690397874093482	-0.018780782752236477
X961282	-0.0015393924880220972	0.004200570341071465	-0.012239560040910017
X961321	0.00015544944064779258	-0.03016779225706576	-0.00988278367612901
X961325	-0.04295479569860662	0.0019891399957983774	0.17342658764621732
X961339	-0.02489556061014098	0.02131671015129644	-0.06478772049040403
X961365	-0.02203556635336357	0.023866015116741083	0.0387494659899242
X961417	0.03169314163357766	-0.044947948964302535	0.004253452939248055
X961423	-0.03324152088009117	0.01807900931625025	0.024469394017374586
X961434	0.04075063619788643	-0.01625132269806065	0.0005257191113687438
X961485	-0.03378642010681706	-0.008916700077112658	-0.021307369917092842
X961553	0.08258050180059144	0.02474571782562595	0.018617178062804614
X961577	-0.01241504874279151	0.009986286952702917	-0.026347892392114033
X961634	0.00562817096242396	-0.023210392894832725	0.009432721857175825
X961684	0.010285197951984031	-0.011639325389908773	-0.014660161592994209
X961686	0.10869024569391306	0.038376858655625144	0.005874830246707738
X961738	-0.03148545377573538	-0.010994109973513988	-0.014789981733420358
X961809	-0.020924450066210996	-0.019331605696160645	0.0024349157600749476
X970002	0.010566901672122103	-0.009303140297380476	-0.01348445227410458
X970003	0.0002806925223706687	-0.026008616081528168	0.00651067230464014
X970007	0.002968881864318759	-0.0016456277726411	-0.02018756452151319
X970008	0.017919920935767913	-0.025012013246424613	-0.001462017703314936
X970010	-0.0027475105609829522	-0.01649272655645029	0.006140595050791764
X970011	-0.00768874879894918	0.017047820616925752	-0.015799598564623832
X970013	0.005421130888710508	-0.012235609456163823	0.004156595056943166
X970015	0.06532559673581233	-0.04894991531682007	-0.025003092995926113
X970016	0.0058915138643637005	0.011825852468105549	0.01174881850086835
X970017	-0.025056881030760404	-0.015049476479736139	0.04459148694784855
X970018	0.07607468986641215	0.01914539544976736	0.023047085031831133
X970022	-0.011775361655852135	0.05450720604396431	0.0033411369225845766
X970024	0.00016118047633600035	-0.0029941067788831753	0.0016837098064457939
X970026	-0.005319365330443094	0.009893859325694815	0.0019926237950540758
X970027	-0.005827166891442651	0.009866553684058312	-0.009365674627507474
X970029	-0.0018637252204399813	0.01744401063118218	0.0044304998102721775
X970030	0.01404969364220735	0.02514565495494159	-0.008183812871026755
X970031	-0.00999734286380469	3.9375040078671374e-05	-0.005654615672978881
X970032	-0.04522800665206646	-0.06535109811358024	-0.07237835726186535
X970033	-0.007082187060284439	-0.003268611665452652	0.07492176876155458
X970034	-0.025841974783779264	-0.01882402603625705	0.0011651552133862004
X970035	0.01979328969434373	-0.011332161084362559	0.01392324708392491
X970037	-0.0009501609886712316	-0.017371984485721307	-0.006258487949671908
X970038	-0.018182248914114924	-0.01600915527851181	0.020308128603194933
X970039	-0.005322020961491105	-0.011414386262884251	-0.0019908740681727757
X970040	-0.022869294846901953	-0.005773333646544463	0.027399594908985043
X970041	0.0023213073570995885	0.007436079836280401	0.009123381684096977
X970042	0.03450955378446876	-0.0002177862696362614	0.021912746128190493
X970044	-0.006784051499916235	-0.01603984367142196	0.008137561278214927
X970045	-0.051575623064305805	0.0200953217252788	-0.0312509456988594
X970050	-0.00938531590790492	-0.004183006016880157	0.00030197865869519117
X970051	0.008378678328412832	0.03000919716253498	0.009662778877173386
X970052	-0.012164039059601851	-0.014259889730381564	0.009938995100668436
X970055	0.006605905214878097	-0.021268864802457134	-0.010625254110519424
X970057	0.019239692093460086	-0.018403659298726872	0.004933728532957608
X970065	0.006358651822854469	-0.006590354847120172	0.0027756072829435807
X970067	-0.01703365602714909	0.012590236291331543	0.014863635547949191
X970069	-0.03160755048937395	-0.02947347507935157	0.042565051451821
X970071	-0.007009797417175998	-0.0005991973526898461	-0.005421697537201762
X970072	0.016881429304171178	0.006470663481650478	0.005613204360142139
X970075	-0.05647875441861479	0.03136040713967125	-0.028138702371139922
X970078	-0.006535943615403522	0.005436693006393253	-0.011075280095198222
X970079	0.012009347403558374	0.021063274266510088	0.019368305827487473
X970082	-0.0243555878300204	0.017542301636837326	0.006214378007834957
X970084	-0.0022278644484049646	-0.028616904515932753	0.02151677432850853
X970085	-0.01544375413932992	-0.020292673566238227	0.0015259625193152584
X970086	0.005274645571905832	0.021426520243855784	0.004418588874247949
X970088	-0.003881645831447621	-0.0038673179018907044	-0.007714556028447884
X970089	-0.021309616288476507	-0.015296712212480175	-0.004959456833724148
X970091	0.11341137205612818	0.05655486098782455	-0.0053578853519795355
X970092	0.10874684039130253	0.0354251708237945	-0.047526788926679074
X970093	0.003540892614767752	-0.003195401168381742	-0.0033125230395762775
X970094	-0.030958715897318453	-0.02767098133547341	-0.003718878824393287
X970095	-0.014714953119517659	-0.012400763059420759	0.018768805496827384
X970097	0.02535800181391597	-0.006232182655740934	-0.0010780330367186428
X970099	-0.012812597772657293	0.004419549474395522	-0.012895147819003555
X970100	-0.04780379008722152	-0.014263942867721263	0.04434817933515494
X970102	0.03757385288968068	0.06657943112429626	0.005214594163643516
X970106	-0.021345330787058563	-0.005532976451267438	0.0027566505514358295
X970109	0.017375650797162114	-0.013900508786039652	0.0007966584046089689
X970112	-0.030067598119719798	0.00621979172669603	0.029685380524759285
X970113	0.01653450533345885	-0.035679610013769944	-0.042947819718755116
X970116	-0.0099052755975999	-0.004223324536500756	0.012543347618430007
X970118	-0.0018045832892120948	-0.006591240987028645	0.006223186488775865
X970120	-0.021889631005627696	0.03211974337502493	-0.01331007864488384
X970121	-0.05157922250387008	-0.06987367974058173	-0.0834372072841825
X970124	-0.0070695279424380164	-0.02772967917054656	-0.02584671612173405
X970125	-0.0018911062093535766	-0.0004610546768574454	-0.001995179919337818
X970128	0.00293488870435914	0.02146241615749313	-0.006076444235385158
X970129	-0.013956817330880982	0.013011184633394858	0.006186705330361452
X970130	0.00024239756261390584	0.03260114253409305	0.005295261956402791
X970131	-0.0009422965233093117	-0.044695420671597395	-0.03043080170902841
X970134	0.0027067352731443743	-0.006661229659846422	-0.0029637174548512186
X970135	-0.00325748049498016	0.03886968290950696	-0.01724529245055636
X970140	-0.0018157086422159268	-0.008579590165096651	-0.014197295773044865
X970141	0.009098206619151767	-0.027600795867372387	-0.012098072500505215
X970146	0.007611637108864576	-0.014524583777514713	0.0033340065099742707
X970152	0.03728561964973609	-0.001503291888350122	-0.015606166112768348
X970154	-0.02104907790392744	0.01988914000009395	0.03199999875800615
X970156	0.0070055483387357525	0.01445268799090391	0.003090135271621747
X970157	-0.017410498332598702	0.008706744887270858	-0.0014013033839754012
X970158	0.00202698458130978	-0.012472447855192331	-0.02275816712108768
X970160	-0.00180432406094067	0.001223351885134702	-0.010406121889923521
X970161	-0.024126137097783554	-0.009938927194531414	0.019991320029303747
X970165	0.0005077435736686566	-0.0022893621965342794	-0.003991300067847683
X970166	-0.03866053702875643	-0.019950095626221857	0.02160391606338644
X970168	0.0008525145991587205	-0.023817269012282077	0.013762102104974238
X970177	-0.028308894853785106	0.02560526251465093	0.024155444366102116
X970179	-0.037185007605701904	0.0745009328640782	0.0005682742841557089
X970180	-0.0009652228840119769	-0.028947543895304174	-0.00827502819479887
X970181	0.00019429252843369867	0.0201414830315226	0.00564513275939848
X970185	0.0028905845819333694	-0.006993002785369036	-0.04049271411005422
X970194	0.00782929605864666	0.004031213449869864	-0.0192527252579791
X970197	0.0028030331473129673	-0.012173784760339293	-0.023441235724526437
X970199	0.0028902711613728814	-0.011218572589040451	-0.013513230223871072
X970206	-0.03495343628170557	0.01882898186175302	0.03302532519667396
X970207	0.009505064047515865	-0.03541728772697295	-0.0463154998562279
X970209	-0.003239814359243822	0.003690083449887686	0.007213495335548573
X970216	-0.016559187009967846	0.0057509384874852255	-0.06079954867989239
X970221	0.019816049969161958	-0.002871221676333434	0.009614262628105396
X970225	-0.0030974904406037393	-0.009740929009400719	-0.0025426085638208767
X970226	-0.016821015566770507	-0.014589463477569517	0.03319132047459351
X970227	-0.0361462487890924	0.03390486924516536	0.012133162085690428
X970228	0.019573514275758902	-0.009617390795656343	0.002272965033738077
X970232	0.06164145077725676	-0.0032876845454797507	0.019750452048472467
X970236	-0.038845054569006755	0.004605612712475072	0.022883120593332668
X970237	-0.0016745522059870602	-0.0023569128293613	-0.01262179056466043
X970240	0.07380995951262528	-0.00640923696029282	-0.13274602252633555
X970250	0.0010954616096554202	0.011090200997261516	0.013560927578053859
X970251	0.022269911720681282	0.010786013620069373	0.009330750569752815
X970254	0.04422963169420152	0.056969844625176964	-0.07495832603200184
X970255	-0.0010605539218909966	-0.0298821795039714	0.010091742419735884
X970257	-0.006488016140454538	-0.04237196027452668	0.01128970942398043
X970268	0.00427443389225739	-0.012310783712523928	-0.021024810065522082
X970269	-0.010496755066052181	-0.03661343908537783	-0.03301187598136905
X970271	-0.026230780875895972	-0.0018817802666720859	0.07026583260836092
X970277	-0.017498524795161615	-0.028677669535992174	-0.00011040678823020047
X970283	0.0930614475818425	0.09134491113071519	0.01746245795077263
X970288	0.019050791370463237	0.02805617755120661	0.002283227637598893
X970296	0.05909740202177761	0.019005692837558354	0.011080133370731342
X970299	-0.015483817885407418	0.005589719029577154	0.0117529287237241
X970307	-0.010071035891573939	0.01283203231842455	0.012976271289151211
X970312	-0.013388695230094552	0.003751564500196727	-0.016165654632654517
X970323	-0.017409142907060127	0.004841489244971244	0.019224901495139477
X970325	-0.009455550713322948	0.03141077570263732	-0.01109977803022759
X970327	0.07437685412255066	-0.00985151816065748	0.014682121635036183
X970338	-0.015812890854304734	0.014281563868986113	0.057192844110014476
X970342	0.10337871464356385	-0.0039371592576578135	0.019595406025611873
X970343	0.004202197199535198	0.05890745466618375	-0.0009106789258471894
X970345	-0.018305320513357516	0.0065764681419488305	0.00013830263515032893
X970346	-0.041210608326431954	-0.005354131965397242	-0.03360944898824073
X970349	0.0010490158787007742	-0.027995197892075833	-0.009290319830179267
X970350	-0.012115666559083822	-0.018347552844461552	0.021312384867194237
X970358	-0.005835803787424673	0.004628970567412975	0.0032041138898551524
X970359	-0.005965534833958896	-0.022112263331271385	0.01449330401977106
X970361	-0.015971062645010265	-0.024320864165157774	-0.009155698589658794
X970366	-0.03879105960976295	-0.0438250292402173	0.09406391940995673
X970375	-0.004663223897353918	-0.01771144718056804	0.010233378207423807
X970380	0.017004177673560956	0.027196399414316612	-0.0630267345468777
X970381	0.017314832844554085	0.0146304559317616	-0.005646029734301869
X970389	-0.06705480695211492	0.007902152649793411	0.012235541583794592
X970393	0.00032409823000689714	0.008368591677524734	0.03622897493266594
X970411	0.018703839939719243	0.01000578134082515	0.014810824853984796
X970412	0.010862774431739698	-0.041380310357850954	0.019620679452037198
X970414	-0.012549021112362757	-0.014623560990862216	0.01010827881708358
X970425	-0.008648967035130314	-0.005874786674084318	0.002124595662935612
X970428	-0.03611847163109461	0.041507709272931695	0.021756490781613725
X970432	-0.019974892207239033	-0.013743428729542949	-0.0007091101542100914
X970454	-0.012225889580743093	-0.003380639369049634	0.0006697611619705607
X970472	-0.008165216887574154	-0.012751694973098878	0.006388593556567416
X970474	0.01803644479145401	-0.03271836922168443	-0.017271710631311405
X970480	0.008325955415023453	-0.007358164315240688	0.006052675427433377
X970482	-0.003795218479881666	0.011449416445031939	-0.029097344810775642
X970497	-0.026152794389051975	-0.005036315615874716	0.03763877653595819
X970502	0.004575488916566613	0.03432498651092608	0.02220137829547414
X970504	-0.021066958339001532	-0.04137424266492712	0.03724015246026244
X970509	-0.02481954392354853	-0.014079599115511736	0.0207587265166861
X970512	-0.012035152150124606	-0.013331291106532948	0.006747489928906991
X970515	-0.005397833632185266	0.005974964409899222	-0.005513735764652226
X970517	-0.015637894660330366	0.0482919750748418	0.004660828710382962
X970519	-0.01414758818263905	0.023031212877037813	0.019707922683354077
X970522	-0.01041572804904869	0.005316929906326492	0.024279761521485047
X970524	0.0014922428639217433	0.0019959074999683734	0.01949098205982322
X970533	0.0014712448665398833	-0.005523308649818971	-0.0017840898113252418
X970536	0.007526868472096472	-0.01187537293697293	-0.01757734210324845
X970538	0.0019024586703820438	0.01187528136807638	0.014634935046458145
X970543	-0.005435231346174936	-0.003321693577930835	-0.007095971477377035
X970544	0.026969777057421734	0.028546616238473276	0.003976862468282582
X970549	-0.000604498560090639	-0.02141820546952887	0.0016692898115827544
X970563	-0.021380849462266604	-0.006819752768310531	-0.019635927146035077
X970564	-0.00021723480051713027	-0.0006633300178767029	0.008097089813481005
X970573	-0.02751566461251149	0.02418175055415851	0.0411605492182947
X970577	-0.03153894614049613	0.03526753483582188	0.03093409861537271
X970587	-0.0038273189246892637	-0.005464633141162623	-0.0059539051702462474
X970599	0.012171466282123209	-0.046619642217717236	-0.0452253658604395
X970614	0.006088428330656996	-0.017609451468962502	-0.001372957810919458
X970625	-0.03531759034230946	0.012171338155902678	-0.02072948215542008
X970633	0.06101808037675175	0.038506072225472456	0.010826886668619754
X970638	-0.003369084383629987	-0.011094403170718095	-0.03003090286889845
X970649	0.005261252452617262	0.005682931095675441	-0.013890822090398859
X970659	-0.0010213745558126464	-0.02145870903216985	-0.023306163256529025
X970663	-0.019626217933161143	0.011943187852636192	0.007945065925840251
X970664	-0.008276630103574116	-0.011270417631643919	-0.002601291425706891
X970677	-0.00938344641512896	-0.030019281061489444	-0.004749216550954059
X970680	0.08970395901848051	0.02018523563880242	0.025284988406234617
X970687	0.02117579335842408	-0.03628397335700043	0.01095105945542764
X970688	-0.01933898714497176	0.010156890232745427	-0.012923258394039393
X970692	-0.003762985085593105	-0.017275813710721018	-0.0386728841477018
X970706	0.029498949209858776	0.007819105960433576	-0.029372175641114644
X970707	-0.044739112873277254	-0.010817698828074493	-0.05116000187144672
X970717	0.020509956454208535	-0.026515874217094604	-0.016506285828534892
X970718	-0.00545938338502214	0.014193177854264407	0.0031520641291224987
X970731	-0.0214026886792079	0.008715189203277147	0.013140892576351296
X970732	-0.011389184269434909	-0.006028158668276942	-0.023680188723959147
X970737	-0.015783683422545883	0.005579460585635221	0.01771847313517091
X970745	-0.013175608553228418	-0.018707738864833456	-0.012205074947242439
X970784	-0.015157181757763339	0.012428647318551237	0.015631107959715677
X970791	0.017273020989427026	-0.012257746489297857	-0.027623960862790207
X970813	0.011760866720520924	0.006943605154432981	0.036618846358418826
X970860	-0.017037947539086724	0.012917170772357916	0.006718143114933069
X970932	-0.033488895877533655	0.012262183559329284	0.03479459601526778
X970960	-0.052220990661205495	0.015859855009368914	-0.012888562507187432

Biplot	0	0

Site constraints	0	0
