Eigvals	3
17.58537476109064	9.089194929949281	3.5984526890040285

Proportion explained	3
0.7639315686384243	0.20408074748000138	0.031987683881574205

Species	5	3
Propionibacteriaceae	-5.076159830504153	3.291833178581505	-1.1724068496508484
Staphylococcus caprae or capitis	-6.335456782680091	-7.423055224049789	0.19798558467061933
Staphylococcus epidermidis	15.317382516071989	-1.3113917946948064	-0.3578807838906883
Staphylococcus hominis	-1.214545823085595	2.9903596973880178	2.9595690643884525
Other Staphylococci	-2.6912200798021404	2.4522541427750637	-1.6272670155175435

Site	1225	3
X940001	-0.000827954095559096	0.002357726430453904	-0.01965617034985211
X940002	-0.008942210201678987	0.016011026615922536	0.027333484141568946
X940005	-0.009400779038622591	0.012677340858030324	-0.006727797025539021
X940007	-0.007351355269950239	0.01506796627621845	0.04516328219663694
X940010	0.028517143916866647	0.033695463948571605	0.044561298946144585
X940013	-0.004128241629845833	0.006242168969197817	-0.01047902568594796
X940014	-0.0869448766352653	0.031320681674615505	0.04673329792629378
X940015	0.017694402437293442	0.0029389290467529724	-0.010012690978562295
X940019	-0.04736886669531921	0.03687475807979448	-0.024292293856581063
X940021	-0.025766471259839798	-0.05788946091987047	0.06951350165704809
X940022	0.020952477854743187	0.004261297479693338	-0.019215889808799298
X940024	-0.0029785867661320737	-0.0003777364944395657	0.011977730161237755
X940025	-0.010745793889867076	0.018689044119487283	-0.008020519878466727
X940026	0.01624819931015044	-0.016247623412877756	-0.07424606379278893
X940027	0.002392589472289197	0.0072084314293635226	-0.0007192999300956862
X940028	-0.009868428014035561	-0.0002874050361862396	-0.05777764677008347
X940029	0.007457275247900039	-0.0015172632310856084	-0.0286276723840069
X940031	-0.012115855584341431	0.009386808429553726	-0.007094122831724755
X940032	0.005613197428065961	-0.00794759720976001	-0.035127990663886804
X940034	0.012276221187956734	0.00410486435972988	-0.005980222665666679
X940040	-0.016067508131193547	-0.006865275310312832	0.023957756521210176
X940043	-0.00943204489027637	0.008036570053239028	-0.023109560321196307
X940045	-0.024710606578938765	0.041505246180667414	-0.006097622733839643
X940047	-0.019166859917388528	-0.07371625882612688	0.02465072916960743
X940048	-0.013109462001261767	0.016111043511985022	0.06372082697286315
X940049	-0.005059099236247729	0.0028019588602154937	-0.011291373575977197
X940050	0.04110846802222648	-0.015452244486423954	0.019754212378060125
X940053	-0.005173800194222204	-0.0013084052192454429	0.008971469991162195
X940054	-0.030673986343644002	-0.01750420182018343	0.005393387963701127
X940055	0.005554420700185276	0.06362742204335287	-0.02621718140192699
X940056	0.04316337884220566	0.012258736289926676	-0.00542893592118615
X940058	-0.010699931489745351	0.013414003744555094	-0.010130062285134422
X940059	-0.010886363663497812	0.0015744863374116537	0.00145417053080877
X940062	0.0389192500779732	-0.022801895087688175	-0.017579772550222274
X940069	-0.006162889653245764	-0.020450051257337686	-0.05251849498367701
X940071	-0.02863602667296202	0.09058267411906194	-0.037095773729947046
X940072	-0.00037204296675565204	-0.008339001265113962	-0.006625361388730333
X940073	-0.04408570754213227	0.004831076139769223	-0.02680532286767309
X940074	-0.007408012150257474	-0.029874068855385173	0.01990699475374507
X940079	-0.04043082698702873	-0.05513824032550221	0.01552304531507845
X940080	-0.00941322478940185	-0.0052894255031493195	0.0025408332816847534
X940082	0.03515386407844507	-0.02122569121981529	0.03577570075804188
X940084	0.029528786640413626	0.013214014260412639	0.01698554138420442
X940086	0.0009541143992118401	0.007952610868532203	0.04198800309672873
X940089	0.026142341464459536	-0.01832607079419727	-0.03163421050669928
X940091	-0.00016253772064803672	0.05412308285572418	0.02386182793620276
X940092	0.03937246381236028	0.008260357012088833	0.03729000477120012
X940093	-0.007717853060085455	0.009670569969644854	0.012423551140937855
X940094	0.029999023594528162	0.11140852052426757	0.0006852318722653364
X940097	-0.004964757926676624	0.011739440348782678	0.011294408557206663
X940102	0.007058882781177093	-0.00862484068708186	0.04951752215915121
X940104	0.00790893168714308	0.009524355041862019	0.03639506581221641
X940108	-0.0009043652097714259	0.014122918968511937	0.009761251873227069
X940110	-0.005681723102557047	0.008222798628009445	0.024214493991347657
X940112	-0.05612742173392723	0.05601431047358433	0.024816150807634857
X940115	0.013885170551244505	0.00750040894870921	0.01367945523211433
X940120	-0.017474609205964175	-0.000548690589339304	-0.014107914044126804
X940121	0.022195720472339264	-0.03621306856325722	-0.05828420973205153
X940126	0.002718356766792434	-0.022794378341819462	-0.027748168047081773
X940127	-0.011824713889676675	0.007685712411696169	0.011683323342903874
X940129	-0.018923318889643437	-0.005841882715333824	-0.02618920508523486
X940130	-0.027813722784317544	0.025172142380113838	-0.020594907495437492
X940133	-0.01428556940225763	0.0034911752281142406	0.0015199303398691789
X940136	0.0006606395316550484	-0.0002486752357106803	-0.007091394057511059
X940143	0.003521893484383639	0.014056936192544715	0.004536918754862677
X940145	-0.004571646405638369	0.00012335424756369442	0.009957990107759579
X940147	0.026391349056456702	0.00192340394836455	0.020331136498326186
X940148	-0.000816637503296584	-0.008308703992319625	0.008439094161073172
X940152	0.014609158050947278	0.008737358477090007	0.008541922433659636
X940154	-0.02598869468984877	-0.013458589789612384	0.010061029121286124
X940156	-0.0015983931590823905	-0.044682243758031745	-0.060385836567905735
X940158	0.001585377990501183	-0.040836960754536314	-0.005225661370733431
X940163	0.007756864102828532	-0.04153586474413177	0.04525977116767757
X940168	0.014211494184719767	-0.03473464937634531	-0.015112093613756409
X940174	-0.056003008483946806	0.05550252035061831	-0.021420158210758985
X940176	0.02623190880160847	-0.03373229896078396	-0.013871833970402172
X940178	0.005292712357096665	-0.00257181995070673	0.025509608221992514
X940179	-0.015297612489704123	0.0074465734918195145	-0.016346297334990715
X940182	-0.02057410483522799	-0.01113965635408988	0.043438309058945405
X940184	-0.04159443569993353	0.03688502637715852	0.018446408659938702
X940185	-0.023363368103414443	-0.04833115713513881	0.006992491960598228
X940186	0.011014833079915716	-0.02005390522549661	0.007783793521608663
X940189	0.03939168165101717	0.013940955135427886	0.02128823906221555
X940193	0.006489500934276376	0.027167803267186392	-0.016995859310674342
X940203	0.06377067889368032	0.008391265766967476	0.032853514318147044
X940211	-0.0070514769196448985	0.0009072941999357106	0.001134292424615897
X940213	0.013589541831616866	-0.022018376716544233	0.014332608364620232
X940214	-0.015556814942734459	0.01485711902189435	0.015491266428341076
X940217	-0.0033292131311584506	-0.01115705979656373	0.015081312144726073
X940222	-0.007255827246987766	0.028736129282513224	0.023271235153288026
X940223	-0.03252116116728231	-0.07538933798378489	0.013602695007005602
X940227	-0.035439457502874284	-0.00656001615797334	0.025993932438188806
X940230	0.02387115518155714	-0.00238026118786683	0.006356382356271455
X940232	0.005227572144731662	0.025916528748668555	0.018267459151686448
X940233	0.013659314819327455	-0.0008062487853378612	-0.02237090568830553
X940237	-0.005132476521408886	0.03314230385858942	0.07208104539505672
X940239	-0.004867395878120765	0.056056407986712076	0.008215435452370804
X940244	-0.010064991520917959	-0.014359901188438055	0.0012807892099231735
X940248	-0.019358384355184013	-0.005728626001702596	0.003961261947776438
X940251	-0.025073259843484005	-0.020429627117499363	-0.031098740832261537
X940256	-0.03390631716134564	-0.025629045693743285	-0.020173483622215507
X940259	0.0178438738120747	-0.0042660374766560595	0.011965592769641051
X940261	0.006809034534362542	0.03364829410134986	0.036869259735524684
X940264	0.009850797802319398	-0.03633135087793292	0.040324234269414956
X940270	0.016803822097572346	-0.013841362012772144	0.003415160257262725
X940271	-0.02004943372751664	-0.011776223713421118	-0.014345540135129533
X940278	0.012047750716497739	0.010734122315149468	0.02147779447143177
X940281	-0.018931963625889132	0.005798323718305662	0.05334390419739283
X940284	-0.0021696680454878128	-0.033600777371818415	0.0004935528988735345
X940286	-0.051911676854934835	0.07758334116816062	-0.007019056179128199
X940287	0.02146969859510798	0.0037115840790998608	0.001660677705871425
X940288	-0.01028293663080302	0.01434391927307769	0.001025058027865421
X940291	0.0003288985625316179	0.005307157527665113	-0.03747695718463703
X940297	0.0016195745554409289	-0.008528764797582997	0.0064144860004353285
X940301	-0.01192919637238368	-0.0025377637120874556	-0.0044809670317572615
X940302	-0.02100384617343126	-0.003796397979778104	-0.027855564954296943
X940303	0.016939014332926446	-0.012700893061582303	0.05310496566793535
X940305	-0.003270371318737649	0.005627716119846003	-0.015501645584646643
X940306	-0.019896636899158174	0.0008114805285793576	0.03990453490606288
X940309	0.003495206092224629	0.004349110024401317	0.013801024452585608
X940312	-0.0036171839220339634	0.00949004731216914	-0.03301459949036819
X940314	-0.004078710779663376	0.0009215611190762864	-0.026655940132782028
X940322	-0.02381184774522739	0.06615611734898964	-0.004804841182448834
X940324	-0.0328934164861778	0.018156400523059318	0.04278277127003476
X940325	0.03051731217509411	0.01668516305467309	0.001750370536128964
X940329	-0.03157801320825895	-0.04600536746817879	0.03198656226178542
X940332	0.01111824629230449	-0.016511194149257793	0.01744876120677752
X940335	-0.01599996180983151	-0.059110484131047934	0.01587630563412853
X940338	-0.0070681251512981855	-0.011043914133524615	-0.019829387560262493
X940339	0.024724513610948556	0.013352743936167517	-0.014371994745476735
X940347	0.00208827037203867	-0.0120312812536509	0.022282253177320632
X940349	-0.004867280684155746	-0.01191569809838667	0.004948476528908842
X940351	-0.0008006755251303583	-0.005662299965668973	0.03629109267422348
X940353	0.02397306947621628	0.0122734217702263	0.009406128569040969
X940354	-0.00051889398645898	0.0011554681792379418	-0.035272321116468594
X940355	-0.01699655318053332	0.0004050028994893173	0.0519216253867368
X940364	0.0027222472760390325	-0.021573474625811752	0.04477499221465789
X940368	0.03329991464508383	0.0037190033273287243	0.0024859856841377218
X940374	0.048517841618049354	-0.011869777792198263	-0.022798428413216103
X940375	-0.011200243832114149	-0.01052049656923098	-0.0020786773109154376
X940379	-0.014493297790285903	0.012538718888620232	0.06697600896603353
X940383	0.008686654076103974	-0.018794286796860758	0.012501876929039557
X940391	-0.02958908295926745	-0.02301089252694027	-0.005169296088021056
X940404	0.012713345281918165	-0.008564696987907518	0.010427824269985233
X940411	-0.006581222192506449	0.01993621340631533	-0.02277283254999904
X940413	0.04326956490635313	-0.024682699853008402	0.024720937901125766
X940420	0.0027119379694370725	-0.004685707471603139	-0.03530602408627091
X940443	0.018985446136117856	-0.012929387375985629	-0.012519104706385549
X940444	-0.014855998557796584	-0.03889596898285801	0.013824490849600975
X940445	-0.0005133489219707745	-0.009564259623772216	0.031623796693416625
X940450	-0.013987772903343508	-0.012358437302992211	0.010555963623655013
X940451	-0.16280833197092195	0.11105369458367789	-0.007371727341711993
X940456	-0.00884333657728569	-0.001174156660499468	-0.020127083903477002
X940465	-0.005648716893434203	0.012458526760020528	-0.011901653444902762
X940466	-0.018005937757024686	-0.017500538918065273	-0.0051862502093189666
X940474	-0.006046608953172797	0.0005376813610524869	0.04798631704330468
X940481	0.00482311474668903	0.0013655923960279258	0.06772459351192647
X940483	-0.01366426233872147	0.0039589591536650995	-0.011563332619221297
X940484	0.03851866004008991	0.014367866131901016	0.017905251673192426
X940487	-0.022600686522401034	-0.013180182240435472	-0.003458094928645512
X940488	-0.03373121464588915	-0.01521335840223114	0.023924543528751924
X940497	0.023992193183930834	-0.031336345980394996	-0.04376096431128866
X940498	0.012649837440227308	0.003243713760365002	0.021071829731608396
X940501	0.04822899824625507	-0.028577907099406455	-0.0048884852063180335
X940506	0.041017246313848454	-0.034331411596109036	-0.005998659395281008
X940526	-0.014282042283421274	6.662072550065071e-05	0.008895765526688054
X940529	-0.05511535153549568	-0.13888076836260096	0.006597129488948572
X940532	0.0013064233573744433	0.021589608536224887	0.009553382606497882
X940534	0.006877961448397763	0.023286101679449698	0.007583624139329083
X940535	-0.015510170263056237	0.03181676674765554	0.00735680513972372
X940540	0.015480596451795118	-0.0068032206102246725	-0.0191886688261499
X940547	-0.01656677578867569	-0.01563269867454271	-0.01277811333379126
X940550	0.042898127062727075	-0.0015843887911378774	-0.005334508415258068
X940551	-0.00518462749197508	-0.02009403782462831	-0.036286050098988706
X940555	0.010685933228099733	-0.028837501698266398	-0.042982735002327764
X940558	-0.0032939633061955455	-0.008136783026835	-0.011330997980317982
X940560	-0.06957110292973011	0.08405155185440548	0.0058165857542937386
X940562	-0.004442397894266972	-0.04002782103216299	0.036653094309920545
X940570	0.02242510583938807	0.006860556871750257	-0.008273970185091902
X940571	0.040269851598710424	-0.019013972242520164	-9.573838279582099e-05
X940580	-0.012740898571316876	-0.01217259270112117	0.040264336291301286
X940584	0.030386531968330636	-0.025804428191484177	0.029188275336952278
X940589	0.1262000986711797	0.005116440794488019	-0.01588159756361564
X940598	-0.0018678206131796102	-0.008763073514353441	0.028404414861086722
X940602	-0.039758956696673016	-0.11101767256361543	0.042825838237169844
X940606	0.016873860201953434	0.006427716425091951	-0.05023627922062018
X940612	0.0501114161021603	-0.02989331942885031	-0.05753783179902138
X940623	0.007443977157015143	-0.0011843515329351274	0.000600895383257698
X940625	0.06409628882808881	0.003919311798938493	0.016721280652646744
X940641	-0.013440872860114037	0.010984350810554398	0.013995422956989282
X940642	0.025579295911689424	-0.004668717530647931	0.04357167278319582
X940648	-0.016791469459192396	0.005840341935307431	0.013944321661721663
X940649	-0.014874680507341457	0.016394759412322865	0.07038048066946624
X940652	-0.009294967237530484	-0.007361289670851875	-0.010525610109196275
X940662	-0.007397518874024968	0.00955557491427573	0.00441747545320576
X940665	0.02299861069658615	-0.0031696594645222796	0.019265947088936565
X940674	-0.0055451535757133534	0.0005797434990803383	0.01864003320201369
X940689	-0.04604459133540376	-0.12241066557803339	0.04558435624736581
X940690	-0.010453287625372716	-0.021248019168708106	0.01037712190114989
X940692	0.035294245228339766	-0.013554775107717472	-0.06831641180712437
X940696	0.015489363086325827	0.0004687392035671811	-0.09670443055360438
X940700	0.01758693791910668	-0.03736428434654263	-0.016728938236051028
X940714	0.034110999660067906	0.0014134312974435658	-0.03998781976205573
X940721	-0.04679455159626039	0.06534210162399906	0.0427019273842249
X940727	0.02984239759569228	-0.022223868629882224	-0.011165286794943717
X940748	-0.030249404871383924	0.022656475474973434	0.026082908527211617
X940756	0.002327156057899516	0.01806084595872771	-0.023636026164803963
X940761	0.033847549014985566	0.014431317349379778	0.029721310064264806
X940763	-0.01856948366425772	-0.018114404773855917	-0.056828043475929825
X940766	0.005324177252691394	0.04547926648731414	0.04748711044113095
X940769	-0.0013132635179593836	-0.01793625930627419	-0.013868392306459934
X940775	0.02531712658269831	-0.005606173982759876	-0.00875165721713662
X940778	-0.019341869902724202	-0.001080050680386073	0.003677080548902431
X940786	-0.0010331849274419368	-0.023830246733547503	-0.04763930054745075
X940796	0.010178598486189265	0.00046680977699144216	-0.0721799108591981
X940816	-0.011713069449194204	-0.019992263503336046	-0.0011976885643476488
X940819	0.016306455773279625	0.004710218389894897	-0.04848650885267518
X940820	0.003704508233644146	0.001277405623541255	0.009674216274909057
X940826	0.03227071611156119	0.07103855651513342	0.006163791449173898
X940827	-0.04599213930492501	-0.02707320570079499	-0.00648135149767801
X940833	-0.012435894852880875	0.03434213477152708	0.03669324288898451
X940843	0.004707769932818052	0.006897783067127235	0.020799715589164703
X940844	-0.006950891449844633	-0.0260602006611536	0.003785221120938169
X940845	-0.0351105996164348	-0.008113383688158908	-0.03151741248254603
X940847	-0.008429158765005723	0.024940691302999266	0.02450206055405348
X940852	0.021092335665538215	-0.0033404229146255927	0.02035249365277287
X940863	0.0026268696183050317	0.026921489644291478	0.04226984830505328
X940871	0.023819555922516947	0.043515995010338565	-0.013692630026261986
X940875	0.0005987955019417832	0.008619487452933809	-0.041886272527991375
X940882	0.02637951779571722	-0.024471576554870207	0.016580837497968102
X940889	0.008036954336890743	-0.013091200085708136	-0.027408348562740343
X940892	-0.009241431563775148	-0.004968878888190404	-0.03084994685431008
X940895	0.007848369188361758	0.01119253130949536	-0.0023428422665243646
X940907	-0.005868288824440407	0.027709484624747652	0.021951521262740373
X940912	-0.016684870485421333	0.005497453963711504	-0.0272498439838868
X940917	0.021843143218571892	0.010722966755961719	0.025021537662733954
X940925	0.08967418842937168	-0.047329437168746685	-0.005449986693227659
X940936	0.08559888563964349	0.01826747622652449	0.006073065554417128
X940941	0.03686236758037724	-0.024719330397491492	0.022965882477793267
X940946	0.005421866040639102	-0.0240776843091317	-0.01060740053140319
X940961	-0.008414964022405257	0.005109005470870212	0.01576794553058174
X940966	-0.010087534195938686	-0.003918275481407108	0.013386537124582126
X940968	-0.03095750151590735	0.0021496943078322507	0.013229779541008907
X940984	0.010267000364317488	0.0678996713402643	0.03423030912139456
X941001	0.03690083252704816	-0.0313434664708366	0.04645782503019461
X941014	-0.08094880649013494	0.09357310748599373	0.013630327520337552
X941019	0.0018457804600965474	0.015367415225876615	-0.009394741768393168
X941024	-0.002384358843630674	0.014530779732153736	0.0016818311291339771
X941028	0.011785935784236633	0.005478786102354808	0.05246825751643411
X941037	-0.04785663399728779	-0.11110164558492402	0.03195480058087629
X941043	-0.023375106546326577	-0.03463182769140957	-0.013170269090178285
X941046	-0.024779095495408538	-0.012315432280423685	0.042550128320693464
X941049	0.007006214403644682	-0.0063871042623858156	-0.020839387928090737
X941051	0.029296981188670936	0.004075657258037538	-0.01047410604842663
X941066	0.005705025366295253	0.026431282442438787	0.03851807044478441
X941074	0.010650755337410936	-0.0037523517253797785	-0.01833204889055719
X941079	-0.006340070716058295	-0.010757330679497263	-0.042697861972575954
X941080	-0.014579172107317443	0.047952804735369926	-0.032435638859264565
X941091	-0.019154809195246588	-0.06684094962543177	-0.007341862404452275
X941095	-0.013887927472774824	-0.029414947795060178	0.009527410010516334
X941106	-0.02386544444873617	-0.0021098294780759774	0.01818837227383616
X941118	0.0032723910707140244	-0.007036154555231028	-0.01471210736025795
X941124	0.04374354913634034	-0.005585427899999371	0.03940461512586405
X941134	0.006687042682354619	0.006042928584489405	0.013574863728638696
X941144	-0.012958171436439262	-0.02079753308852977	-0.009234127303603155
X941153	-0.0037265168651475617	-0.001371323837949352	0.03797305528399798
X941154	0.01604559176448935	0.009575847959860785	0.011729631702894852
X941192	0.029393518260270587	0.058818157525510034	0.020726633919651776
X941202	0.013828047784192523	0.008839006147163809	0.02797928788608483
X941204	-0.016070379102544656	-0.022568945454020203	0.006012508738613362
X941208	0.004059966897181289	-0.05396361594498814	0.0006015459035111904
X941241	0.02801456281055659	-0.09509559295947903	0.004267660941187459
X941250	-0.0178991118251662	-0.03610064989365647	-0.011099940307086357
X941253	0.020863101334736043	0.0012927223144758946	0.03539486560595265
X941257	0.03692506066034479	0.006890827165617676	-0.02226074353615546
X941259	-0.018553682663827266	-0.015405389150248952	0.02210989091608647
X941265	0.029737932424157884	0.036021213276974356	0.04157279555131864
X941274	0.005310759049903394	0.016562367743895412	0.0287507771083495
X941308	-0.020936202547293153	-0.014384357774229407	-0.002355239143874419
X941315	-0.022306338508813014	0.04659739263378555	0.0037778747253038652
X941320	0.0045475016819711885	-0.012928711871926117	-0.017102638506669612
X941321	-0.011040117299392693	-0.007272079843094238	0.04078281016958657
X941367	0.02827605763946214	-0.012312339190425363	0.017798350505306745
X941373	-0.021786797249946793	0.016897188959913535	0.0045434576946564
X941384	-0.039272037086944864	0.06888389145300651	-0.010416139041133804
X941385	-0.017400070392158292	0.022262162659862736	-0.011079971894880908
X941392	-0.11445147644755498	0.09341622713270539	0.031996514631211455
X941398	0.028620325586821798	0.0822954233523787	0.05390246461371729
X941404	0.001471828801337001	0.013298823094377963	-0.05951895750317179
X941408	-0.01147843088124441	-0.011371438675917004	0.06342666641733274
X941422	-0.01219775251617396	-0.024413103261933446	-0.04598532944840725
X941439	0.0054302600662448726	0.003806507521220467	-0.01580044439019814
X941445	-0.04123664739045566	-0.014750878246854065	-0.038314695671587004
X941454	-0.00447048098432935	-0.0048613056688423415	-0.007905662854014518
X941460	0.055779781228418555	-0.02591570573554902	0.0029334116083036856
X941462	-0.027673035941046763	-0.015682862755359645	-0.014136637369777725
X941464	-0.003067835417162156	-0.01980211214635909	-0.024326359917966656
X941503	0.008664901843614299	-0.016395915194849543	-0.03794086167502281
X941519	-0.004676277817141253	0.014515287800754055	0.05345862837795997
X941530	0.029723636295104775	0.0011884147408972802	0.022339458961108033
X941547	-0.0059620425502127155	-0.01322651683980263	-0.03774319244997315
X941582	-0.05389051940331154	-0.03906940663522478	-0.012006366063089644
X941617	-0.013932874273633196	-0.004197585150864996	-0.05525814336322732
X941623	0.05206567226235959	-0.02866956310721676	-0.038817633585749786
X941624	-0.0016743544389880428	-0.018969008008675146	-0.03548289967370716
X941639	0.026241636219428804	0.01240866805410287	0.051789139396040976
X941680	-0.014899472393548753	0.011298144549740007	-0.03267446293088247
X941684	0.027377965599826363	-0.0022591838477330445	0.00948097791003177
X941709	0.0017916448004555783	-0.023933438006573785	0.03845162559820827
X941714	-0.02208003358203438	-0.07664493019903691	-0.01220375419902969
X941715	-0.001981630955205034	0.0031546246956435198	0.0038833872520122217
X941738	-0.007151526083087386	0.011660589068336226	-0.008236233360562693
X941759	0.009591594507877629	-0.01734446182054962	-0.012595612348319424
X941772	-0.06779037938576626	0.0369647183571935	-0.018348936000054446
X941774	-0.013715128245317655	-0.021550119564625356	0.023389128258665386
X941807	-0.015215206645815313	-0.012129846328328194	0.0007069521777645928
X941813	0.04727632784322697	-0.013093492285711576	0.023613326121256387
X941817	-0.017249442718535096	-0.011777359224394005	-0.017536594979105865
X941887	-0.020034796372753856	0.0011756860329124525	0.0011508904922616853
X941902	-0.027918011920354813	0.024869776843221364	-0.0060230514520438925
X942011	-0.010025279488531807	0.012281422044070072	-0.0015782047789523266
X942026	-0.008678675083251255	0.03106069732282899	0.01640965140652506
X942039	-0.0036070772373541318	-0.011901373252704663	0.012326812414136794
X942075	0.022830856065312318	-0.008719783862710464	-0.016756597137611483
X942094	0.0007764110581007905	-0.014405225121824216	-0.01061436022048326
X942128	0.0010333807418239141	0.001971189959408776	-0.04379152955405559
X942191	0.1196264432647065	0.03037983511070407	-0.029378857462470546
X942237	0.0490886635694792	-0.0451001040875246	0.008474339641417845
X942303	-0.01940783807219718	-0.02622003859743589	0.0197308779796572
X942319	0.08276831660204677	-0.017607011055044742	-0.05585008557974569
X942359	-0.011111853275293813	0.01712466755686884	0.03697049784800293
X942398	0.0008675910878561639	-0.01498927395702908	-0.008075169806528672
X942402	-0.03790082962215016	0.043558504730389934	-0.0012824997894959015
X942429	-0.027433593222391656	0.027049343789692308	-0.038943155332498196
X942467	-0.0026473786629489424	-0.022783617822764807	0.005883994337429649
X942487	0.04008773824577149	0.00640487060018138	0.04083360505279832
X942489	0.04438767387093239	-0.015951369754952063	-0.0014297496071322925
X942490	-0.02677960307965419	-0.025531316285731395	0.037101786029215024
X942504	-0.017786245570852503	-0.010991311111575012	-0.030809326805811322
X950002	-0.004731107931614615	-0.003335400514650065	-0.05079847242263728
X950003	-0.019229531438014685	0.013379715287819333	-0.04643344295717407
X950005	-0.0097058797875721	-0.009273702037155001	-0.03231656243883314
X950006	-0.00011275386755530621	0.0004416580912263368	-0.03014508648133112
X950007	-0.015382056928587804	-0.009183470222323563	-0.027498560343984495
X950008	-0.007084465834041518	0.019680371789740785	0.0037357868516370196
X950010	-0.01121530166036139	-0.02266912921330482	-0.03356842692905517
X950012	0.004020573181947537	0.006390613142172835	0.013370014535218796
X950015	-0.0038983221434399796	0.007899097637317548	0.019181951875107007
X950016	-0.011024734626488501	-0.009330578611565945	-0.009706781523952398
X950017	-0.0017224575747466428	-0.0023241116573583264	0.026612825334545835
X950018	-0.006855666666058711	-0.008687288549423933	-0.043847259254805176
X950020	0.0027803335405420333	0.006252858401190869	-0.0033776821661466298
X950023	0.11768656751784623	0.02330591538627517	0.0011919764344982898
X950027	-0.0013063794900548449	0.00629042511879284	-0.012253048187518191
X950028	0.13908749208027252	0.03992725217452578	-0.025624234126298117
X950032	-0.002323007507740112	0.012021725540346353	0.01742224323808673
X950034	-0.012814402549390558	-0.003993426849206691	-0.0005642093230866944
X950035	7.262954183417873e-07	-0.00674897349924961	0.022446777962834556
X950036	-0.01667052780682167	-0.0003992430764181312	-0.006876400278183409
X950037	-0.013333170759151204	0.008311927983866917	0.02845414686861351
X950040	-0.002547404672560907	0.013039872566309792	-0.008560475928527673
X950041	-0.006502787705251866	-0.00790918800055372	-0.04203247423216558
X950042	-0.038162206906296854	0.014703238516029596	-0.0019620738800231107
X950044	-0.00637117270176223	0.018071446481075587	-0.0165768904397184
X950045	-0.00887147435944038	0.0036526971409238415	-0.014973782797466164
X950046	0.003704696580089981	0.0022180204102920636	-0.0015089853685201565
X950048	-0.01627272674158371	0.01078168197552147	-0.013762492088041419
X950052	-0.05975868418272516	0.07341504257799111	0.0004314654041018249
X950053	-0.006478568354273917	0.021793981615421263	0.018638012827430574
X950054	-0.006876155320092422	-0.0028792649187679964	0.026421316292248122
X950055	-0.00174944970740041	0.011551421282516773	0.017178602757081347
X950056	0.12014942574705786	0.047319999549333386	0.0032359923034031846
X950058	-0.07273037505391343	-0.04703181089140029	0.04479602844936504
X950061	-0.007221742720273676	0.01341211166207614	-0.01111725274286148
X950065	-0.0068709269018306564	0.013923776567987258	0.014020295834883944
X950069	0.00019995937111835107	0.0037762563384079813	0.0002032426096133803
X950070	-0.007767278830269899	-0.008983443753147769	-0.006152957976862537
X950071	-0.0009307336276574715	0.01409976824864676	-0.048844895186881246
X950073	-0.020049828973600293	-0.018738551374566377	0.0241348234352258
X950074	-0.0022576217853735843	-0.0012646026834535	-0.007393755091657716
X950077	0.0025495399217031096	0.006639326880951699	-0.016711891132871602
X950078	-0.00787553926376713	0.014739912455601571	-0.02149900413672279
X950079	-0.004770989262220526	0.0010644662540518297	0.0067607975915876745
X950080	-0.008180489760857175	0.016837609684565446	-0.0037460112066653264
X950083	0.0183582256079633	-0.009179455838694284	0.023782198056050672
X950085	-0.006431082860776899	0.0003392254714593146	-0.029130220429604753
X950086	-0.009439742858825083	0.013120326281104646	0.004053682259228314
X950088	-0.00656727841523719	-0.0024760576523976084	-0.01656922725235185
X950089	-0.01199306140393491	-0.018672007719285056	-0.001823217044567514
X950091	0.007827854363031081	0.010285297795890994	0.006557730346991603
X950094	-0.05087412524834247	-0.045712649602574235	-0.024091013784977904
X950095	-0.0207158227032184	-0.005521568112422643	0.032658752984645406
X950096	-0.0034955728459549395	0.0036064943918587924	0.0014073537051540914
X950099	0.008271653046400883	0.03613140196379894	-0.02105552502018096
X950101	-0.018338450739951915	-0.0021126419962669116	-0.03340097859871337
X950102	0.01698404527962778	0.013213594529946715	0.0012087761859697268
X950105	-0.01061022888129885	0.0030837237534231186	0.0018388079207831431
X950110	-0.009911082507715004	0.015159746182530619	0.005945152922718469
X950112	-0.0071141085259741384	0.007433195935102331	0.03813259551969914
X950117	-0.007121820794872846	-0.0037620185897825195	-0.007534002231714624
X950119	-0.0011783053342638568	-0.008337152414508674	0.0019223872178102059
X950121	0.007695167470099284	-0.0010971165471115897	-0.03998939293789902
X950123	-0.017349713457028227	-0.008463685231274203	-0.044060959227737485
X950125	0.004630089244612236	-0.010738260499957067	0.023178526336704308
X950126	0.0007188732900052777	-0.00732659939634042	0.005764581299012085
X950127	-0.02279482096498999	-0.01327458967617126	0.007006096082588545
X950130	0.00013049975387132375	-0.0032870693027843793	-0.019190106950911265
X950132	-0.014531201114956373	-0.008497199016858388	0.0051776210406553995
X950135	-0.016845245852991866	0.011475363088569113	0.008892205139014625
X950136	0.06362551915607013	0.011791925189491816	-0.04306518385743429
X950137	0.006209691184177014	-0.0075450811299041754	0.0275479568092393
X950138	-0.002817738536668581	0.0013644462573526464	0.0072235900001663194
X950139	-0.013247913599181257	0.02359109393965224	0.03627166390480043
X950141	-0.013821878695551642	0.01992945602179925	-0.022834820668275933
X950142	-0.01776023720682797	-0.009593250825100411	0.0022545611136394824
X950143	0.003893195630493207	0.0030250649636644413	0.0511812705277104
X950145	0.010874518364027466	0.010744689612801317	0.03757117494422845
X950146	-0.0009261448955874736	-0.007949401081547257	-0.03882999435926239
X950147	-0.0033797225533980456	-0.025604924162222528	0.006625111924302701
X950148	-0.026375438123170492	-0.019023798186317154	0.004622860584868411
X950149	-0.006904736197729017	0.020933380120514374	-0.015113260438057554
X950154	-0.007332673247335657	0.012547528338551741	0.0354790373444276
X950155	0.00643403640884349	-0.005675454391327418	0.012780999774367103
X950157	0.15635078474478076	-0.0069263311484493535	0.04192665004218631
X950158	-0.003935063416457455	0.0029730101298387724	-0.004029368986163748
X950162	-0.00537832268340075	-0.016899922766483166	-0.016005439123653525
X950164	-0.00873499551044644	0.0158032976880551	0.03111513516329391
X950167	-0.02317592741166642	0.017476340020428173	-0.014118527410405958
X950169	-0.003757069458489333	0.021778749164789377	-0.022872556424055238
X950173	0.0893776780010451	0.014755835462039145	-0.012000414317911335
X950176	-0.00867803791146877	0.007107304276390582	-0.016744572327146715
X950179	-0.028948968600632775	0.03530996725741777	-0.022367963909730094
X950182	-0.0016513873634057886	0.004406967453251126	0.01678106422968324
X950183	-0.005668636273334517	-0.035169646271680725	0.035698760555291115
X950186	-0.013393528498449277	-0.002541715146928322	-0.017388279106258536
X950187	-0.0073046198368817705	0.005061555900618695	0.007915984490345529
X950189	-0.019865978098767077	-0.013010775043179912	-0.003205512241920835
X950190	0.061351312771683916	-0.03496948856913786	-0.032813385816961894
X950191	-0.0017026550361649688	0.013586714321633232	0.03313368945414201
X950192	0.077376567153564	0.017679905373191137	-0.0563777611590355
X950193	0.08981602605140655	0.02718126215675396	0.011556884368050224
X950196	0.0217106543551706	0.003800136317306735	0.025948286481690203
X950198	-0.006168636876320353	-0.001362882999447821	0.0477001945434215
X950200	-0.011232698571430026	0.022956058595010917	0.024618377620192533
X950201	0.00978127658163838	0.004260585436502583	-0.01192045235681476
X950202	-0.001476090730920341	0.007243305523534182	-0.014948965698508997
X950209	-0.00977966244443724	0.006740102554335412	-0.01598082157249956
X950212	0.027786704567991028	-0.016900539109857175	0.022740955916666805
X950214	0.0038186810412249726	-0.0010138672071090364	-0.036672409068690064
X950217	-0.014441196031107984	-0.009448063164994264	-0.009020550439020109
X950218	-0.00837355811025563	0.003223051756782373	0.027385733482586102
X950219	-0.007134403707143472	0.017650194962859373	-0.02091510238560087
X950220	-0.008519750340132389	0.016232814622849846	0.0077575137921833265
X950223	0.007845640389305563	-0.0005138837277509372	-0.0005262625038245206
X950225	0.14830861309269033	0.027056548110152234	-0.02415918882351625
X950226	-0.008442903614012042	-0.004021820222166113	0.015663376945006573
X950228	0.12933456576687788	0.013328627332330105	0.003924996377294128
X950231	-0.008194041660621033	0.009139533634099452	0.010283026303369566
X950233	0.06616070903836295	0.002339229110672822	0.05590288943794118
X950241	0.008100260848370056	-0.012257284371495047	-0.02809402631175322
X950242	0.01412525721182372	0.0057008619319728875	0.014758241150974263
X950245	-0.016755574326193023	0.016161531037567924	-0.06530653764353683
X950247	-0.00851481811583288	0.014181190453441444	0.015831201071900676
X950248	-0.009005888738956434	-0.004544332178370812	-0.008159345152006956
X950249	-0.010348788661847734	-0.00016490558878945607	0.043861245862083814
X950250	-0.005355487397711171	0.04075073762180033	-0.012981064515203587
X950251	-0.005995455076195672	0.0106503374447051	0.032750070122120147
X950252	0.010399209988641488	0.0134225176803996	0.026893340172211653
X950254	0.06391718120242854	-0.0031099136393516412	0.008772482315254215
X950256	-0.01971637950390168	-0.011441644318627188	0.0043703750965136574
X950259	-0.0017756223844499917	-0.00066759914293782	0.040193737250812996
X950260	-0.00699634068779147	-0.007380554588205872	-0.0019470215148966242
X950262	-0.023016243336106763	0.01960453389547478	-0.013118554331775686
X950264	0.0011035081132764301	-0.0018282373114796929	-0.011341781317211945
X950267	-0.00569607796647027	0.007951128604234227	0.046947901312894655
X950268	-0.013311310659591864	0.009687465340775072	0.04999381883305638
X950270	-0.0026619458893493	0.009237818562255678	-0.0006584768575256978
X950271	0.0014594281438989039	0.0013993251552791212	0.03493043835862625
X950274	-0.006292481736888246	0.018966211476342983	0.021365944810740094
X950275	0.03898941871591054	0.018766075694616104	-0.07173558462429956
X950279	0.022722714492349434	0.016889800170895895	0.014156538025178357
X950280	0.010412370352483066	-0.0010771576389035566	-0.027704088261927756
X950281	0.013111783547920579	0.005171815148325058	-0.010547425569250807
X950283	-0.0035127218718369007	-0.011020713207008237	-0.022873032952175534
X950285	-0.015489042100767436	0.0051638693158711346	-0.047824631584394664
X950287	0.007104790148075108	-0.008197916483241498	0.012457317590605026
X950288	-0.00819267495373177	0.01690214268208788	0.017337788358028315
X950296	-0.015390655327373123	0.010677840326950261	-0.01273427526745947
X950297	-0.01873017910779235	0.02064040653223101	0.02353743296351269
X950300	-0.013450918699996718	0.007545946746870731	0.007901328289399125
X950302	-0.02101074715193022	0.02484806325792799	-0.025506111637183863
X950304	-0.010229762473928797	-0.013641669604095923	0.010221896154063683
X950305	-0.00879026037757537	-0.005024736642096841	0.028817166293638303
X950306	-0.00716472034883507	0.004974139666626947	0.008475451320720256
X950313	-0.010652027984649415	-0.005392189101766023	-0.008975701444173088
X950314	0.023531634141577107	-0.004601298887464404	-0.030127032040575322
X950316	0.013825412213335851	-0.007202417603543655	-0.007153442448039739
X950319	-0.005233612005245073	-0.015076028714141664	-0.042725021214491
X950321	0.020446105945016068	0.0037348176090955857	-0.018704990412626646
X950322	-0.02013668929252405	-0.005083001013167401	0.012429587473799958
X950329	-0.015235555427662554	0.02489848185628997	0.01162265601110583
X950330	0.004813596398146887	0.0016034971026924827	0.0073046103819314695
X950331	-0.008882175215176997	0.011881345523820221	-0.05144388427300404
X950333	0.01896882888915967	-0.00752997217321148	0.008762413958859268
X950340	-0.016347960585154482	-0.008283122523983999	-0.03277008497728332
X950343	-0.0024925700530295273	-0.00022051632327616628	-0.051359979301504495
X950345	0.022006831981990126	0.0050659581035398665	-0.0655755247856355
X950348	-0.001195038372980887	-0.019351223054207597	0.002751942617220774
X950353	-0.002195256007066336	0.011400246746274132	0.0016148044837200385
X950355	-0.0031130547713363282	0.008532444252211916	-0.013810656546330728
X950356	0.03809005398104271	-0.01958461801400627	0.009035188527980872
X950358	0.02667826437391364	0.002407460396220986	0.015409465217446546
X950359	-0.0059301873103063335	0.01115775862293883	0.03247717595064397
X950360	0.0016680077830424109	-0.00519050876344826	-0.03311414135524265
X950361	-0.003823754713608617	-0.00020606001789970598	-0.00948322200040506
X950375	-0.005404537581755062	-0.00548529582755673	0.007360514796398993
X950383	-0.018262275935018377	0.002080682016499126	0.007179487165896745
X950389	0.017076213056120053	0.00942877475107874	-0.010316886333751189
X950390	0.012021449859947247	-3.959634583615948e-05	0.021566952802733408
X950391	-0.009762427782561678	0.012946169998225612	-0.015996675620926503
X950392	-0.006603041959610508	-0.003946728384736155	0.003692454544594634
X950396	0.17646442122236797	0.0386966125945083	-0.016587946577036272
X950400	-0.00535680302163709	-0.0030955654062996556	-0.025696262078387325
X950402	-0.010694760990031754	0.016258140794877713	-0.034748718785259126
X950406	-0.016718020876649514	-0.14623975984999057	0.047423512229965735
X950409	-0.014524636426468228	-0.011196229391506858	0.004754214569192459
X950410	0.003319322634543401	-0.004415058038454957	0.01719771875111271
X950415	0.03748470210630567	0.059565951499101995	-0.0046044223893805
X950417	-0.01460070637683311	0.008528674452497281	0.03953528351733934
X950422	0.01190008256397532	-0.014830399962706063	0.01917745043828559
X950425	-0.00547367571449919	-0.01211559683902257	0.033645411905750926
X950428	-0.023128707838464695	-0.03276569104538223	0.007008709031834905
X950430	0.010257790706673323	-0.003002365015431724	-0.021570252189795112
X950432	-0.008791312562224271	0.02268956951450609	0.030291456585789266
X950434	0.003556879193241335	-0.0017645332793055672	-0.04160833006154378
X950439	-0.006101397137223508	0.00802471418140582	-0.032372650754392544
X950449	0.009708923000221473	0.0008221069468263297	-0.006279769984280906
X950466	0.007196741562478077	-0.005526552681344363	-0.02965767261083685
X950474	-0.007819095113019718	0.001440747274887223	-0.011600452762562668
X950477	0.030645239191865983	-0.01363754875154184	0.037646505267287
X950478	-0.0005586263332481036	-6.287291453644504e-05	-0.038958799475985864
X950483	0.006921837173008822	-0.0086491045718934	-0.06026551664693681
X950484	0.01163842078008924	0.0015391082734938278	0.002592093826196248
X950485	0.09216934848114479	0.03405749552978583	0.004718290234056931
X950490	0.008387334224481808	0.0026346289664768304	0.016043802074754025
X950491	-0.0013000023955370994	-0.005835278594012298	-0.05220557462637226
X950503	-0.0038572949378887704	-0.009624716025817036	-0.0074498028875553445
X950504	-0.012604585126546875	0.0033446106522874094	0.010969351540729262
X950509	-0.008580372981111521	-0.0051704621963040796	-0.030972550726943972
X950512	0.0063955915025001855	0.00228604369388323	0.01723273185694865
X950513	-0.0048098779700636776	-0.0038713191843924963	-0.05388323949615634
X950516	-0.00839939990042856	0.01014116695432752	-0.013699752465147153
X950517	0.002924800997745284	0.005024079336372651	0.06756475110972307
X950521	0.019709021415751524	0.022714220053215356	0.07486325833468113
X950525	-0.009634038768047649	0.006628230743536943	0.013477564415310714
X950528	-0.0039040443963047674	0.010290167390016891	0.006418036491876671
X950535	0.011899412501447708	0.0030688833843489625	-0.027892680270548274
X950536	-0.011824387023774181	-0.018638050522754766	-0.06667782045942142
X950545	0.0048014598378240654	-0.0021214229272177665	-0.00716878755077003
X950548	-0.0018139488988099142	0.005466088828826973	0.007407627617173032
X950550	-0.009284244624072758	-0.012079484892807342	-0.029816107008112797
X950554	0.006982476036394643	0.006652092018033055	0.02888420518024275
X950557	0.002329330760806973	-0.004208145257332294	-0.006910665004584991
X950559	0.0010064198529633269	0.009042201272400727	-0.00274697630790256
X950563	0.0005200089643769172	0.0021872087097651173	-0.028038200141114012
X950564	0.016813593317638514	6.782909210105412e-05	-0.00845906844690791
X950570	0.00926201342962309	-0.000450862724430088	-0.019229743365215178
X950571	0.012567176796909515	0.052455914893348526	0.009438542438543735
X950572	-0.010342911663377596	0.01147438875851168	0.02366240085980002
X950577	-0.005077045876276388	-0.004194890180940794	-0.004942839968390502
X950579	0.03872579176671946	0.009893708979197079	4.984965725938086e-05
X950584	0.08078061799236659	-0.03581462195316334	0.00617873785867843
X950592	-0.0009504016335792043	-0.002227136308424115	-0.009034438522800716
X950593	-0.007041206962667557	0.0024214793653012214	6.48147071340736e-05
X950594	-0.0030349981464748562	-0.01742016265733814	0.03958557839621997
X950598	0.0012010615119790167	-0.004870212134434545	-0.0011811582290838971
X950602	-0.008653147599443233	-0.006088729999671155	0.03281126929492536
X950606	-0.006630275108572995	-0.00750604764690467	0.012891237666139858
X950607	0.02508715133173118	0.014022752291541816	0.02368659684216047
X950611	-0.018572967470393567	-0.0007336181977623918	-0.006698498768469119
X950613	-0.014793828691106967	-0.009441494742268804	-0.013672386525644668
X950618	-0.0066872004971516245	0.020142331751443796	-0.010056915993071314
X950632	-0.0088464345581617	-0.002987771168057917	0.009079092117443364
X950633	-0.022662457209149365	-0.04813217865224594	-0.02878398428679981
X950637	-0.0080991596323378	0.00026672616578560075	-0.02362543063793953
X950638	-0.016284911309469373	-0.01879260994482969	-0.03255656159397912
X950641	-0.01435519583509233	-0.015237288122349946	-0.0007665093688927225
X950642	-0.008104327069115132	0.0043453244246524185	0.016032023540704758
X950645	0.010754741000162568	0.002148387250212127	0.0027368746190603024
X950649	-0.0012537546497913162	0.02063302072430617	-0.007594596942387514
X950653	-0.011678308560395978	-0.0044549240786497845	-0.003347336297223979
X950655	0.0034988134688288893	0.0084095487140194	-0.0028908887951801195
X950657	0.03662071253303693	-0.006489040251743083	0.024536437358301015
X950661	0.10109645806215983	-0.06343907472162645	-0.057107494377368985
X950662	0.020084592672771174	-0.030739829201833612	-0.015566966677161996
X950665	0.008280357835309705	0.0025600056180101693	-0.014611272515047883
X950668	-0.002973879072326526	-0.0053336742820654405	0.017135453295544986
X950675	0.0012528182708303427	0.009196875390681671	-0.0024657338881543265
X950677	0.004191392949872838	0.0014581384841375281	0.0029328357597635363
X950680	-0.005158746066025326	0.020822216092551363	-0.03495114522896714
X950687	0.023505246713563976	0.02513053679925122	0.03463865865871207
X950693	0.01148973464525421	0.0008791791075792417	-0.0035902236647415136
X950695	-0.0005518563946510578	0.0070234440508842675	-0.006869729882823292
X950696	-0.006392988748428078	0.003224242050163818	0.025581076636931245
X950705	0.010236659829544657	-0.003582178654265515	-0.018858961869714308
X950714	-0.01816436648881532	-0.0088441291088035	0.00685002331229223
X950726	-0.004378005098825689	-0.004111063939527941	0.014038203275516902
X950728	0.024659847463190245	-0.0368382049892974	0.006570848781588653
X950732	-0.001499511738905885	-0.015762515399153344	-0.014653804648325146
X950736	0.009235244254729493	0.009254051866343064	-0.0025820920209026054
X950746	0.009744490990639686	-0.004197969075978393	-0.059079122919862996
X950747	0.004130478936104536	-0.003973032069487709	0.005824391013118165
X950752	-0.0038383740717256552	0.007881738655333237	-0.0009195311288750545
X950757	-0.01865659393871456	0.007000042304218815	0.0449374366530323
X950758	0.003410495938898097	-0.004088151547427469	0.004693047525009309
X950759	-0.002973773915154446	-0.019517199380299832	-0.007875394577183633
X950766	0.004536244814732338	-0.0004995356572059107	0.006696315425266991
X950769	-0.015572050034853941	0.02432584649212835	-0.06431053546293701
X950782	-0.009441766141376824	0.004308481617062488	0.03962763772684863
X950784	0.004113022941728521	-6.071142440210477e-05	0.00707303408699648
X950789	-0.010682805300906366	-0.0005960951521338463	0.012317903260942595
X950796	0.005057276031065969	-0.012642517822244884	0.001453460919639946
X950798	-0.019553254540399315	-0.0014363866006533068	0.045560739271030645
X950799	0.014755021102140432	0.015068699159429814	0.048188815648772365
X950803	-0.010892803198934771	-0.004174085446008486	-0.020963582270866137
X950804	-0.012012945220429148	-0.005314872342265151	-0.010676949571769822
X950809	-0.00899417753662311	-0.006615167565227798	-0.032334899440173336
X950810	-0.008297354745161254	-0.012579866704966226	0.021233818407778948
X950813	0.010146044404269909	-0.022970329787367037	-0.00048258535893909915
X950816	0.007817608978516386	0.02260276857445291	0.01992984969428897
X950827	0.028390230438450435	0.015498319123870473	0.02238613206267562
X950838	0.0026438846065154654	-0.0017115450775214555	0.026761283276674125
X950841	-0.009438204978511886	-0.012676784584215046	-0.019231032676675853
X950845	-0.004564337970876725	-0.04999899235263909	0.025032605069192443
X950846	-0.009807320344351032	0.0030984516900295013	-0.013257641374160786
X950851	0.03667949201918276	0.010684123978751596	0.01679512288866215
X950859	0.012040135080285974	0.00033957038959898917	0.01586319225201433
X950860	0.04834103846804108	0.016623842410080185	-0.014435202665135776
X950869	0.008937704667598993	0.004269207991979496	0.003988174889735947
X950873	-0.001984585562520071	0.0014011033440996937	0.010213869099758409
X950900	0.03141249535772269	0.010535242338893759	0.003913439184080522
X950904	-0.012226446900100267	-0.0106763169488043	0.0063757270432435315
X950906	-0.0017327675700263682	0.003209259616407138	-0.005919491468565063
X950911	-0.00580431543892361	-0.017565437588701764	-0.024458836973668994
X950914	-0.010818846668532991	0.037721171527531926	0.0594550157672951
X950921	-0.01918838490099658	-0.019246612766934405	0.027599861227023677
X950925	-0.015635126830611842	0.002558945118898863	0.040175739903811215
X950926	0.026179587415413597	0.025363093738677244	0.008211662907786287
X950929	-0.009612603200037427	0.011511705881028516	0.014133604565520583
X950963	-0.015277274590612679	-0.011424040351444746	-0.0011413955129627679
X950966	0.0042466595217907814	-0.013453938394642297	0.01023614736172921
X950968	-0.011313612866665426	-0.012781082270146312	-0.012245746150052245
X950987	0.008682781187194693	0.009758858664203313	0.004151663383289378
X950995	-0.01853721996921065	-0.009678724574474362	-0.010422921827720104
X950996	-0.0121745000620184	0.001970828591967096	-0.03847659586158804
X950999	0.07520267276115813	0.005680819509170735	-0.02308228565147766
X951002	-0.002295982240105	0.022515910269387884	0.04033826894643768
X951018	0.006851631299751866	-0.005205291069603996	0.021023179269098434
X951019	-0.014132593270365071	-0.03386802394801102	-0.008655363798947354
X951027	0.006980463060938393	-0.014026887748456465	0.010270973459816084
X951030	-0.0032933144631921187	0.01695895061417085	-0.01267005938660095
X951041	-0.0073719522256940045	-0.01925903322896983	-0.020704756780177934
X951051	-0.008143433862295225	-0.002918936823839367	-0.012108756528699475
X951054	-0.0045863057791575654	-0.0017399165505615375	-0.05363514732288153
X951055	-0.002290943326428765	-0.00025791783932758766	-0.024293820446296164
X951067	-0.00382899766193823	-0.0012601506128667383	-0.015348901730595683
X951071	-0.0118277669290251	-0.01097373872193592	-0.006190600886662262
X951083	-0.010029125600915765	0.008578008718595029	0.015959009961222202
X951085	-0.01812897268162217	0.016164721093783748	0.05998634242561515
X951115	0.002547836181580655	-0.003662172197429156	-0.010923847316629692
X951141	0.01190239688939931	-0.0090463670422823	-0.007342608455367148
X951144	0.01410330802462807	0.027735852662645374	-0.02525694714929201
X951150	-0.01266181235368577	-0.0028381281771796404	0.02927251227708401
X951151	-0.010850247861938915	0.020123837843999903	0.02273036276226811
X951154	-0.0017427736791289976	-0.018812303811741708	0.0043297367790219145
X951156	-0.003480711482755397	-0.012970823809880313	-0.04496702052292436
X951162	0.009743142667245595	-0.006920728637303774	-0.005158138027682929
X951171	0.009450260279309269	-0.016917183968426005	0.011979085481379215
X951174	-0.004065874715519072	0.006955046174953275	0.02734857558497618
X951242	0.0037735758773973023	0.001750433597493789	0.0413020355113801
X951273	0.00684584741464858	-0.014631830542632698	-0.014570622327946054
X951284	-0.0012910590469823304	-0.00488952231625404	-0.06325836822369482
X951317	0.0006495111818393907	-0.022052521942021928	-0.0591719640746649
X951318	0.014382777605573787	0.001560649025497023	0.03170493866053587
X951322	0.002499212009379854	0.013119321669611462	-0.025783950364429615
X951337	0.015948755685160562	0.009583208736803463	0.02565517888194596
X951365	-0.023755579827573037	0.022262264438076572	-0.003047315614897846
X951409	0.03903326066763825	0.015473758518691682	-0.014069806815986085
X951429	-0.009462254550478777	0.012509641356641068	0.0007117647368410725
X951457	0.031698269473223135	-0.006623622938384333	-0.04089543966263726
X960001	-0.03547491925994456	0.029541365158958534	0.01638539065030164
X960003	0.001123998941453446	-0.019009847472733345	0.019886421225788303
X960004	0.004583395907318618	0.019834453144719936	-0.062180742993277874
X960005	0.0016165388077479846	-0.010398484116641949	0.04287556036708515
X960009	-0.01154725879010944	-0.04332233028658748	-0.023269575122091303
X960012	0.004142521231511476	-0.001061477982174179	-0.0020663810512310627
X960016	-0.0456756139624282	0.04222501042171502	0.015792966652212186
X960018	0.0063370804456634984	-0.003101824464384923	-0.008647036060625628
X960019	-0.06203021071665191	0.08185262064614689	-0.04031066354013571
X960020	0.011967779048817939	-0.0012520448321191697	0.012188887263175241
X960021	-0.024412350048012465	-0.011069599113234655	0.03837073757646526
X960022	-0.00517642725861158	-0.00867976545103874	-0.004282383913600715
X960023	-0.009829079645970842	0.015320310703360256	-0.048965800839421314
X960025	0.00463019880055079	0.010639129957236754	0.031631829604422394
X960026	-9.143011877427855e-05	0.013751288977412164	0.025243622560816786
X960027	0.006630634282373586	0.012024493035383272	0.0004669059409832237
X960028	-0.01672201585901647	0.04108426840553855	-0.0051128309604673485
X960029	0.007555950925517998	-0.008810819432261505	-0.008692400643032921
X960030	-0.02114631244185022	-0.02532264307145882	-0.003985876061549911
X960033	-0.04348024875351564	0.031358330826012415	-0.0021936684685372873
X960035	0.10198866082058831	-0.005206226471624202	-0.029081099914206775
X960037	0.01650590400702627	-0.007812114917008472	-0.015384090243295304
X960039	-0.006052082899713212	-0.015312531438365681	-0.04226573770568153
X960040	0.0278778885506462	-0.010791214335854154	0.02257760872869242
X960044	-0.0026342357160073133	0.01296619033396232	0.013776532018636324
X960046	0.03247297207377439	0.07352746968629144	-0.020319196180007555
X960048	0.022597709137080035	-0.053839400654016364	0.031327345856294236
X960049	0.0021444501844796317	0.0034418032919289873	-0.025361764801915883
X960050	-0.016350563925761664	-0.0007419259232977575	-0.05680853908360631
X960051	-0.01837583298859736	-0.009918730647398972	-0.012339231398208724
X960055	-0.007463787374696164	0.019085571639563568	0.047037633093195905
X960058	0.007596210130302443	0.012840863716706088	-0.035568641713950765
X960059	-0.01449632387727724	0.015384704501815583	-0.03539005818796908
X960061	-0.020344961816270574	-0.005424465437243586	0.00832987620133569
X960064	-0.007770172470064544	0.00915463884107937	0.047486927284828
X960069	-0.011939267300008643	-0.01208628744450924	-0.011687651529819296
X960070	0.004361061458606859	0.0004699680673745594	0.0047298492896693705
X960071	-0.013588658490941902	0.004987104823439673	-0.0438379132575985
X960072	-0.020094696964132703	-0.005956679227064624	0.006132566694204605
X960073	-0.001783794915175606	-0.010377078894508354	-0.05878759575020102
X960074	-0.0236424528891111	0.02191904659455233	0.0035310045100069676
X960083	-0.002384338400979197	-0.002656548618108641	-0.02286987090290733
X960086	0.03737629574698256	0.09353481071869897	-0.03463579589247393
X960090	-0.01045150073981322	-0.014096628087151676	-0.036295819965410286
X960091	0.01344316046168945	-0.0025149638763494937	0.03428881509894235
X960092	-0.02189651622970987	0.0036474891210620084	0.008875486348961245
X960093	0.010863682435203281	-0.020495363833638872	-0.033463771179612765
X960096	0.005109717585427043	0.014111914960111166	-0.009589572316824387
X960097	-0.005061760252349063	0.000337208400832951	-0.0270933780025741
X960098	-0.006142553900265206	0.014849468431503053	0.02817047185408373
X960099	0.0019267123459617242	-0.018429348670518996	-0.00787990944564897
X960102	-0.003078263796647393	-0.010116075237312639	0.04141108553533689
X960104	-0.01032502320240903	0.0016365213512891	0.11075969834088097
X960106	-0.0052743204348505	0.014694902355217459	0.0015895778392068446
X960108	0.0009984380279207548	-0.011105789655913566	0.02818657608366185
X960112	-0.0018812514918176446	0.07302346392897324	0.010951345495898504
X960113	-0.004650487944967864	-0.002050462544302923	-0.05650128194229523
X960114	0.005325874382920256	0.017957299386157033	-0.019031841710279978
X960115	-0.0022241401643003918	0.02014763331920463	0.026487300395888282
X960118	-0.025117603652911016	0.0034459426761950978	-0.014094976748164697
X960120	-0.008496787817913477	-0.003642710942267361	-0.029900107022712223
X960122	-0.031433018648904486	-0.011630122122759566	0.05040737931640585
X960125	-0.0015490108386447985	0.013453521120802867	-0.02930542156781521
X960126	0.021408034048135897	-0.02115470859754673	-0.012783863987271273
X960129	0.025287398830273453	0.005933748576583181	0.054832141116141195
X960130	0.008678632236446255	-0.013026111947299085	0.05127171606744928
X960131	-0.011800005290055756	0.014092617297546866	0.021836439718616783
X960136	-0.013217261301059395	0.002198784518086937	0.005954806597847301
X960137	0.0003986020633167512	-0.014097683658742774	0.011510888576279858
X960140	-0.016766820954614254	0.0031919763966406422	-0.025700855087568978
X960146	-0.06898474555821235	-0.08422204194145347	-0.005306261039952887
X960148	0.00610049136626834	0.010032012715676488	-0.026946715091866632
X960149	-0.013245731483595131	0.003625991461266421	0.002755342192174789
X960152	0.024566685059041252	-0.004638141987341802	-0.02005243219957318
X960153	0.008212147794525532	-0.02707325972872801	0.049272693539525986
X960154	0.04131947982393644	-0.010010685964296362	-0.005455823315956204
X960158	-0.04609250608311163	-0.02729020684735775	0.012780931089896273
X960160	0.029261431098231594	0.003686659577461501	-0.015760995638061978
X960162	0.0035253568876875596	-0.012036313645196422	-0.022926180496529277
X960164	0.0009216869479797392	-0.00046229366379271607	-0.02283442570818199
X960165	-0.011869004672393636	0.035577962607017496	-0.05904582486206847
X960169	-0.002753620031748421	0.004952114346633542	0.05412959697932304
X960171	-0.002626750002656748	-0.006273791744886289	0.01699231808031389
X960174	0.02165994482014565	-0.024292788408844575	0.01064305322175126
X960175	0.0011517331744391073	-0.000874629691599206	-0.007991677321551798
X960176	0.017715059957025443	0.015663352158058644	-0.021293030810690044
X960177	-0.023780986819500992	0.020898237879421563	0.00114680693064181
X960178	0.012282459632204552	-0.0008690939134759037	0.024421053631700395
X960179	0.002805088079634285	0.010457428086846403	0.007651206307808575
X960180	0.007127915546519019	-0.027414102201215748	-0.028479311297334716
X960181	-0.009182182066192488	-0.013532643896445302	-0.04155245817297447
X960183	0.011766388518963639	0.009752532087779342	-0.014075468579954826
X960184	-0.014521402140289734	-0.003495728720601795	0.028482091873525826
X960187	-0.02144989551455358	-0.00834742811862086	-0.017779998484070587
X960189	-0.015935225222414414	-0.06864363715666699	0.014202344284913475
X960193	0.0058265259818102814	0.031027844695509163	0.01569455692146541
X960194	-0.007756253056408038	0.06466927966315467	-0.00944139997396563
X960197	0.00654906237407087	0.007833621520342508	0.00730084298926809
X960199	0.0017060247399950837	0.013624131269086253	0.007770096359313343
X960203	0.0019105403656987244	0.004585578605956481	0.00861777546216976
X960206	-0.07763739534429727	0.06162840544387216	-0.03721813217413151
X960208	-0.028864297609941275	-0.07428351313565966	3.1220138319278465e-05
X960212	0.003728832295021111	-0.012416290694028229	-0.017832005418829202
X960214	-0.010441901357941747	-0.0298552779025628	0.0024520091325803306
X960216	-0.0011394116982045071	0.006144968074517346	-0.003759406527459623
X960219	-0.015061204786689285	0.02139095943453916	0.0019975501119461393
X960220	-0.012017710420977474	0.022528389324861967	-0.027161126880689748
X960221	0.0018594953074091841	0.02415221059946534	-0.05838206067689161
X960222	-0.04299762955493954	0.058311268600881046	0.01688268586004799
X960224	-0.007292533236986854	-0.0054425919441460965	0.0028455377895919972
X960226	-0.046516730392510676	-0.10417961884551905	0.03540977858004105
X960229	-0.010462838271256061	-0.015504118274563996	-0.012418845756548771
X960231	-0.009857079989325198	0.010247282721397011	0.001983181899090184
X960235	0.03235627754404033	-0.002016002254886073	-0.003020437381298233
X960238	0.018650839194331782	0.03458860067789252	0.00029001383309015984
X960239	-0.025932058985654607	0.023244699099088124	0.028805024132202282
X960241	-0.013792067631092482	-0.01630919841451004	-0.00982119705534929
X960242	0.16467716330547305	0.045154110841156635	-0.01696237759795076
X960244	-0.012246668223507442	0.02009069614430129	0.030353320143476404
X960245	0.025481081044298377	-0.018133700874109277	-0.05942167990323318
X960249	-0.015001135568092542	-0.016444394641128634	0.037230463538223346
X960250	0.00906009523855588	-0.01018367793672869	-0.0086174203439533
X960252	0.0071708876532595505	0.024961515205237678	0.015223064061487676
X960254	0.005227943636560406	0.02817092225874054	0.00561682926957733
X960255	-0.0047862762513934615	-0.024103557297091953	-0.018849252304641184
X960263	-0.005153702938750931	0.0010095385814380806	-0.03346188981669432
X960264	-0.007780328283359207	-0.0024967726910310704	-0.036352329227654905
X960266	0.005557914765550255	0.012201907813506972	-0.0151131655220944
X960267	-0.0019780013024693864	0.024898224037283773	0.04397869883684731
X960268	0.03833883621430219	-0.0052603377198012224	-0.006713050161648779
X960274	-0.012032279714903232	-0.014900984006882506	-0.016133923361136223
X960276	-0.008399749257707173	-0.019532382850632544	0.011041408711633189
X960277	-0.028233236415737675	0.013961863685640319	-0.07617996156994696
X960279	-1.3543978855975195e-05	-0.03177374681453038	-0.02020051878231973
X960288	0.0003151417480564456	0.00662641777878498	-0.01833795944713297
X960290	-0.002296287562358859	-0.004589361733314228	0.049872507759791344
X960297	0.0005980979214966216	-0.00014923072974846126	-0.004014260615472566
X960302	-0.012528744755838194	-0.009978930589066109	0.0004411558914355325
X960303	0.01319297547968472	-0.02346215265904597	-0.011197555076440692
X960304	0.021271283848393895	0.02281013870887538	-0.014349643910302282
X960306	0.057808873902175886	-0.03571061074880485	-0.05271231413852678
X960309	0.025619110269529757	-0.03600151721318022	0.0008293018211087826
X960312	0.021585620538466334	0.006025703657373281	-0.012613566252857832
X960315	-0.005691204366069762	-0.0059741461842077	0.017520342852185566
X960318	-0.010697210924407737	0.03978915746949086	0.003945454549371756
X960319	-0.027233138383771744	-0.027029083502713575	0.07825323556861516
X960322	0.0012341333860670961	0.0021384229376448264	-0.06287042778801187
X960327	-0.000767907934582599	0.011486508818155435	-0.0314766730907973
X960331	-0.004455758378261551	-0.004767110018372915	0.044202488885233274
X960336	-0.014626884318112297	0.034586905901960265	0.040692414985314666
X960338	-0.01251775106500897	0.01067623581635429	0.0180179908466588
X960339	0.014684291803985651	0.00536640645182898	-0.027620797199675466
X960341	0.009534056253670362	-0.03437829583977661	-0.012175692567168658
X960342	0.02753824496718781	0.013208637034966993	0.01636770120120046
X960344	0.02621998294841409	0.020132927156371036	0.024159582054521914
X960347	-0.005133280084289434	-0.006333251855584929	0.0009118079685288509
X960348	-0.004548825535602454	-0.00868053090900525	0.02627973394069063
X960350	-0.015855227961260532	-0.0056178689886226246	0.02757515086395752
X960351	-0.012449721853883931	0.0015585547217299575	-0.004081720847514239
X960352	0.030566359891996544	0.004421904836195095	0.03155219216374685
X960353	-0.02890696471580333	0.025961399944829204	0.026711238388061168
X960354	-0.015151980199848572	0.02176543894493791	0.00043462566500031925
X960357	-0.008402031107071604	0.013487182763643036	-0.03131639756647399
X960360	0.06091859222800536	0.04130167945611244	0.016305255438517345
X960362	-0.010187806412032693	-0.01641742769664331	-0.003735265932156061
X960363	-0.021022432004817952	0.04205327018092665	-0.030409360384817775
X960365	-0.001502050094604163	0.011018250738096346	-0.05777394285974848
X960368	-0.0041891135271087745	-0.0005339127294675117	-0.0026247249714810785
X960372	-0.018707319857129718	0.024752067148063054	-0.02689639091051436
X960373	-0.004709500986241874	-0.003899104948890587	0.012237913687395453
X960374	0.04716563294615675	0.03044416106021622	-0.00754313498199672
X960376	0.03916814059701284	-0.011777509697868118	0.011505644780944083
X960377	-0.00435045920439184	0.04231543853261897	0.03247630976707931
X960379	-0.0026677939026840732	-0.009132245516127334	-0.011342446558735448
X960381	-0.01980302534288106	-0.006458691940613238	-0.017447684430763322
X960383	-0.02588800834808606	0.02897965877316852	-0.01002930150222675
X960385	-0.029577484187535436	-0.016563051016053217	-0.004428999485446818
X960386	-0.02949276022550799	0.05806717700791636	-0.08087983348796397
X960387	0.016437376038470498	0.008660033742100559	-0.04665337467736942
X960390	0.005386855412229287	0.0039049279888327495	0.016822794778184266
X960394	0.008765895206198969	-0.002824374294149594	0.010688664523276372
X960398	-0.034219621901505445	-0.008513645103252023	-0.014388323621527511
X960401	-0.003590030700355326	-0.04648314988080488	-0.0015284079227824265
X960403	-0.012772997338230552	0.009383298271585802	0.022447414786751115
X960404	0.013786560413891142	-0.014271254999794508	0.0011765082217124775
X960408	-0.027385764468721607	-0.0025360614487117605	-0.007413182234251956
X960410	-0.0052689457928196785	-0.01482274863725484	0.058462384811867024
X960411	0.00383247319910945	0.00498336260076586	0.02335593349088478
X960412	-0.02161704295412609	0.00020987446192399477	-0.0059832793230178835
X960414	0.03144203467206575	-0.0014191048515901376	0.02539226712709666
X960419	-0.008497941821260254	0.011772275978739057	0.011239288423961975
X960421	0.0655514169000393	0.036677864285084766	0.0725457328323778
X960423	-0.007241504844686253	-0.015179533345620326	0.019907118561990674
X960425	0.006271305882375939	0.003296573008813525	-0.04696399638639933
X960426	-0.005085422636458842	0.00032010411081222825	0.020232681531661512
X960427	0.02485250411140706	-0.012166790774619261	-0.01223028893073997
X960428	0.004894423491105221	-0.018245403099713894	0.02509714262056812
X960430	-0.003716236969746048	0.0012640696430583334	-0.02256599189335784
X960431	0.0016269395171717247	-0.0023816740117049763	-0.01881621225857554
X960434	0.0013165800799594385	-0.027300880632812375	-0.004009790463263205
X960435	0.04536411036588345	0.010464256623635908	-0.0037702496495380447
X960439	0.0007909871225283913	-0.021743916371824986	-0.04082375964392304
X960443	-0.0010825712550865773	0.07928798747674577	-0.01939597964250135
X960445	-0.00862074329542621	-0.007856575135018976	-0.007540590641523765
X960446	0.0035748670886246426	-0.006000172586000069	-0.005211063102592254
X960447	0.006616395839951782	0.006049259954237597	0.09361125214962647
X960452	0.015106562057902478	-0.015519326375062996	-0.025861868889980145
X960463	0.11165130895960557	0.038572487477752236	-0.04428609254670953
X960465	0.07989097468378148	-0.0008169850048274312	0.03848168377253892
X960478	0.008903491074460009	0.005866654892437456	-0.04599365314783068
X960480	-0.015692029914426774	-0.012798676198196347	0.03747341506599323
X960481	-0.03833314137672906	0.006210981446084042	0.01180315764985839
X960483	-0.031087287601142193	-0.04652773088488153	-0.03647202450289156
X960485	-0.04484718016546616	-0.1337390332155485	0.04003719342239741
X960490	0.012680431163651796	0.0031746345740491255	0.02695884758380994
X960493	-0.00801688646778133	0.025163114777406046	-0.025985765970521366
X960494	0.03125557973024963	-0.08920935120027347	0.006361878348406934
X960496	-0.0038870670732091364	-0.015609041994667217	-0.02870016367731863
X960501	0.005197339209433098	0.02054536913704664	0.026549528517161154
X960513	0.009985480974008611	-0.00010140093422328968	-0.0011196874572264788
X960516	0.00556752475340485	0.010582553456936195	-0.05146411269924816
X960529	-0.016520142978206556	-0.009610775047290012	0.04479992084972448
X960538	-0.010634423418955815	-0.013277723852220225	-0.02296212324591253
X960542	0.0006963468543108472	-0.029459444982813023	-0.03098182361728081
X960544	-0.016465670698240002	0.00655098701925972	-0.019543220697089924
X960550	0.02093185096978381	-0.002243592286455691	0.015742895556957404
X960551	0.003472007127130207	-0.0047067427683785724	0.016454661460340705
X960553	-0.007099959360793661	-0.00999094185736733	-0.014027226775245687
X960557	-0.03117471692224326	0.02363470362844424	-0.02522563124590552
X960575	0.046574844415254876	0.11317193522430181	0.03793702906832762
X960577	-0.006502495711604054	-0.0019446870790271456	-0.034404367297382006
X960589	-0.01695415592952991	0.028980883430928358	-0.00899186694332855
X960591	-0.044823309708270295	0.0530395067586471	0.009247483488629428
X960592	-0.06885341861877065	0.112393355371097	-0.0017212254807509797
X960596	-0.04664257893415551	0.01058593198975957	0.0295930379921711
X960611	-0.01519864426494697	-0.017690431960820218	0.030625059659129962
X960612	0.037405772177141465	0.012250244267016923	0.030138854531133238
X960616	-0.00277642490288973	-0.012838448978978597	-0.006939881578423066
X960632	-0.003568332328146877	-0.006789133233570845	0.02261973967606082
X960635	-0.0028372635913655477	0.000541459307134097	0.0024395858775821937
X960636	-0.0005135618820822671	-0.0004248281905482928	0.0009825046640557764
X960639	-0.011776410455670705	0.02923381467788685	0.04573920859151449
X960643	0.00016649453605575398	-0.003530719594579786	0.009939017107569578
X960651	-0.010461518850551178	0.013800063726778325	-0.026366640949000326
X960658	-0.015730935749308575	0.04853190054148453	-0.012447489758595132
X960659	0.028090596724217896	0.007854420895925194	-0.0030784684950088503
X960666	-0.0065866932204215745	-0.022567399567449496	0.007051274567989621
X960667	-0.006613099798462232	-0.0009051297099307525	0.01773522703254512
X960672	0.01658138515341096	0.0008760376577285737	0.020321745735194695
X960673	-0.011012980086682342	0.0569539697747475	-0.06068120469668939
X960683	-0.04938285871567484	-0.020852857572967735	0.019267138637306187
X960684	-0.009006066576958367	-0.002227554514242767	0.03260160988149736
X960692	-0.04303410886677173	0.0183093567328676	0.014803200193852917
X960693	-0.001602893039442819	0.014223643298850931	0.03604734262170142
X960712	0.0012973986681618652	0.014126055882393245	-0.04008065386649268
X960719	-0.0034475084882781143	-0.011673585911285896	0.017203638840853016
X960720	0.0012728857713148933	0.05176183671918676	0.020740965113645198
X960726	0.09555694067852166	-0.04524057750683245	0.051853590011895434
X960743	-0.0009434555286543822	0.08862640871453047	0.02452242308627805
X960748	-0.01904051098855018	-0.006731484474538546	-0.017576090392613795
X960751	-0.01859496212208288	-0.07245388745121624	-0.011329244323361302
X960760	-0.021364898764765237	0.01535748444045242	0.012651259211260599
X960764	-0.05344377332814363	-0.056671374937250225	0.03839945519712932
X960788	-0.008355852176033685	0.06535177264981283	0.025809650903854505
X960792	0.004724148323984188	0.05010533384822114	0.001302588303151869
X960793	-0.09026803970691578	0.07583166844655843	-0.04254155595342956
X960795	-0.012492272759895527	-0.02381551053955072	0.003922997385870638
X960796	-0.0028552591186582683	0.007121418383969341	-0.020143907029385563
X960803	-0.005421654971277851	0.008577105489142305	-0.021667573683174447
X960807	0.008994469901128168	0.012879031967731207	-0.044471185251006635
X960837	-0.010789147103762048	-0.01577473249823323	-0.05167732755759218
X960841	-0.001964096829713822	0.07416436677910171	0.01689517943236548
X960843	0.003972290254647725	-0.014200663111794213	0.017458774011903617
X960848	-0.001315640283109862	-0.12064835497305397	0.01771572578467861
X960850	0.025428967043531595	0.07645751890509643	-0.06456097727952038
X960851	0.009472288104142242	-0.011465114903714818	0.05303811617191032
X960857	-0.01750494306430362	-0.009987462508845546	-0.0073352214583269435
X960865	-0.03207876185046716	0.03202942703613019	0.032270145210696495
X960870	0.005836512044117399	-0.005472339529799836	0.017412629375819295
X960875	-0.02422507988087867	0.03878577335772071	0.011340009981282198
X960883	-0.0060244520072575925	-0.012904424968341896	0.003944159694818125
X960884	-0.01814788777243175	-0.0033459739753542712	-0.029623597198218724
X960892	0.010940949669460782	-0.00478566560631185	0.028407601577054065
X960894	-0.010401904070755523	-0.002293813604180954	0.019757063088598478
X960910	-0.020822136509085536	0.010770969443752361	0.08345409524553637
X960911	-0.02284370232585017	-0.020615175946665884	-0.05063712495339147
X960920	0.0211954964460432	-0.0211799454785359	-0.014714614474431863
X960934	0.09983962840118718	-0.06018954988935841	0.03727781297113398
X960939	-0.0006658395065240485	0.012165690037385905	0.0680549529230692
X960943	-0.009781834638073613	0.02514956019647939	0.03438140831275809
X960944	-0.1513402927713294	0.08577757588618819	-0.0051169176055170466
X960969	0.03783098576043386	0.012332003907519946	0.0038110141140391633
X960972	-0.006118474705502272	0.008814452650498461	-0.01476252536786812
X960974	-0.0011284413985521277	0.01331597054063821	0.02030367275397803
X960981	0.034464004101238184	-0.00708080849963228	-0.025460454919121016
X960991	-0.022027994048484843	-0.05478868989690762	0.024839276946839472
X960998	0.0071308542847174795	0.01638650728572073	0.0471829146285238
X961012	-0.007333225884615288	0.039331265019341415	0.004415431847182142
X961035	-0.007217945045035818	0.05570617439781338	-0.029426464981065704
X961077	-0.0021859083659497886	-0.008268326563047325	0.050113922446390353
X961092	0.036216888812197846	0.025590562067329275	0.037417887414543466
X961096	0.027078608011063657	-0.029076679295785602	0.0005337376606004838
X961105	0.0031969252290708497	-0.008529659893930364	0.009447857118613841
X961124	-0.03407502073917082	0.005877762870283316	-0.007489088911434805
X961128	0.013357226810975387	0.02445178905306477	0.021030358830563884
X961151	-0.005810559664447808	-0.077324884290988	-0.0030393572054279814
X961177	0.05001266612213234	0.026022389591106285	-0.0020018647523504123
X961180	0.046428338257414034	0.03772983978811912	-0.01053626248292243
X961193	-0.042922364685041896	0.04249667761097554	0.015800326592159852
X961214	-0.020660016919867966	-0.01243516765671783	-0.03364975371478605
X961221	-0.005829965785446639	-0.0011961364558783004	0.010712588474705596
X961226	-0.024167436361748586	0.01119636723375024	-0.022152106728108245
X961240	-0.009103559987860723	0.04152388956522905	-0.07370361679695153
X961242	-0.0052154693635131635	0.003656577042728385	0.0199286535686471
X961243	-0.03266201937655177	-0.29293896066726627	-0.0237219488382009
X961246	0.0008787522442282637	-0.00465666056761041	0.05829958834293605
X961263	0.003232581387489526	0.009834268304432623	0.0008073664415251869
X961282	0.0018775669930363302	0.02012830303759977	0.015636021937768745
X961321	-0.012912039444923524	0.001583352797819116	-0.006520889170872838
X961325	-0.03525046568350881	-0.1717965478609576	-0.026137942574090408
X961339	-0.020146589931288483	0.05680870283508413	-0.05966811871383441
X961365	-0.0015146047445626853	-0.03417907447016615	-0.013249447899502878
X961417	0.005133371781942844	-0.008283565897256843	0.024086687827408342
X961423	-0.016271119681645792	-0.019235551814048922	-0.005097063164031534
X961434	0.030148424465794594	-0.006710473165097797	-0.04567161731071575
X961485	-0.03335182885866662	0.018978687207486716	-0.0003790848593727006
X961553	0.0876119356866555	-0.01701525912196963	-0.01652033265490011
X961577	-0.006493565230104742	0.02765261688957927	-0.011390508511008755
X961634	-0.004620081867299517	-0.018826115063230644	-0.04947070462373833
X961684	0.005658187338919415	0.008014314407490586	-0.03748003225311562
X961686	0.11366260711490844	0.0022294718440867105	0.02456648248884317
X961738	-0.035671385713775546	-0.002495035608599959	0.02317711924891063
X961809	-0.024975537851119917	-0.012777985390539788	-0.0012631211772816367
X970002	0.004731149506035618	0.006563188839435284	0.011342017858181204
X970003	-0.010348660184001183	-0.009278033805003019	0.020775421022034085
X970007	0.0005693290907414624	0.02619875657132631	-0.010732856695515871
X970008	0.0039370990208892455	-0.001617655973165932	-0.019393741920799693
X970010	-0.009240701276335672	-0.008371698179001914	0.01236400854583771
X970011	0.0026023904651813405	0.017125011951513076	-0.058912724354364496
X970013	0.0012902240162840151	-0.02070349340401675	-0.05852465041654682
X970015	0.03919311806937527	0.009382104250271563	-0.037748064347780684
X970016	0.01112481567113914	-0.004236423950662481	0.019991000487377092
X970017	-0.022234913874297095	-0.05367077130988608	-0.042921697715279164
X970018	0.07919301182885127	-0.00133766571351203	0.01628846455241754
X970022	0.014711833807230387	0.007324585306528905	0.03393691248831664
X970024	0.00044219181984315184	-0.007138855616659124	-0.016258489149104084
X970026	0.0016502963613171703	-0.003933691363363916	-0.050524241458430236
X970027	-0.001966717350009783	0.01892731883142999	0.07428605159234221
X970029	0.0035729257473325966	-0.004529471730348191	-0.010082131650353496
X970030	0.015634843128773158	-0.02270064455514605	-0.033128686633139025
X970031	-0.002587336146490929	0.0022645129412957425	-0.017819174695529932
X970032	-0.08567060591243517	0.050158204244672926	-0.052658069148044946
X970033	-0.004997450614002438	-0.07919448883053709	0.02040531470397811
X970034	-0.029947234309905226	-0.0077091906812806225	-0.018173134378593695
X970035	0.013218004093597493	-0.01708592765318747	-0.011794049474504685
X970037	-0.008582523011666891	0.008811032229680327	0.044295566108786336
X970038	-0.024847918734169933	-0.022548223066265964	0.0351112846159101
X970039	-0.009365148066117034	-0.0028953096580842516	0.011738294186075953
X970040	-0.02003357417760898	-0.024568013445367434	-0.019177305942341124
X970041	0.006423278151908232	-0.007339234769132411	0.020754589465389894
X970042	0.029612798898902705	-0.024474693494582176	0.021046396625492757
X970044	-0.011757917018598608	-0.016848129934790262	-0.022400963954252454
X970045	-0.036540307261502473	0.021836765999116478	-0.03163772851357498
X970050	-0.010025879887079087	-0.0004195568193692347	0.03690719613683055
X970051	0.023154614059680976	-0.008208117083173134	0.010521167032190842
X970052	-0.01693778270679757	-0.014463915283397239	0.005585962054518009
X970055	-0.005269950439567661	0.010952234112373383	-0.009257807951740478
X970057	0.008956212793305222	-0.005419291680633768	-0.02305114630613281
X970065	0.002577518946093559	-0.0014179457920719444	-0.020765358080038338
X970067	-0.009279313250642528	-0.006591006889722167	0.03563569104094631
X970069	-0.04704078864871822	-0.05045261749823401	-0.005380165292838252
X970071	-0.006791617908849504	0.006360289592356591	0.0016054794518928876
X970072	0.019112780663962534	-0.013187044141673569	-0.055356388694009634
X970075	-0.03234053139579156	0.0327330206917414	-0.032244957301181584
X970078	-0.0043014764926558305	0.012484116271024508	0.00709378823018228
X970079	0.027338629863126376	-0.022001198141140422	0.030583185018428886
X970082	-0.01085101508837091	-0.014517064065461145	-0.02420497542812994
X970084	-0.013385089274028662	-0.02644720459271136	0.01213896574476318
X970085	-0.02301354482626227	-0.003467619064490456	-0.006804881552557143
X970086	0.013536637188244402	0.0060587079293390736	-0.0007748197502345876
X970088	-0.00540197989940894	0.0037102330676249736	-0.01562639693806248
X970089	-0.03348496760125202	-0.022631622524676768	-0.04909532564201566
X970091	0.11821941088456442	-0.0056291800735519225	0.04066360268729119
X970092	0.12284007288235246	0.016843434675014583	0.00140497126133474
X970093	0.0026759649197397204	0.001844556143242976	-0.019587044791523706
X970094	-0.0365972324181098	-0.0010735976275748052	-0.01429111622321287
X970095	-0.018224970618037618	-0.027612406509567804	-0.031961840129968395
X970097	0.022151278130158488	-0.010593441223860932	-0.01140953118977564
X970099	-0.010971649238234394	0.021372345074184868	0.006438167522022815
X970100	-0.046497313279249504	-0.0455588398537778	0.0034402091027020657
X970102	0.04661594748932073	-0.04547317361930473	0.015281504061025337
X970106	-0.019939002751204176	-0.0010076918875542187	0.009555200241315651
X970109	0.01007210152817943	-0.008691122230910397	-0.02105745172120841
X970112	-0.021181201763840085	-0.02784917042156006	-0.01610808900912817
X970113	-0.017340992015225203	0.02286398168263441	-0.03629214538287511
X970116	-0.009138847604638869	-0.009755774436291635	0.002449531728542562
X970118	-0.005238907745850645	-0.006534425422050234	0.03297086231171079
X970120	-0.005269042864070652	0.027562391323836637	-0.00216798564572214
X970121	-0.06276362348375296	0.06526801662907777	-0.032011774130908374
X970124	-0.01687507561236339	0.012062408387253875	-0.0466233551765988
X970125	-0.0009447121553520811	0.0032616033964441796	-0.007131058260547994
X970128	0.008106974406955481	-0.013226522320395577	0.0002294046356879841
X970129	-0.005054837676500499	-0.0030509429787604425	0.011469185516390637
X970130	0.015372069855634485	-0.005961811995949245	-0.022814110672408836
X970131	-0.026923369744904956	0.0007427559434208719	-0.04351650820280889
X970134	-0.0003987640821456356	-0.001506223736460248	-0.01773599766492997
X970135	0.012754506615402601	0.023497142649750672	0.023626251322953516
X970140	-0.006966547182885611	0.01684873514505775	-0.02003302217910882
X970141	-0.010679420690855385	-0.011892751916410848	0.0024367585906958996
X970146	-0.0013923679579856407	0.0012526594199153617	0.04468654162233933
X970152	0.03257109921364962	0.014751672588311327	-0.05193340916953499
X970154	-0.010426754690364788	-0.020537067825999757	0.050609744701066474
X970156	0.013161050329052503	0.0016201605091111062	0.034955077392632275
X970157	-0.010601164491928597	-0.0004182238738409181	-0.019139647908424172
X970158	-0.008933372302607807	0.01958545358768371	-0.053836056558015516
X970160	-0.005030716271155548	0.022612097795653967	0.05941721257982181
X970161	-0.02672908438342808	-0.016155408896939692	0.038111076134809324
X970165	-0.002517532937125989	0.012100398941212832	0.043481190305243334
X970166	-0.039502894749842504	-0.021527473139389026	-0.012231286531334177
X970168	-0.011327150772248122	-0.01474135977435434	-0.0003124025954701241
X970177	-0.009295866864751244	-0.018445055264825653	0.01910223975442703
X970179	0.005766248653390789	0.016609318905800318	-0.010191022401774701
X970180	-0.01438672392553406	0.0028739674805646673	0.020456384978730365
X970181	0.009727984883607441	0.0036658899342287476	-0.006930049513106253
X970185	-0.0035090239642714253	0.04366459846233345	0.009042633060487833
X970194	0.005875283884199295	0.024669866896964255	-0.005118460189869822
X970197	-0.004936383481296026	0.02274647516690905	-0.010156698564058928
X970199	-0.0011541828252936233	0.006264759000437266	-0.039551038365298885
X970206	-0.01652180077507102	-0.03161858399546027	-0.0013861031019103767
X970207	-0.010770149798500701	0.038590688643878206	0.013824449702136416
X970209	-0.002802820473700144	0.0018556502307680983	0.01446682147850484
X970216	-0.012455524125072087	0.05753524406423157	0.017803362170499413
X970221	0.016945396098432198	-0.016874459796983127	-0.014005219316638149
X970225	-0.006749467534094078	0.0016029545588887003	-0.013706711101614553
X970226	-0.02350982304255146	-0.04065079844987124	0.028809543081661223
X970227	-0.014877324096066067	0.003052685925143073	0.035520689172080504
X970228	0.013881243014647202	-0.007614651155826597	0.010169154574199934
X970232	0.053978125101867905	-0.026476928812288254	0.022119981002223534
X970236	-0.02945206958333704	-0.03623159930282473	-0.014266898725018405
X970237	0.0007882526771845471	0.0014854780382721944	-0.07021119390011696
X970240	0.06120547850086238	0.11436666300957074	-0.04233984824587182
X970250	0.008818450513192352	-0.010727755819070315	0.03771519621975755
X970251	0.021721383973228835	-0.007838032429851524	-0.04104152439457307
X970254	0.04668457247247144	0.008773762005552395	-0.029873559401979978
X970255	-0.01723119540489952	-0.006252296878455239	0.054956066075933105
X970257	-0.030148493035700295	-0.03864250276998218	-0.03375960417232573
X970268	-0.003732885543885008	0.015632031631309978	-0.010747311618422238
X970269	-0.02741526593878378	0.028320961670746127	0.002478090660515113
X970271	-0.018001410374231946	-0.07471913699023766	-0.028296902406298095
X970277	-0.028004452688694184	0.0005196173535972538	-0.00878427300704438
X970283	0.11966364964016844	0.003433872264608031	0.061152476086134215
X970288	0.030836328296367913	-0.003800977078496006	-0.014015527678581446
X970296	0.05273010810633842	-0.0022368666607642264	-0.056188957286064205
X970299	-0.008336747332732083	-0.003749553309825482	0.015942616888545418
X970307	-0.0016589164617220175	-0.008338723677298166	0.035198601171095203
X970312	-0.01099024934939982	0.013866901726548284	0.037874613656687
X970323	-0.011112582751040025	-0.01726524831837463	-0.017001304769225508
X970325	0.005509947918940098	0.017785211543783565	-0.021876902036276312
X970327	0.05688515419592778	0.0009729151000579517	0.028269881176843724
X970338	-0.009806769615565092	-0.0377131756657167	0.06311823623109683
X970342	0.09696488356134128	-0.02118920611707089	0.03381201553217496
X970343	0.027313516687353784	0.01604070314934102	0.01627256263229931
X970345	-0.015934975363439078	0.008936465681103229	0.028049778533266494
X970346	-0.0554693200492491	0.01347760629504546	-0.0014962008230208624
X970349	-0.011823155794233115	0.007902430448374716	0.00818455532710212
X970350	-0.02418915881652088	-0.008878255049871562	-0.004121575352919488
X970358	-0.002515480459387563	0.0051648777124864605	0.007435448850564813
X970359	-0.016069998890755003	-0.02857085739741632	-0.045755061573745086
X970361	-0.027276285945001873	-0.0005196645476949535	-0.030397094941239364
X970366	-0.05623519759540642	-0.10238324706427865	-0.006412572385519455
X970375	-0.01019215662240819	-0.011718388981911937	0.04443397447459893
X970380	0.02573525279560784	0.07552230990533228	0.005461856825338191
X970381	0.021941440453912935	0.006153013222197115	0.0028936272962963696
X970389	-0.04417252952070579	-0.004480869069111109	0.0015763087215741394
X970393	0.006502312085175674	-0.043425930675977414	-0.052678353165105114
X970411	0.020836387513920033	-0.03548318803155783	0.03653945045680477
X970412	-0.007848801436375862	-0.026325539923626816	0.01717109404858952
X970414	-0.018392173699618222	-0.02018404673639012	0.0044163935858388586
X970425	-0.008532415897305329	-0.01224632874156888	-0.053278823773661395
X970428	-0.01020982150612644	0.013259425116174733	0.045459424236515986
X970432	-0.01944071511138896	-0.009940624642223943	-0.032790169160343594
X970454	-0.011597550493224166	0.0025913952199212126	0.029551215943820285
X970472	-0.010797521773551493	-0.009580379342666827	0.021514457696654346
X970474	0.0002665396604910078	0.007505289980345042	-0.00879260595923779
X970480	0.0034742249417999854	-0.0024829127691210155	0.020912161632094327
X970482	0.0019290457277373282	0.018840274331593725	-0.0008182308777236362
X970497	-0.019700068798554637	-0.03895010251402273	-0.040369335900224984
X970502	0.021726754830622606	-0.016380465879544517	-0.005544868172314683
X970504	-0.029345312395330364	-0.04689532246638837	0.023018740149566376
X970509	-0.0316299931059843	-0.024210781952448204	0.00201741482853145
X970512	-0.016698888720586995	-0.012444347784883097	-0.014362326935630597
X970515	-0.0005994598315421236	0.005371011572458873	-0.03239932833183055
X970517	0.008956997746482707	0.0047776399244651895	0.027574672599516722
X970519	0.0008531829042429494	-0.010190925426149335	-0.005222340388443828
X970522	-0.006812955487687893	-0.02059294330798509	-0.0030367936050983203
X970524	0.004923423467082686	-0.01967934998860663	-0.021973720912235397
X970533	-0.0014140818357280915	0.002781743315311362	0.04908713608512585
X970536	0.0012765063517824792	0.0038661947198322982	-0.04752903288365106
X970538	0.011073510720912817	-0.00920410213373326	0.011545275253552749
X970543	-0.006760553088227933	0.007079860140129025	0.03160462255474604
X970544	0.03663775262126569	0.00033898416869569605	0.013234104243410415
X970549	-0.015526327607221946	0.0028920327868803865	0.0033125541801491977
X970563	-0.016783318008159492	0.014658104455343763	0.0323605397139758
X970564	-0.0013139613633886182	-0.010277445012449189	-0.02855366754325805
X970573	-0.010969279410755662	-0.03797395544640122	-0.012980551141459245
X970577	-0.004110695316877652	-0.024578531289986758	0.0017586412176714443
X970587	-0.005250931106017554	0.002196986226479872	-0.020930034419082685
X970599	-0.008165933503100032	0.04060025462727732	0.008924548763183719
X970614	-0.0021840790778083962	-0.0035116112655319744	-0.008495742897370612
X970625	-0.018393371774535955	0.02133771284093896	0.010545192748095265
X970633	0.06816392317726373	-0.01673718886627854	0.007161420036176045
X970638	-0.007202986818444241	0.0238839842873701	1.1581511303136482e-05
X970649	-0.006725993835703824	-0.03699079899582304	-0.08164080565962664
X970659	-0.015169861458946474	0.022844238356070384	-0.030424936159915136
X970663	-0.010879421181639029	-0.0037623501633445243	-0.02704325387070795
X970664	-0.024492535485180135	-0.04752245586985771	-0.03781353811918694
X970677	-0.02407123425273979	0.006766286479372338	0.06449615671144054
X970680	0.08721827214017128	-0.04475643345014291	-0.018978468189023403
X970687	-0.0015366960550366093	-0.01254154597646223	0.043626767723873014
X970688	-0.009227470030484	0.012928142833627051	-0.011224648242868866
X970692	-0.0075236001396370685	0.03145057087661129	-0.033632529023990304
X970706	0.0032113226787083273	-0.0529643117666993	0.015586975290973396
X970707	-0.043170668814684385	0.045001183579034376	0.007442799283377294
X970717	0.008377981242599683	0.003188215954974072	-0.06715780212877993
X970718	0.0012934365520309958	0.007346623160518644	0.015671436374068263
X970731	-0.011700067946305258	-0.01613941911029398	-0.02187495567449317
X970732	-0.013723679599838098	0.024867235272858366	-0.0014639111481369771
X970737	-0.012396634970894488	-0.013748954620186452	-0.02187659590544497
X970745	-0.02513187227181764	0.0036155515599711643	0.017262531976086737
X970784	-0.007674861359191508	-0.011423063913816983	-0.00915942413582864
X970791	0.01068865651757875	0.01651265880315192	-0.02609515150485865
X970813	0.015103943917157147	-0.030624764868985604	0.02259270357705275
X970860	-0.009130248507949815	-0.001342521128155137	0.02867639076806528
X970932	-0.020379794146236516	-0.033087430661627185	-0.030231905622946253
X970960	-0.04064539464178965	0.016900360303175332	0.012363548436176618

Biplot	0	0

Site constraints	0	0
