Eigvals	3
17.184160322581373	13.869364343905849	6.021533183228798

Proportion explained	3
0.5636338225926414	0.3671584509204533	0.06920772648690536

Species	5	3
Propionibacteriaceae	-2.52281043485067	-2.14249328623058	-5.043421288072804
Staphylococcus caprae or capitis	-1.5197866065411405	-9.913224739150186	2.7647332194856045
Staphylococcus epidermidis	14.466451365933127	3.712011191430493	0.44878608368224226
Staphylococcus hominis	-8.604157811860166	8.694530508190299	1.7222100050147382
Other Staphylococci	-1.819696512681153	-0.3508236742400241	0.10769197989020486

Site	1225	3
X940001	0.00042702050026168653	-0.00559866728470212	-0.01815113306171597
X940002	-0.01742868778368153	0.004191693792090228	-0.005240857512753435
X940005	-0.015244200938521756	0.00509015166552245	-0.008865824491991641
X940007	-0.011321077621144164	0.004254615858605288	-0.004733586788528315
X940010	0.020286796705046066	0.030574237697764923	-0.01884762318164033
X940013	-0.003941026103503688	-0.005954284835774915	-0.006405987581749023
X940014	-0.06651499026151292	-0.020453550978033693	-0.05256295831317011
X940015	0.015769443122201406	0.0066825493762765415	0.001110082498673258
X940019	-0.01962439674452627	0.015398133475162008	-0.016040499751921424
X940021	-0.026826599876548916	-0.06081482715798702	0.007609383223006326
X940022	0.014908918441926076	0.010139550349185986	-0.004255855580917719
X940024	0.0020625069372833932	-0.016799465738570635	0.0066124515530890035
X940025	-0.005644727747082346	-0.00539434443044958	-0.02841179107299324
X940026	0.030845560320662692	-0.02711664330759677	0.008671593510537335
X940027	0.00042020310181185887	0.00818863031340532	-0.004424488578356397
X940028	-0.014743606386890986	-0.000652616182274598	-0.008846852671039252
X940029	0.012516345813496296	-0.005282437180739274	-0.014596382010557447
X940031	-0.007583687608291432	-0.009251784214811891	-0.01637687826016079
X940032	0.00928692868777795	-0.007975072486261472	0.004336557130317418
X940034	0.0034968252874375658	0.0032275015195175547	0.0067521424769103585
X940040	-0.02711593817233687	-0.003095147337402922	0.012933609029484908
X940043	-0.008175945409101621	0.005382233090173308	-0.0029886560043327925
X940045	-0.08052760681141828	0.059945102394639696	0.026922358180345236
X940047	-0.02880859076797813	-0.04374085837147713	0.03060722744156121
X940048	-0.009456325976881732	-0.01471476930220735	-0.02920317754994526
X940049	-0.004922095522257393	-0.0021171881725365344	-0.013764732149359572
X940050	0.05019820800655964	-0.007918759429115086	-0.0002730503103493609
X940053	0.004069598607769646	-0.008473493429976343	0.007511068374876984
X940054	-0.04228736076872485	-0.012866342293859705	0.02006376714297129
X940055	-0.02068569323381401	0.0510669191975587	-0.01723478033391675
X940056	0.04185447424665661	0.023389046956865063	-0.0054461601186279
X940058	-0.017666141294816466	0.0013498327466609527	-0.01474121896775331
X940059	-0.006485084326594036	-0.0073863211712874	-0.00816981620551367
X940062	0.04288573007048466	0.0017422702848490204	0.007561232511127561
X940069	0.0033347763600277973	-0.019515712609301166	0.002454885447953224
X940071	-0.06761270580691903	0.07203626999735338	0.04144200217467735
X940072	0.00893080234383875	-0.014248945886866407	-0.0002909295387362084
X940073	-0.05500194454181383	0.013095157041854261	0.041139596602154674
X940074	-0.01255158322253469	-0.01033911749328174	0.03400720061582317
X940079	0.00932513909594764	-0.11929003703828653	-0.049871954505335624
X940080	-0.023442237577810176	0.003540086068972505	0.01883674799992673
X940082	0.0621689049455159	-0.03323010210458092	-0.024018608589794835
X940084	0.018963747231195895	0.020540403702151513	0.01669802494803177
X940086	-0.0029965321259246523	0.012422871647287873	-0.00153515476472462
X940089	0.01006494577796742	0.026001812120171677	0.02946015912837867
X940091	-0.07204367605199082	0.11190199910402204	0.012898673788615828
X940092	0.04934826996001202	0.0038132466688458556	-0.017800778022981554
X940093	-0.004358289697653581	-0.006857933674950739	-0.010551077826269782
X940094	0.010640290302847952	0.10707868145958015	-0.0966459418619798
X940097	-0.0019550985949107363	-0.007452127146271849	-0.015380466243078622
X940102	-0.008710799337037108	0.023025664909122435	0.03612301345146501
X940104	0.008955827016267565	-0.002691863019538639	-0.012391702368129868
X940108	0.0006111032863025785	-0.003048455092867897	-0.016459239943126706
X940110	0.013179447870441664	-0.030178741736613023	-0.015158728259094726
X940112	-0.04675556161135147	0.0421405296634869	0.009420680039094952
X940115	0.011869766378927565	0.012478184498304713	-0.010236602983851317
X940120	-0.01037121961642426	-0.008823874458081011	-0.004878449118780901
X940121	0.03352549009472969	-0.016808890960454632	0.004592115617619199
X940126	0.012755190947887195	-0.018255383475368637	0.002893491263389687
X940127	-0.005713670758647399	-0.004634961302186975	-0.022396759628208324
X940129	-0.0360999732344131	0.006585185746498722	0.016023915739188693
X940130	-0.0046812226116612525	-0.021644007695975003	-0.061175071880893064
X940133	-0.006230285436935268	-0.009594411869861602	-0.01782145677253463
X940136	-0.00040815050878998104	0.007830107153851242	0.017177884766930766
X940143	0.0031208559340239195	-0.00018328675936578223	-0.01463809045480458
X940145	0.0017227996444282082	-0.015677213506998983	-0.01353001648670609
X940147	0.03148418868143113	0.0006744956954273289	-0.012679025973594564
X940148	0.02196973177571654	-0.030537554294981412	-0.026113494427320874
X940152	0.02224725044958448	-0.005672414513556778	-0.023757794570895194
X940154	-0.0011404099834523241	-0.04143028873825399	-0.013081650713228907
X940156	0.0015633973123741172	-0.022900202336873964	0.030505288082263323
X940158	0.01708690213830267	-0.031471219337500266	0.013648063700539823
X940163	0.02288819360689619	-0.032173571301175666	0.013464906152610331
X940168	0.02481761387159462	-0.018901589829329518	0.01074973578623833
X940174	-0.056488424515456784	0.10057413989894162	-0.003097560529025574
X940176	0.03878519787153771	-0.01845794965028427	0.006856044477663492
X940178	0.012427108650408872	-0.01638144981873433	-0.0232988701031495
X940179	-0.012322678628318477	-0.010010608403932714	-0.016100198068627666
X940182	-0.015665998513617815	-0.019752134272580713	0.011237415305762508
X940184	-0.03886373217913362	-0.007523760983060945	-0.055273049760216894
X940185	-0.02330023591393656	-0.034882626277195454	0.025450906781783057
X940186	0.015157282919718674	-0.008746692766479564	0.015763157213026756
X940189	0.026926634488948598	0.02061654945152447	0.01855793441974851
X940193	-0.015738131101787022	0.03303271561077282	-0.001809158585211408
X940203	0.05308129201293085	0.05096339467394254	0.01971515349617254
X940211	0.0007369695675929248	-0.016009600657725696	-0.007044347556093282
X940213	0.00525220224414667	0.026527105696369974	0.0767185175260415
X940214	-0.016269154894260188	-0.006805197830860449	-0.018435866203014954
X940217	0.010994178665205655	-0.020897002734598193	-0.013019321056487478
X940222	-0.021334953100356963	0.011553245012676973	-0.030953986721770407
X940223	-0.008991045623172421	-0.07084528530020193	0.0205303362053839
X940227	-0.001897997641390541	-0.060092463853512246	-0.05074442094373311
X940230	0.02345334248279175	-0.0012924199969571197	0.007554408288044408
X940232	0.003923938620506007	0.01340036085177846	-0.010914520260964865
X940233	-0.0022885691971264357	0.0073954741534650115	0.029111393062807536
X940237	-0.0029404322722784365	0.005161356368785759	-0.028481059728739443
X940239	-0.14175775829962586	0.12204035625686652	0.03860101274988141
X940244	-0.039539966810905366	0.013254534969149563	0.03254597566769869
X940248	-0.0026566762392126347	-0.028365626392905803	-0.020104166735446106
X940251	-0.01223313825211488	-0.031676366739221716	-0.0006683106636750745
X940256	-0.017071492538451884	-0.03384095300690125	-0.0007456012655437115
X940259	0.02985278668170992	-0.013272118675942478	-0.018719294568329357
X940261	0.002066806601375891	0.010958318419836494	-0.028731903348810654
X940264	0.01916533522787199	-0.01796998760005973	0.04692510542597171
X940270	0.028185666770755	-0.011198649534541652	0.0009263432393541618
X940271	-0.025939335214515205	-0.009632019463998777	0.009751005592247536
X940278	0.0006839890714290882	0.020585977165706832	0.011473193201930947
X940281	-0.024554814207500796	-0.020838666980958747	-0.031226775139784717
X940284	0.013878855786173813	-0.027394892886741122	0.004732595730039051
X940286	-0.07399395916785247	0.02776671521593482	-0.0030832119692909207
X940287	0.027358654681063153	0.003082442786784282	-0.009277444477428726
X940288	-0.01973060956103488	0.012670266518144358	0.002554171852351777
X940291	0.005487203315796298	-0.00860058084872053	-0.020811030720709143
X940297	-0.0008610581473820875	-0.0031726134045558896	0.014683140365457691
X940301	-0.002123505346292644	-0.018514206680877075	-0.006899542446343651
X940302	-0.029247847738448463	-0.0003641663122141474	-0.0005342885641443718
X940303	0.010054100958462155	0.006098192005529659	0.03013140961825387
X940305	-0.013558129404876378	0.004893148136712703	-0.0011854107137508538
X940306	-0.012509625451245692	-0.016145770404420962	-0.025254687973549825
X940309	0.002706072526245793	-0.005529317607987427	-0.014497649297076245
X940312	-0.0035959352469371268	-0.0049629413184156205	-0.021009468994314807
X940314	-0.002382278512743959	-0.008229135225339773	-0.01083035564236537
X940322	-0.025277306543010535	0.005426889591369009	-0.08889388416918517
X940324	0.004869356655889605	-0.045064279339244624	-0.05693568106487543
X940325	0.01958799952305345	0.026747860789306563	0.005438555957999716
X940329	-0.04826045521247869	0.008916759343737365	0.07809695041677646
X940332	0.011412744981792263	-0.003406094303274953	0.011601065860905486
X940335	-0.011043575227150553	-0.05734092948114821	-0.002188507201338105
X940338	0.012906743587323329	-0.005238282713320632	0.008197609413065313
X940339	0.045341464339004114	-0.01684781468867517	-0.0543464691662221
X940347	0.003408076247116759	0.0008269474650483079	0.014600141179316352
X940349	-0.015953978866154638	0.008214884237548768	0.029733300809673808
X940351	0.015508974593179512	-0.022475894416451637	-0.011315120738162512
X940353	-0.011522153511148256	0.05336890482167696	0.040401358100047455
X940354	-0.0013903565541999417	-0.0029480724914834004	-0.005404502095233806
X940355	0.03681004165860664	-0.06422625394720206	-0.04312415245249225
X940364	0.01121699497741483	-0.0027642254122470043	-0.005318724187773848
X940368	0.02844130454122992	0.016812284600274813	-0.0018647416483204208
X940374	0.025942632850300018	0.03829452166540159	0.04290994956911714
X940375	0.0032614880914169247	-0.025053134131692946	-0.003513440163107785
X940379	-0.0005902007328896518	-0.022862810475682283	-0.014636621052630463
X940383	0.00928230987438758	-0.011003279354521911	0.011437054204720012
X940391	-0.017525469926285522	-0.024923882641869843	0.016797315669191543
X940404	-0.019425470419466222	0.04070337544098018	0.05190499194233954
X940411	-0.029944099190576265	0.052785978223062295	0.0248608930647612
X940413	0.0372025379954247	-0.005476953706127761	0.04895782480458602
X940420	0.008785853036072874	-0.001761133089927085	-0.009529684454716003
X940443	0.017207542914299004	0.002579644351236665	-6.141004337681154e-05
X940444	-0.025125151414991987	-0.024353382176942526	0.022650955578709255
X940445	-0.01324273438738341	-0.0028531964134076567	0.014510319831828922
X940450	-0.011361502655891247	-0.013476115329302292	0.019601342678000736
X940451	-0.07850687540869047	-0.0019480378951385593	-0.13009265311778506
X940456	-0.004513140800017149	-0.01388047019496415	-0.008915809370338607
X940465	-0.005730361467878175	0.014875555436494783	0.004813256088942661
X940466	5.641660227471298e-05	-0.037053367631070096	-0.004739490523458324
X940474	-0.027301817673171837	0.02292818855342888	0.01854445717567712
X940481	0.05373694921740179	-0.06325324200537036	-0.05228068748511273
X940483	-0.0013597051532241707	-0.017715577706385967	-0.029993520250844414
X940484	0.030700788380941504	0.02914275379585259	0.002751861200354554
X940487	-0.04342740324198901	0.011434225812968518	0.023824850019587677
X940488	-0.06557929504314522	0.000438813409466867	0.08193871298194655
X940497	-1.5176423266777659e-05	0.035334113415690614	0.06597359249835173
X940498	-0.018069807266092783	0.003992124047537065	0.04657018304938531
X940501	0.03577691586569829	0.026301849399192976	0.04593713655138537
X940506	0.03046097165684721	0.020559873363282837	0.04839156255244674
X940526	-0.019856938762798166	-0.006924133413376502	-0.0035847757667023836
X940529	-0.003428468391919417	-0.16537235713645	0.006077587661064223
X940532	0.0061788400837534145	-0.01903866499386683	-0.026225394546913118
X940534	0.016668433908446	0.0004238563783246683	-0.03388940632670138
X940535	-0.015193869102055725	0.0009252018247416303	-0.03688545464473614
X940540	0.006346841649880923	0.02017430953484372	0.03437222548393293
X940547	-0.002769106832193086	-0.030004822231948856	0.007081918355289746
X940550	0.03619291392730858	0.010086288659301489	0.02258689533484441
X940551	0.008409374639222278	-0.03166879219663731	-0.02331879275258319
X940555	0.00803287706392465	-0.0024841609249030318	0.032146683634736335
X940558	0.01489831642502137	-0.02252926396704524	-0.01872315695390728
X940560	-0.06933862013859429	-0.0016038413010727513	-0.03748583112725322
X940562	-0.00911130138781349	-0.03330925669602221	-0.012721823754107934
X940570	0.020307528601010694	0.01255308423897334	-0.009689799608380694
X940571	0.04966031613168933	-0.02453500138665504	0.021156834985802484
X940580	-0.003434752111277629	-0.023512671745471593	0.019778961067161746
X940584	0.01469933958612273	0.024185449617520463	0.04516824040373372
X940589	0.1308759716421951	0.016277792398353187	-0.02530642183551734
X940598	-0.002286877314290161	0.0013540918869442693	0.015929382300391183
X940602	-0.04068786085998433	-0.11628161064767932	0.008122673637856907
X940606	0.011384486069845278	0.0073753151439220396	-0.03227941522526382
X940612	0.03409655229609061	0.03185566956020815	0.044384012234429226
X940623	-0.00024447704437713077	0.002916979797704321	-0.001803548883782066
X940625	0.04045227658023078	0.05192170073900604	0.011865732729605035
X940641	-0.013399883502683077	0.0035911024550984508	0.005916804007840628
X940642	0.007946689153947376	0.031180179898327342	0.02417730369089686
X940648	-0.02015651031147082	0.011818300796801635	0.00896361653965381
X940649	-0.0037873929018231597	-0.000165368559805638	0.00041471247270134874
X940652	-0.002552722538959347	-0.014650012425240166	-0.008322760007338847
X940662	-0.009058659039081837	-7.2594554863913e-05	-0.014217407031229489
X940665	0.0218470587577606	0.0006699512763557393	0.013914653447438429
X940674	-0.003359281956067173	-0.010480493160227013	-0.002508917397416709
X940689	-0.06817013208194164	-0.06264399330659107	0.06581872102225235
X940690	-0.0009113720297519278	-0.027609605438338087	0.013507573571072828
X940692	0.04074698413927165	0.001653540188039536	0.004340208222919916
X940696	0.020133202186959985	-0.00011749997946883808	-0.02567721586051734
X940700	0.01990779349038062	-0.005368010321159364	0.035363909459338906
X940714	0.025222888870200254	0.020373612035134894	-0.00010921633752155071
X940721	-0.004645259989920977	-0.040588711742208065	-0.11786340210963046
X940727	0.02841661646689922	-0.0018830485548837037	0.026104531441523804
X940748	-0.03845369295258477	0.0014127475435360053	-0.014544498024423648
X940756	0.003959899968298878	0.019395024077588925	-0.0499485004730984
X940761	0.04473260342288565	-0.0025066214603508435	-0.032787641450627604
X940763	-0.014084266193287334	-0.023325646700465337	0.004000763344495304
X940766	0.023175939623275844	-0.016542088996695337	-0.08049074871240504
X940769	-0.04531229893920127	0.032462999012032374	0.04631150483597219
X940775	0.035399941304853265	-0.008283277933478241	-0.021029374276742046
X940778	-0.018552352734150956	-0.017548214965240512	-0.006810787574877462
X940786	0.015260664003781278	-0.023254180329803087	0.0006234387076327157
X940796	-0.0007683582540408525	0.016870375986812947	0.004084590823386264
X940816	0.004466233507829661	-0.02873799427884087	0.0011599951853262607
X940819	-0.009449617260828096	0.039144416042619985	0.020412236487197925
X940820	-0.0028703367649888074	0.007105820690650597	0.0073905949095870406
X940826	0.018242072803821875	0.04535229730390752	-0.055579584484777504
X940827	-0.010744307362899783	-0.07935465223466905	-0.03661262311116815
X940833	-0.01746351597563681	0.01419379980104785	-0.021755339960152685
X940843	0.0013141099079941173	-0.004787360227789736	-0.011080325172809663
X940844	-0.012009832696872069	-0.01785209297262548	0.006487012573058623
X940845	-0.028576253707112507	-0.00658502904297622	-0.0019202850326657224
X940847	-0.008228721153380502	0.005547811818417337	-0.03287890304114871
X940852	0.016987833592650436	0.00673911516658472	0.009205175586849695
X940863	-0.001004837615905283	-0.011570287344594837	0.005904169573531946
X940871	0.023933868556862824	0.01708596670960128	-0.03890536819778314
X940875	0.027122083190051646	0.003970407226503815	0.025084869989088248
X940882	0.03953354732216619	-0.01733180664207891	0.014675891636633224
X940889	0.011096077619580697	-0.013203711925634885	-0.008900839251716322
X940892	-0.023697910072619982	0.010854482961104204	0.025021039447076492
X940895	0.013724768951000152	-0.0037662312343557025	-0.023496864242694936
X940907	-0.010728715871541747	0.01600156031676067	-0.024535974636026928
X940912	-0.011439700324469554	-0.01360948008601715	-0.02547736046477307
X940917	0.014322166410911913	0.01954165030517327	-0.01400708170902248
X940925	0.09048742568244708	0.012637772915963323	0.07215870973992841
X940936	0.09379178429995011	0.018637424120912262	-0.03950445980316353
X940941	0.06713158577010517	-0.036624084221776675	-0.025044864793062047
X940946	0.006485908250373101	-0.0058135085397108335	0.018767697416543844
X940961	-0.019563993796886437	0.007769556485233523	0.009993886728478351
X940966	-0.00970183723219374	-0.008117648636543082	-0.0009732561116280674
X940968	-0.026359185460962865	-0.014108840203907192	-0.007331924036034402
X940984	-0.03133205198276104	0.07508984333602146	0.017604363315065485
X941001	0.024958687543064816	0.014518823036765912	0.04796186556446409
X941014	-0.07269500447083967	0.00714647435345593	-0.020513697640091675
X941019	-0.013154803060877214	0.015782197238183807	-0.0018803984053039505
X941024	0.0029585007502432262	-0.003504866533740093	-0.031306317159832384
X941028	0.0010164791916306534	0.0016185209355822972	0.013445883692983685
X941037	-0.09482535713302274	-0.08079638554232366	0.05386105844924188
X941043	-0.007743143975743452	-0.029250887353196052	0.01584772897056161
X941046	-0.013941323553182772	-0.023739509430565225	0.009528355718050148
X941049	0.029303068715501757	-0.02711776576340181	-0.04283417706269061
X941051	0.017593059625131198	0.01703405654334003	0.02236512208281765
X941066	0.007880189658642702	0.00023726787258859593	-0.026304736614744573
X941074	0.025289219496196207	-0.018068547853347296	-0.013565854644230005
X941079	-0.0016395581299738062	-0.0160664991138975	-0.013499972249839126
X941080	-0.05808723179619084	0.0664542986452687	0.011894423310100299
X941091	-0.01020557025210625	-0.0339940324173025	0.05570001361108902
X941095	-0.00801604106908436	-0.021789420370837698	0.014618080117086997
X941106	-0.025966434336141746	-0.005107387395970168	0.004022306568411092
X941118	-0.0029136917952172423	-0.010452324973186048	0.0015101699305996358
X941124	0.06120734297413192	-0.013205398626572423	-0.020320613399720366
X941134	-0.004857327538991716	0.006582136262787033	0.00769664802616316
X941144	-0.005259222977851897	-0.025189005638557558	-0.0012027715298529268
X941153	0.004847432698653998	-0.014871367835635179	-0.015333012058528479
X941154	0.022320919526698423	-0.01056273679049752	-0.017718348670079064
X941192	0.03659768967647723	0.013678014294570676	-0.08470589257538855
X941202	0.014776320106062755	0.003704485058185038	-0.010079261815257085
X941204	-0.009588020389767643	-0.02162321003165584	0.011156912357701778
X941208	0.012494859765192044	-0.0410922425729613	0.007450616477698059
X941241	0.03945499468454924	-0.03395940632688111	0.07783378454608063
X941250	-0.020512248129235702	-0.019250624352379685	0.03279098364466139
X941253	0.023381135792530473	-0.0015553263235974378	-0.002205777307666135
X941257	0.045010998965165264	0.003968516542143181	-0.018396672211686272
X941259	-0.017998383139629818	-0.01645758390798523	0.02012436703411388
X941265	0.030607440220154283	0.020727021444084014	-0.03141562257498375
X941274	-0.0293336269277918	0.05091814108096446	0.03302886303768622
X941308	-0.02030244487364477	-0.01431848635729132	0.01407299702137337
X941315	0.018723480701019295	-0.017380913652387996	-0.05596187842531261
X941320	-0.008717664724288943	0.019102257709688847	0.028021829882072028
X941321	-0.007917861336568497	-0.013901116411851691	0.0047635179246154746
X941367	0.057618013381821515	-0.03993970730428741	-0.04392788521505071
X941373	-0.016171536653102316	-0.00557589767787294	-0.030567089658696377
X941384	-0.06339938197002151	0.03069936478679849	-0.06642323251471018
X941385	-0.012593190599212128	-0.00731433991978655	-0.023594804221433213
X941392	-0.13397857878912145	0.014649654451006777	-0.06791694890021398
X941398	0.02461646638058614	0.0231634089060413	-0.0804742660571202
X941404	0.00897902316702349	-0.005856085573884563	-0.028774607130499306
X941408	-0.0047774181618971895	-0.011934862435881346	0.01972885856385901
X941422	-0.01191528880523715	-0.008804435207319139	0.01165862148133465
X941439	0.004698180141488425	-0.004932182125740269	-0.01250837792716458
X941445	-0.0444295162021773	0.048098478683285054	0.022755877528131043
X941454	-0.0020822324559533725	-0.015342242073829669	0.004762965391356874
X941460	0.06569495689320064	-0.0020401963090152077	0.0010747656964410434
X941462	-0.04318164991532848	-0.0002546333358223013	0.03427022065868792
X941464	-0.014073029222781289	0.009772104551112042	0.02424481092020122
X941503	0.021370382053223246	-0.015452839325042291	0.004229981828874892
X941519	-0.0016316436569853046	-0.008262541288705528	-0.013374365944044909
X941530	0.019037941470873343	0.02161704458321848	0.02188394582226201
X941547	0.0031510396683981077	-0.01999694323651755	-0.008915992661636757
X941582	-0.022735271191573057	0.01954933808884678	-0.020356161477354067
X941617	-0.004365641803890148	-0.01533946830303039	-0.011352109346679557
X941623	0.03756571265086842	0.030587113986678786	0.046730993513924304
X941624	-0.009573889240194434	-0.0018967616952334078	0.02691681635202553
X941639	0.02084024893878675	0.0013230114788705032	0.008619545247620628
X941680	0.0041470231050372165	-0.023525303598180555	-0.03566443374983517
X941684	0.028118663866830977	0.004340689638317726	-0.0004205747493245111
X941709	0.012456556834965415	-0.02477025801612579	0.01981406429356506
X941714	-0.00010198028881405187	-0.06369943702373133	0.03165768755624287
X941715	-0.000821238926295343	0.002501037545835042	0.0007587242992409081
X941738	-0.014037201044728958	0.001860824309801305	-0.006128998405117089
X941759	0.01573638948689027	0.00029823439324097904	0.0318334188471098
X941772	0.024545317685714888	0.011026316703328091	0.05532743479076714
X941774	-0.0038116096883787053	-0.02617766021817618	0.02366751242835228
X941807	-0.0090132345968342	-0.0015594872722113759	0.007120770622122863
X941813	0.03879114438384103	0.027627936092927192	0.03046436307660787
X941817	0.000910968518129706	-0.03677272979754126	-0.0036779975235837585
X941887	-0.009225678603268783	-0.013224364224183492	-0.01899270853729759
X941902	-0.01008752318429637	-0.024597709356062654	-0.05887844827409575
X942011	0.0037974157819572383	-0.020687444126929917	-0.04467269658507937
X942026	-0.03542375472852058	0.01231754208890298	-0.03963776458987962
X942039	-0.002812566489642285	-0.015855913332764628	0.005345303844410207
X942075	0.033537534264366925	-0.013041244157695257	-0.030441688127015178
X942094	0.001996907638948524	-0.003094850559994473	0.0010345081380284708
X942128	-0.02239977980217561	0.019971045199131645	0.013076042425914505
X942191	0.09199853155122396	0.08274933573019831	0.01944923479364334
X942237	0.05678281284211799	0.0008659305588570769	0.04408668699204339
X942303	-0.00776097952030843	-0.037335337888773586	-0.0037642403848743835
X942319	0.0628043139709388	0.05109376562597152	0.03295576975560238
X942359	-0.007132221209755916	-0.012536074020047418	-0.014019810144138079
X942398	0.01038239423409692	-0.019058035348810114	0.0014463846010333195
X942402	-0.035596541135747464	0.024752797648752576	-0.026078978893597067
X942429	-0.011200821414427074	-0.020235504763408622	-0.05671019791634134
X942467	-0.033714352465572694	0.013364853402071285	0.03597859843696682
X942487	0.056925135636431534	-0.010203404700002383	-0.03384707550778702
X942489	0.03640765541237614	0.025207338490808025	0.01803156773968154
X942490	-0.014448595139483607	-0.03935156612045993	0.002596728126888135
X942504	-0.021156217039193084	-0.01347940739295879	0.01647995600260652
X950002	0.006627906167790096	-0.016927539678258798	-0.022806992992523135
X950003	-0.01955053113728486	-0.00031341467380577884	-0.016042856220889617
X950005	-0.0022991290497641043	-0.015132798569088047	-0.00480353737679776
X950006	-0.004854125946860209	-0.00146868130311029	-0.0007013179578678261
X950007	-0.013826625065978409	0.0011418990388436991	0.02445478460843261
X950008	-0.01687818441486889	0.003920732315485074	-0.018478987975255608
X950010	-0.007520460907605703	-0.015637106147098342	0.0058096904866604265
X950012	0.004121351887039518	0.018573970446948796	0.022413438702067363
X950015	-0.017981593566007113	0.015178940031275933	0.005999118088319693
X950016	-0.008140568916130912	-0.015219119522550298	0.0030825306213667866
X950017	0.0068588320544634125	-0.016286947008487013	-0.008876343117312523
X950018	-0.0019042101525057235	-0.012272553314422528	-0.005572527914497429
X950020	-0.0003052146896627822	0.004330445995256342	-0.004023954283938182
X950023	0.08178829250115027	0.09884359461539932	0.05141520131030804
X950027	-0.005681413048939661	0.0024859185304947963	-0.004284603507156079
X950028	0.10296047069619473	0.10770909082320664	0.02201673692869092
X950032	-0.013574850184056676	0.017301580551513433	0.013119251072581547
X950034	-0.013279730802654512	-0.0071928667503472045	0.006112038785943705
X950035	0.01031443116408477	-0.0159660554620913	-0.0036777079941841258
X950036	-0.01785342395788419	-0.0035616371431956193	0.0003728683571944969
X950037	-0.011438823333479953	-0.008693367712283295	-0.009691223476116121
X950040	-0.009330767741138078	0.004556553082381186	-0.011496368484518474
X950041	-0.006795444895116604	-0.004767757377311983	0.008333626795728502
X950042	-0.017676134401989525	0.0005153204663506006	-0.0012017515266037567
X950044	-0.01453831324639573	0.004525156246305676	-0.019471391515910787
X950045	-0.005656319916507813	-0.007343696144063973	-0.013740039365222645
X950046	0.003811692403538526	-0.001096695088884736	-0.008222812178463958
X950048	-0.01801390377134938	-0.0078870647055925	-0.01599886118727636
X950052	-0.08744137835095384	0.03581644159103335	-0.0295520170040675
X950053	-0.025718878406836617	0.020641839742982445	-0.0033090414622169327
X950054	0.0022242024153672543	-0.013721105509488624	-0.004532322640688174
X950055	0.0009741726604475711	-0.01619076210682431	-0.024915221683778858
X950056	0.07991249491162561	0.1076470592212152	0.026400502946805748
X950058	-0.03477037670327139	-0.0033875854040288046	0.018805126824823867
X950061	-0.018650944766899723	0.009225150868935156	-0.00924018792271102
X950065	-0.0007019472737714754	-0.009062987074300886	-0.01988248237691846
X950069	-0.001414355190863476	0.001714253735147823	-0.0031231448986842394
X950070	-1.9969128277117106e-05	-0.016491132697095023	0.001757609532901705
X950071	-0.010457854318229116	0.01447741265884543	-0.01222248282295276
X950073	-0.01643967777139661	-0.014504957484702763	0.027690310652483164
X950074	-0.0038228552430604784	0.0024035274245101245	0.013913090140122158
X950077	0.0033727814120081768	-0.00046445477628892604	-0.01781894806951683
X950078	-0.012535906193305852	0.0028096890089310657	-0.013813298821369155
X950079	-0.0016783230557852313	-0.00886515876695636	-0.00890808314753594
X950080	-0.018514085244930915	0.00872806793628638	-0.008536562600598225
X950083	0.02112603000688271	-0.0018107941841703145	0.008915435368103256
X950085	-0.00528278582436732	-0.007330275709052507	-0.011703691233165146
X950086	-0.011849629206500574	-0.0028916663340144	-0.015857871127073084
X950088	-0.023881833286960905	0.013886715183024935	0.01903730465155181
X950089	-0.0054804028500057755	-0.024468791501494894	0.009514218731814898
X950091	0.009698179231372336	0.00018116587956849904	-0.014681387656978588
X950094	-0.030383298275244552	0.06036498211926555	0.011896661182162956
X950095	-0.050519330569720855	0.01103640481018286	0.022939089469932002
X950096	-0.0007414452812906117	-0.002196408459294291	-0.009129658910435361
X950099	-0.057763176750267306	0.08965100731960966	0.04065333798424657
X950101	-0.018522990095666474	-0.005472652045757043	-0.0027563490291279665
X950102	0.016449490486354947	0.007088453811657793	-0.01533453313171968
X950105	-0.008266722496792424	-0.0074679752692219945	-0.005372363152629344
X950110	-0.0208480289317596	0.010620494137861685	-0.0017081705642232015
X950112	0.01114132532910953	-0.026047306938917946	-0.011923620374685617
X950117	-0.004612086798964884	-0.007222891947178996	0.009970697564017496
X950119	-0.0021070379892906854	-0.0012143271432646337	0.01887269644267054
X950121	0.0063881291232467975	0.0015587559457480437	-0.00611294566136014
X950123	-0.0591244872085581	0.02505829797834055	0.03254398379938411
X950125	0.005895509913296836	-0.0041949305711869245	0.02207120116950981
X950126	0.004210884879149206	-0.007379622206608098	0.007206298314907279
X950127	-0.0340335146598614	-0.01796954579928084	-0.006174658906728949
X950130	0.03620252948902983	-0.046877885333042366	0.0015658715594399852
X950132	-0.013105428659312565	-0.00826395436583277	0.004010360258390875
X950135	-0.009721929123017656	-0.008750782711836647	-0.018563226823496995
X950136	0.06334276818880055	0.012584997816410447	-0.01821418458881998
X950137	0.011783423040267785	-0.0160524395297143	0.017022751121105097
X950138	0.0037371214718635625	-0.010914104519603545	-0.01675202692663443
X950139	-0.020206695700180445	0.003594223253056997	-0.022583433566246643
X950141	-0.01463851245510379	-0.006946311951274543	-0.03362732152606187
X950142	-0.03179164732235502	0.0056427398854829655	0.009956999409725395
X950143	0.010999874704301787	-0.007876289189904472	-0.0009171940373661305
X950145	0.006707461553101822	0.009024067436646986	-0.0043502012614669424
X950146	-0.00353847553246926	-0.003738689636098783	0.011385073139204834
X950147	-0.0007421748204833128	-0.017409649815610814	0.01101042116588336
X950148	-0.012408964125880115	-0.05940633167282434	-0.04846689397510869
X950149	-0.02218680813665236	0.013983848302435061	-0.007807880869904512
X950154	-0.005116863131732483	-0.00546032406891304	-0.011462742232275388
X950155	0.007503935269498008	-0.004354659380342533	0.010264012489798892
X950157	0.11872418656771445	0.10172285999108653	0.047361735313588935
X950158	-0.006342605287390011	-0.0003909684456289078	-0.0002442281966970354
X950162	0.0012817241834258424	-0.013129870236376772	0.006790626648808725
X950164	-0.016956030100054125	0.004878590133735949	-0.0033311493753414847
X950167	0.02759570323446762	-0.05646165444922948	-0.08865425586155237
X950169	-0.002982620766972504	0.0033868117394697203	-0.025653948887136815
X950173	0.09115197034143252	0.030741580286177937	-0.02682157350470091
X950176	-0.007847485255375477	0.0009042314350063676	-0.006853435105382139
X950179	-0.025211133409857426	0.011541672790750891	-0.03758483669518674
X950182	-0.013827180382561796	0.014148671194990935	0.019951307371325566
X950183	-0.01628779841670483	-0.011286865263018482	0.0354972979719933
X950186	-0.011534246436030807	-0.012474466581942989	0.01280541492145525
X950187	-0.006450836555340327	-0.00504464507763481	0.0018076941853302586
X950189	-0.037719403853993465	-0.006723296049572292	0.005931185707431077
X950190	0.06232951139410944	0.010597654672788982	0.02891679780818277
X950191	-0.005482877814199502	0.007606076021074214	0.0006961943052537383
X950192	0.04565619982025798	0.052170503662820625	0.02251970886122361
X950193	0.08026908878647324	0.05793795211506275	-0.0346874744888222
X950196	0.01836150759753138	0.01122891046935484	0.00583760532235535
X950198	-0.008550477605309364	-0.001063677894700829	0.017157603679596158
X950200	-0.016871729397116036	0.0023996520665221428	-0.02057155316411187
X950201	0.008653720219744903	0.004495227817727173	-0.0047637911423435994
X950202	-0.0008940860328764138	-2.5206215334404366e-05	-0.015525895117612548
X950209	-0.0037898042434506766	-0.009309293167264194	-0.016616351456393254
X950212	0.016914340947090524	0.02082775463550408	0.026637357457175263
X950214	-0.005711496920468139	0.008152515385188835	0.015364010798422322
X950217	-0.011933377969071821	-0.012276202579193183	0.013023425701963005
X950218	-0.011361495980199908	-0.0012965292660221536	0.009517467957386607
X950219	-0.003464914147499224	-0.002334768885413803	-0.02860538771256598
X950220	-0.005599297595137411	-0.006323656763667614	-0.02699212332125081
X950223	0.006853457305307083	-0.0016094801647594293	-0.005062515193822581
X950225	0.12585644988905256	0.09503830770551054	0.0221659647765305
X950226	0.0008490278871081235	-0.013737915525018667	-0.0006345758788655114
X950228	0.12293684662821493	0.06191164981854196	-0.003484363571424365
X950231	0.001487992374246103	-0.017287145262710146	-0.018029857772978178
X950233	0.0860448791166542	-0.005801205888902855	-0.029696077658836768
X950241	0.0014712855351206226	0.005485506432302955	0.024634861410188277
X950242	0.015249478931770394	0.002806462557773332	-0.011226124964441673
X950245	-0.037173902989150645	0.023781778091335453	0.005584484219034511
X950247	-0.0047648921460685814	-0.003500099247502872	-0.0223380013968097
X950248	-0.004334539211048945	-0.011863075662112811	-0.007297864333973508
X950249	-0.03990376251419414	0.03986536831643422	0.0638178264225222
X950250	-0.017203872717157908	0.014624166359617424	-0.043997447587068896
X950251	-0.006537806246186611	0.004919611650339396	-0.0017296653880404399
X950252	0.0057184379695013705	0.011635741597406638	-0.003748343469851076
X950254	0.05370849007585489	0.027918019870856615	0.03868480147459695
X950256	-0.007395023088513744	-0.022081584813490384	-0.009628523595212598
X950259	-0.004482177989214825	-0.001106473157460453	0.0100362928814223
X950260	-0.026470439258742515	0.015388125029731805	0.028674775661850425
X950262	-0.06043854314100232	0.04401680076953903	0.021777396092161467
X950264	0.0069907025389868436	-0.0035206304412924256	-0.00926758339431576
X950267	-0.0031324905044777724	-0.003592401578397058	-0.004849301994663761
X950268	-0.0065487522750281935	-0.015935059257062945	-0.005797870109408056
X950270	-0.008247343118469645	0.0029524630424080716	0.002830381907238654
X950271	0.010700084394426846	-0.01131985726727895	-0.010832484506135725
X950274	-0.02377309894011318	0.016094548474100728	-0.0024474099284322376
X950275	0.007087471940092791	0.0479093992985432	0.009917884277857994
X950279	0.023117835147159017	0.004580057117407466	-0.02980731326877882
X950280	0.0010557225234945583	0.009006847245103613	0.005029895753884762
X950281	0.007485241142905264	0.009537851286818767	-0.004417911619998548
X950283	-0.006487744692550838	-0.007315813705296068	0.014151913697582194
X950285	-0.011068095305061	-0.001956038275034803	-0.008184376760950645
X950287	0.019669666724515252	-0.013994954522084256	-0.010566490216008776
X950288	-0.028922948549226526	0.022748112654963796	0.012455335364973202
X950296	-0.016353044245163467	-0.0025703316615761323	-0.011721408519562762
X950297	-0.02740324250097745	0.0041201287548453544	-0.016773449478868985
X950300	-0.022994648490279664	0.004169380159338508	-0.002547883637796845
X950302	-0.02130153909686767	-0.003384880051328214	-0.04968555674210002
X950304	-0.006319729553325546	-0.012605033927993956	0.019042873364642717
X950305	-0.0016677377178339313	-0.018253789830942873	0.001348763439024404
X950306	-0.005079590896306045	-0.007538640919315603	-0.003054611585605262
X950313	-0.015407430674100988	-0.007789300036837906	0.004733826991416151
X950314	-0.001953530104896543	0.044933783452956164	0.05350429953738018
X950316	0.009050928290827648	0.005842141023205863	0.017252850878749813
X950319	-0.011012406264999695	-0.0041620515864684154	0.016827470549074037
X950321	0.016317299818872293	0.005702199096236555	-0.0022490727684411596
X950322	-0.006967305852540442	-0.026485846285929024	-0.017727866015895606
X950329	-0.026721231026620728	0.00976475432965102	-0.009217664022282556
X950330	0.005705622069828753	-0.0008810019475178523	-0.004871774609921214
X950331	-0.016769774255567246	0.0023688672676976112	-0.015259889850042061
X950333	0.010257276295641517	0.011172790702915159	0.019504671963066145
X950340	-0.027973929736603287	-0.006181609163986976	0.008421333478200337
X950343	-0.0049604029968759	-0.0032116032526759352	-0.007218757760089848
X950345	0.0202080166105667	0.007979996925395125	-0.018372341037696017
X950348	0.008960525473320076	-0.01744601960075822	0.00619671163868094
X950353	-0.003999816824089081	0.0032775200230184577	-0.009218911510143124
X950355	0.005033998348028528	-0.006076104437621411	-0.01981466778616558
X950356	0.038168072599726655	0.007551644226107001	0.018718822765011803
X950358	0.02835128154083037	0.009214893805008869	-0.0030543208625729477
X950359	0.0016907801995545949	-0.015791232764821386	-0.02328499292361199
X950360	0.01019009084801036	-0.008699323845949321	-0.010191301582269236
X950361	-0.014081386203817901	0.011133108222140147	0.012848407337089383
X950375	-0.01012286257121716	0.0034592838957772675	0.026810196477467057
X950383	-0.013851150540925491	-0.013192481990463967	-0.011968749639414732
X950389	0.011877712837242297	0.012401012578201899	-0.005926353865857754
X950390	0.007723098474743905	0.005695959454411106	0.0046976226140417075
X950391	-0.00948572374834919	-0.003264073747434147	-0.01647218308939191
X950392	-0.0018206332137360867	-0.009598226160573816	-0.005060621464455803
X950396	0.14022899869134955	0.15035752086010612	-0.0039489112900131145
X950400	-0.009382096958209726	0.005632897360135048	0.01939523564562959
X950402	-0.0016604095815474808	-0.007424980373460874	-0.03057348548992122
X950406	0.02726472271514197	-0.12874949142636485	0.12613631290022892
X950409	0.0031137463352405043	-0.030814461667012686	-0.017281224883468126
X950410	-0.0028671144413730046	0.0026226723464409223	0.008646921091271471
X950415	-0.016826673770645787	0.09867712058562587	-0.028660861171438387
X950417	-0.0068110782931100665	-0.010129664667778388	-0.0002978726573760829
X950422	0.03833935030216676	-0.04076757584046764	-0.02516325667738795
X950425	-0.023282503264624874	0.0072653945106255224	0.04301734171118965
X950428	-0.009875695054329081	-0.0298293840331638	0.01224208919456255
X950430	0.0068945166840781325	0.006237966474185205	0.009108243875888523
X950432	-0.011612803579803778	0.00046751450349530386	-0.01804347095128421
X950434	0.0054899379874088425	-0.0031753635694408023	-0.009509246699984666
X950439	-0.005761795930127749	-0.005286113462074417	-0.013603022347692619
X950449	0.02164076646803604	-0.022046940086523706	-0.026304963227887515
X950466	0.009848771062021469	-0.006005919715698539	-0.004380689090985431
X950474	-0.008447696054933142	0.004398924429569834	0.004229957045506253
X950477	0.020307046011501486	0.018631372612155583	0.03360675685516244
X950478	-0.007405571365747102	0.0013728860052897192	0.008265926597399768
X950483	0.0140634722361955	-0.017075445566079206	-0.01673516399946314
X950484	0.015882145593092943	-0.0027585944185815315	-0.015808008781397466
X950485	0.08660512925737394	0.03460080484853071	0.009997944184209207
X950490	0.004465519066292279	0.0038535236301209213	0.0010073418283840575
X950491	-0.0009482054756328996	-0.0022708537188870417	-0.0011630099037259927
X950503	-0.0010897918027457803	-0.008079682017936301	0.0033223324441827183
X950504	-0.003392144840150211	-0.016227173049327793	-0.010858611274732645
X950509	-0.02276084721417803	0.012097199459035191	0.0231754042978974
X950512	0.011932314249967164	-0.004155905209851315	-0.00681308633666017
X950513	-0.0018536249876678896	-0.011729610758451685	0.0021111659513632242
X950516	-0.006690114269947448	-0.002259374810212589	-0.014471920372585793
X950517	0.0013562247547205225	-0.0025949007933721594	0.004556132366141088
X950521	0.012743268184042625	0.01773795753615962	-0.0077696212168332085
X950525	-0.007100208265742331	-0.01022124823056398	-0.01863104551258987
X950528	-0.003517059828912026	-0.0001608994942030073	-0.0022081645877233885
X950535	-0.0054729505759905745	0.019692197202983222	0.005998783286405465
X950536	-0.0013547254261724593	-0.021009985185802195	-0.005098107695044793
X950545	0.009163844336024244	-0.004070165892086656	-0.004846370342930872
X950548	-0.003886519978935812	-0.0006204035205584681	-0.00819317087338509
X950550	0.0018710307372501063	-0.02178735771938088	0.000936006998259407
X950554	-0.00018281962423653754	0.006136764526257088	0.010868824860922121
X950557	-0.0031968450184241977	0.0004370295780802545	0.003515054742205141
X950559	0.0007146155327716316	0.00013574987448042232	-0.012307198455636412
X950563	-0.0071132205911518314	0.009267245180505227	0.00489640854462335
X950564	0.005474269281682679	0.01616807110282287	0.017276849244795948
X950570	0.01074149994587723	-0.0009503608701708831	-0.0028196976969470204
X950571	-0.035098680493615635	0.0757430878335921	-0.007853138642349761
X950572	-0.00956405846144259	-0.003681377443068247	-0.009802947101685474
X950577	-0.007315499903444429	-0.0027436062764834663	0.00985434558530761
X950579	0.026771238069438093	0.02981238438361284	0.013681271945372497
X950584	0.10281385018758908	-0.019246896249243573	0.019848050735656875
X950592	-0.0007496049633989094	-0.0010014234020049016	-0.004869458316945108
X950593	-0.005620148728370817	-0.0045023753715598604	-0.00416785011621964
X950594	-0.006970009373365523	-0.007147951478291028	0.02378971707011484
X950598	-0.0045144641824291015	0.0022599391845485035	0.010590585398099988
X950602	0.004817742900451721	-0.020256755397159962	-0.013485358489499442
X950606	-0.015231318670748345	-0.001974965481729298	0.011976491668652025
X950607	0.006863988445831946	0.03483676559303947	0.005811845627756897
X950611	-0.023024955654616392	-0.000621919269722033	0.002644026326251204
X950613	-0.009633565773093001	-0.013396181373141568	0.004712910723670419
X950618	-0.01213699325539095	0.0030762596042877193	-0.01970970432436811
X950632	-0.0011829188238080403	-0.017469048804407875	-0.011858030116719312
X950633	-0.017342227340236775	-0.017262169474374423	0.035663130791386805
X950637	-0.005474358026524251	-0.008668398584068124	-0.0058101672468259665
X950638	-0.013735865342432286	-0.012387525593651805	0.009712277945941568
X950641	3.342270599181051e-05	-0.028800128304792425	-0.011781286423051688
X950642	-0.018004546103165136	0.01188690674252994	0.011350305762812245
X950645	0.004055159857630368	0.012984945888323138	0.0049209661471933805
X950649	-0.005604322652954203	0.005657374056693147	-0.01602924866717709
X950653	-0.014033123414092798	-0.014896976119235013	0.0068649296386009764
X950655	0.012800517871875137	-0.006350129101820546	-0.024010332724013712
X950657	0.030727634694108195	0.015048120806555116	0.02747428781972177
X950661	0.10974999257333318	0.013157153411660523	0.04448733449365719
X950662	-0.007157450809346549	0.03881684467040172	0.07449355012474901
X950665	0.00577445938595525	0.00583184677065466	-0.004735629380457219
X950668	-0.011048119110647358	0.006718051882355027	0.02635095543404419
X950675	-0.005187286589548942	0.0045764856340167834	0.0025189963212234527
X950677	-0.009936979192030085	0.01591948745160698	0.008370883288006014
X950680	-0.019806969748478506	0.0207981318036899	-0.0057263001250622975
X950687	0.022109632443140303	0.014426485262425055	-0.022019538598971013
X950693	0.009324936406023615	0.00487870336294357	0.0010412845327714795
X950695	0.008042606532460278	-0.010210975750343835	-0.023028359563098188
X950696	0.0012184985828295452	-0.023624771692827506	-0.021972899519466352
X950705	0.0007512832674895149	0.0067309700302142705	0.01693555817057105
X950714	-0.02860534417239369	0.029067494881332884	0.0322429779376293
X950726	0.0036922075349445646	-0.00018764783270562167	0.015965312880139464
X950728	0.017733614074382054	-0.002220521831363639	0.029966039615561445
X950732	0.005983214844887512	-0.01493897512981697	0.0013583401135381966
X950736	0.011267821591461714	0.003122879538574916	-0.01868180245303687
X950746	0.008933082113090384	-0.0009794780726546462	-0.004820619159206279
X950747	0.007309361779926841	-0.0056018871221980545	-0.0021902793786729687
X950752	0.0025608110568578974	-0.00457837369755136	-0.024166420488186888
X950757	-0.03400048139625266	0.01023777924037045	0.01106969771668404
X950758	-0.007446014119479873	0.008763770771283276	0.001769361889577047
X950759	0.005577680117751806	-0.017061056735254043	0.005243869949372954
X950766	0.0021541818912551437	0.000628610888026187	-0.001410918827304006
X950769	-0.05360600611560207	0.030950480949252138	-0.008307812308030958
X950782	-0.010412836227369078	-0.0006169038827263195	0.0059528874603783765
X950784	0.004672970912176666	-0.0021560496254266755	-0.0042834920217395345
X950789	-0.005701000260262743	-0.008281276407528375	-0.0012662373962563718
X950796	-0.00270505074964441	0.004320102152911433	0.018780656505927446
X950798	0.002099625695447479	-0.03554244461968248	-0.014841313466923998
X950799	0.010789140401972333	0.008221406156491811	-0.018363705661628347
X950803	-0.006418955568767274	-0.010725420738107902	-0.0018693274793011323
X950804	-0.01775554072739371	-0.003696833284150804	0.015201781149811387
X950809	-0.004454859182161466	-0.005774980273866092	0.005715925823942347
X950810	-0.012026297161359086	-0.007750556988846608	0.017510582677128423
X950813	0.016353551382857	-0.011920852680145606	0.012701473279930499
X950816	-0.040449328273963185	0.06211147765277766	0.037091400469311975
X950827	0.009868614203501627	0.03677346022717799	0.02018880436337795
X950838	-6.295991029619856e-05	-5.78596075555102e-05	0.014196889891115819
X950841	-0.015095220229471453	0.009985772676429392	0.026912095202784352
X950845	-0.017464873164065923	-0.010672713710082571	0.06190011524530207
X950846	-0.008740693900264926	-0.0038700997815674662	-0.0028253875334160747
X950851	0.03668474198187006	0.0151621981739622	-0.008290919905588216
X950859	0.02467427561736844	-0.008303365721869951	-0.02845257151707277
X950860	0.034657300619221176	0.030260571209248768	-0.009758090681753531
X950869	0.0053543837572066705	0.006656464361965672	-0.013104629940506428
X950873	0.011326270998319258	-0.009877028539829566	0.010012800314754069
X950900	0.016298140352110132	0.02916248524964506	0.014290702410322905
X950904	-0.01643101997127413	-0.0026678188038999555	0.0260935758749844
X950906	-0.027804514621178503	0.024988232433169	0.023472786677288426
X950911	0.005638964053423295	-0.02759729436372087	-0.012617226272264873
X950914	-0.022347440331285374	0.015696583063445197	-0.020558969069050668
X950921	0.01098804975675862	0.02623080527332564	0.024052771745571307
X950925	-0.008195315102258287	-0.01624180370447265	-0.01509625287920698
X950926	0.021867549842614607	0.018275102568223855	-0.026836470748710838
X950929	-0.007695416167466779	-0.0045112838434131905	-0.01089079592002876
X950963	-0.022189699402115022	-0.0003690050158878408	0.030074398149703745
X950966	0.0130907854056125	-0.015407010360203168	0.00601530984517762
X950968	-0.009211155760661012	-0.009914456027662607	0.01076812382715069
X950987	0.01681386742854428	-0.006728852184364435	-0.007992572970055737
X950995	-0.035841094292875325	-0.010437998267940939	-0.006000680367302045
X950996	-0.007273569108441734	-0.00945186092697574	-0.00682300186830172
X950999	0.06856166851015627	0.04127040475224305	-0.0013851800512255812
X951002	-0.006070429132063478	0.009482147855399699	-0.009494354628804809
X951018	-0.0010379256745462766	0.007953922382745412	0.024322972516163083
X951019	-0.0006869026508193461	-0.031592313224224906	0.012049081942395791
X951027	0.018208558642296608	-0.024791800645970637	-0.007956528076394773
X951030	-0.0034613341888718374	0.0066753854542190546	-0.012718080044264824
X951041	0.006181061495563676	-0.023539791156635327	0.0005654075053512699
X951051	-0.016391697714295744	0.004297488401086686	0.01288909517431495
X951054	-6.958591127126342e-05	-0.00947956275264573	-0.01475729135528456
X951055	0.002760576440311649	-0.007263174768715977	-0.0111452841050206
X951067	-0.006069163702687601	-0.0007675687768835661	0.0012809922602701476
X951071	-0.005158916782461762	-0.01466753317874255	0.004523319189454212
X951083	-0.009553668109482797	-0.0006364389503895352	-0.0049740317876697466
X951085	-0.049951823491295386	0.03309314912712107	0.031853224321788616
X951115	-0.004320720158269313	0.006277761020889268	0.003719173467808002
X951141	0.006047231865793596	0.012118577214175075	0.012109852715918239
X951144	0.012463245345967969	0.005217357646820421	-0.03156016103674317
X951150	-0.008154283843429463	-0.008083473609418843	0.014348781911251916
X951151	-0.011204327095772883	0.0025923350074003623	-0.012666043276805705
X951154	0.014137173326449308	-0.026262390190192515	0.0040972248739549995
X951156	0.0023471659903616785	-0.00964536615020789	-0.006669178349638326
X951162	0.022849329334677364	-0.016806669189060923	-0.01332463229849775
X951171	0.01944766021037474	-0.011198108864944132	0.003686842956470728
X951174	-0.02124032558236722	0.012659122190982247	0.011290204381067653
X951242	0.0023467392539455495	-0.000412608115907638	0.0019375487689915552
X951273	0.006655518381179199	-0.0019526305471856823	0.010719639218227443
X951284	0.0020545681893258025	-0.005788861238029715	-0.003315656899112427
X951317	0.0007455563369241358	-0.0046735804025692836	0.014897143470966285
X951318	0.015272710255238579	0.004146539543092436	0.0033013360389533156
X951322	-0.018225579943937188	0.011972639156010599	-0.005497492661900674
X951337	0.0033228217998151747	0.018098575110433165	0.006328595799518713
X951365	-0.03610230547507277	0.0012807433246943285	-0.013523423872153812
X951409	0.029613008565820657	0.031232652433499958	-0.03478612764821011
X951429	-0.013462333756032691	-0.0006693002844753249	-0.011862672463545162
X951457	0.037978115973045956	0.00536118569952439	-0.011345982470447472
X960001	-0.041150968440908896	0.005767234670116935	-0.028127325291803756
X960003	0.0020935341566385326	-0.007235876713206964	0.02466336442444551
X960004	-0.01925641825184047	0.03520037134282663	-0.0031869095962895957
X960005	0.010455509554992205	-0.018395344851368303	-0.002002676061686431
X960009	0.0062721779672413385	-0.043776903845581736	0.006935694056802868
X960012	0.009644179863468582	-0.00725615531228353	-0.0237242435243516
X960016	0.018562622588221396	-0.009330806212451836	-0.017190991003582685
X960018	0.005027187652162535	-0.0004501721243259405	0.0179469486988656
X960019	-0.053037544239383366	0.0026231897663262947	-0.10129098154667868
X960020	0.033020730514904686	-0.031901227143763325	-0.018170827994714693
X960021	-0.02496535144719484	-0.01628604386190397	0.004568140770927035
X960022	-0.002467078575455445	-0.011794873315218845	-0.0018674577928402272
X960023	-0.023508845008837168	0.03330262379275051	0.018928246797257308
X960025	-0.00718879432845784	0.016062829066227816	0.004871963975008214
X960026	0.009392929793351004	-0.014929373050323725	-0.03921052648888614
X960027	3.592048296427134e-05	0.010542473970764047	-0.0010141631893675757
X960028	-0.03307163133460625	0.04745538675220286	0.00747967931393703
X960029	0.0004946619805837726	0.011203775619302199	0.012609978990273218
X960030	-0.01381420372427523	-0.01707300706149523	0.016299837358117016
X960033	-0.008815014936032046	-0.02342374180371485	-0.053681490404320326
X960035	0.0995176359249026	0.03398666547481978	-0.0008281144577528698
X960037	0.007296776003731922	0.016533089472655124	0.02068248993510828
X960039	-0.007766676661430369	-0.009398198984294889	0.011642794767892085
X960040	0.03307136152577973	-0.0010888981878624442	-0.006693320976285673
X960044	-0.002661068982582197	-0.0026054794531750274	-0.017108546545097483
X960046	0.017872827890713185	0.06639455324815918	-0.05143539380471441
X960048	0.03391935428821608	-0.026275221795489016	0.030727451669000327
X960049	-0.021111353333186457	0.03419701147921937	0.035201289708341785
X960050	-0.014644307016201397	0.016561328469805927	0.0050880373115531315
X960051	-0.011450535850180644	-0.02171863007940075	-0.0014593501360777345
X960055	-0.02018175519685989	0.006763874857325754	-0.014013228668569645
X960058	0.0030290422069513562	0.00011135066715796559	-0.012388621536343045
X960059	-0.012325702828224925	0.00018422285778494258	-0.027437322788753927
X960061	-0.02829997950401306	0.006207076077416236	0.013657933241020694
X960064	-0.006574744122561263	-0.004498722684344762	-0.005733062641355973
X960069	-0.016373496082433176	-0.003260425903361822	0.01639640442688398
X960070	0.014600916560917035	-0.013562855093617201	-0.016008651811121107
X960071	-0.006086980165937109	-0.015392079985521204	-0.0175479378015803
X960072	-0.011651618771297922	-0.012735063826765751	-0.0028017173572429596
X960073	0.0005792509802379489	0.008294360961296526	0.0050498425920001795
X960074	-0.015494118012391863	0.007732666610901164	-0.01358119156066236
X960083	0.006310024984065766	-0.01403917041535634	-0.017444841845236043
X960086	0.019069520769358	0.062328773357885704	-0.08825063996065155
X960090	-0.009180669945999516	-0.005644045236410396	0.014154232550673192
X960091	0.031302623406942114	-0.021845946164248994	-0.016809418266897323
X960092	-0.014825942727936841	-0.019861813919977815	-0.02894705709434401
X960093	0.019264118211218127	-0.019660156220611097	0.0004769253155633846
X960096	-0.014628138020177392	0.031339660040703765	0.006047154406562777
X960097	-0.015619228337941514	0.004486158110538796	0.0009098917082561493
X960098	0.007173346912378304	-0.019098211512979663	-0.03594859502016749
X960099	0.0027984339796490814	-0.012088703868178115	0.012404103272555608
X960102	-0.015837651923244385	0.004031087204569599	0.029355144832592835
X960104	-0.029531814042426066	0.0028011595856292353	0.02911647091021797
X960106	0.00687401366797073	-0.011144297297242303	-0.030631653137562276
X960108	-0.004824719422451646	-0.0008987790997014766	0.012812893185879103
X960112	-0.04102178631473488	0.06699989440046542	0.0052526217616664555
X960113	-0.008784950151043663	-0.012036398832273539	-0.01958857324641752
X960114	-0.007447976815625479	0.0259663087228308	0.002235208539077771
X960115	0.007007760063483774	-0.017936253953633467	-0.042850217944457744
X960118	-0.027948361917205296	0.007151055356303597	0.01766180323332458
X960120	-0.00018855341453212555	-0.011889444330907337	-0.011673917433287747
X960122	-0.0072683164998349654	-0.04333798136165725	-0.02122084224517312
X960125	-0.012734128720204446	0.023854099284705443	-0.013685930395224876
X960126	0.047056955733165255	-0.03266886554452646	-0.02905578481157099
X960129	0.027834296721435593	0.007864159316163551	0.003446697982423141
X960130	0.015232149017224748	-0.01255134186731651	0.014729252945156262
X960131	-0.0026335070917725555	-0.010367872096361436	-0.01787884687272306
X960136	-0.04845031050241515	0.029739935469062312	0.03946960888931037
X960137	0.016882184660299376	-0.030593665217404368	-0.013840983639469753
X960140	-0.027514067877129737	0.02404035821118175	-0.00017639291871787867
X960146	-0.038231310892723976	-0.049005566461793215	0.09519071093359983
X960148	0.00827570582685579	0.004350548647577386	-0.029545385810275552
X960149	0.0009899099878209858	-0.021089107761526758	-0.006500091006833935
X960152	0.038340354159820705	-0.018230874555452074	-0.013823926508482624
X960153	0.009792979672804788	-0.009651671532675488	0.022510356183727338
X960154	0.02858416584092841	0.028839813655370784	0.016198341045989863
X960158	-0.008955625063847665	0.012293575500004929	-0.039117225866467153
X960160	0.020788088537254706	0.006917312060147969	0.0013479401419766016
X960162	0.011963283125548932	-0.015819259005659732	-0.002658150456733902
X960164	0.0050196055102812494	-0.007226925748816874	-0.007170680346107992
X960165	-0.027473610597809974	0.03471357327969963	-0.010155663646566447
X960169	0.015162003714743029	-0.03134657679814254	-0.025829802678066796
X960171	0.0004501642070197035	0.028252957654534807	0.007541345367234325
X960174	0.034789551570017466	-0.018982155120905685	-0.0008574086418562609
X960175	0.004500815684581605	-0.007720350853733905	-0.0035703690468954744
X960176	-0.00014299282166297742	0.03603341900995605	0.009436270806264566
X960177	-0.030187297615695694	0.009540816169338436	-0.023444423939287532
X960178	0.017368337318297053	-0.0064612676884378125	-0.0008264262354120169
X960179	0.012407334487516698	-0.008968033225868312	-0.013057338011657857
X960180	0.013974782876002893	-0.02751137851791786	0.028599600134611155
X960181	-0.007405797169739214	-0.001995316693343692	0.026763684421134883
X960183	-0.0016427706921388495	0.0251681348632126	0.005631016774288938
X960184	-0.004724960347727426	-0.02665289745637153	-0.0010122282017020299
X960187	0.019538718746590654	-0.04229598722612535	-0.03992192976338888
X960189	-0.0005290691947081149	-0.07348552680314667	0.06769946856930519
X960193	-0.05626606283350097	0.09252263686149265	0.059534277379099006
X960194	-0.04131650840324756	0.05638889096161925	-0.027711976509196833
X960197	0.005126367543720742	0.0036251658598326774	-0.007149558568061992
X960199	-0.0035741536875524165	0.0016789374523134418	0.0036416228457787224
X960203	-0.025252247203100632	0.033499882173717424	0.030294617143345883
X960206	-0.06245473540640668	0.08923510347965867	0.001306666598014209
X960208	-0.010419417461028641	-0.09744209250579132	0.07111249862949812
X960212	-0.013075321769078701	0.03608082320066209	0.0534828497731593
X960214	-0.015818529826469793	-0.025398568530406687	0.03265823248810214
X960216	0.009801058699378837	-0.023953490437575938	-0.03743390621474082
X960219	-0.014643389563772395	0.021264138060403448	0.0038151610098301155
X960220	-0.027335390824759262	0.043407487778477485	0.020295084858796386
X960221	0.0020046833553562455	0.012380664747599709	-0.02937152618709439
X960222	-0.008100412553876744	-0.0052652365937998985	-0.06360159199396324
X960224	0.008396933743155996	-0.026064118359166596	-0.01741401677916619
X960226	0.04657495430581549	-0.06240686366923387	0.08086494211596083
X960229	-0.001994160754031358	-0.02156125058056326	-0.003945524486585022
X960231	-0.011349344695534336	0.00032771904062561683	-0.010289605769275614
X960235	0.040993117816964554	-0.021095412202426497	0.014949495390371268
X960238	0.007166807822250107	0.02472547041039245	-0.024587416985376122
X960239	-0.03728931264980183	0.007532084616601898	-0.024603269772878432
X960241	-0.012173751164820326	-0.014615333858729459	0.009595313859247117
X960242	0.16289071354421253	0.08020137855543066	-0.039690996908098415
X960244	-0.02329136726158725	0.021145370643318846	0.0013028579932497654
X960245	-0.0034589405371634927	0.0438300523762031	0.0566728506430597
X960249	-0.01772203608917262	-0.015274687242952775	0.022808345159120592
X960250	0.020170789706644394	-0.02063419213616362	-0.006103709397506243
X960252	0.02303589442134405	-0.01186314206905337	-0.040381066638863206
X960254	-0.008095177834576944	0.016400266444999638	-0.014815803834451286
X960255	-0.00021553178040364696	-0.022795893311279288	-0.0038585166183216155
X960263	0.0006815121420877385	-0.012459742866981146	-0.015116639573658686
X960264	-0.01705768391881641	0.01558361629115965	0.022738749743653586
X960266	0.03590549721064112	-0.03168080962568577	-0.05778238291877329
X960267	-0.001215009790527089	0.003307567655549244	-0.011141685343401634
X960268	0.030201491340373126	0.007691691259746235	0.012160151087448952
X960274	0.0007950260746633383	-0.026278509441405657	-0.010835754022134787
X960276	-0.024611112887279983	-0.00059484905315551	0.03220968320660756
X960277	-0.03346034072793079	0.04188400794168642	0.031594971300407976
X960279	0.014461420248040181	0.02142581421659467	0.02152561917582054
X960288	0.004519399975850673	-0.010889052258520857	-0.022229264368777934
X960290	0.0007355125415359815	-0.011915683604735156	-0.007778538484061358
X960297	0.003881456242625947	-0.01054170458528786	-0.0007873500328162551
X960302	-0.026516928448341633	0.012492297725602357	0.025531716221493493
X960303	0.014965556784886517	-0.009338253800016563	0.007752589926070801
X960304	0.007574765746015515	0.024552200248162008	0.006477975381519574
X960306	0.06045083375915909	0.007670975253571864	0.0293764535841281
X960309	0.02203307013224018	0.008135636559248392	0.041780380653964326
X960312	0.02451778991586086	0.006781375475443936	-0.011287700594629602
X960315	0.005604248419967824	-0.018020252535925037	-0.007554111209315614
X960318	-0.04197089607254044	0.05947903693077818	0.01432662864957949
X960319	-0.03266785565111912	-0.01969989235580436	0.038382651652661574
X960322	-0.004669265466157182	0.01039274598445692	-0.014519232788941239
X960327	-0.02106124067477624	0.031154844973990653	0.015803721927926326
X960331	0.011516848189540345	-0.03244042000401631	-0.031311503632674736
X960336	0.03634818158898303	-0.0217599717420479	-0.02808561007655693
X960338	0.002734453675843859	0.011987836269597802	-0.0045534405652956425
X960339	0.004531473290328584	0.0089484906869281	-0.002044279991247636
X960341	0.03181485132913709	-0.0386358887621661	-0.0013975597847286937
X960342	0.020242990099339355	0.01538600909890928	0.007467721523642169
X960344	-0.0023127124956346208	0.04653838807328091	0.013706191367597898
X960347	-0.0003112453676029798	-0.008962929699202532	-0.012992134154189145
X960348	0.015379373786160626	-0.03125543199504367	-0.017464591466662117
X960350	-0.02529133931869548	0.009710022935942362	0.03118669626210571
X960351	-0.011631063774094058	-0.013072910669221876	-0.005019244165174946
X960352	-0.00027101292098524586	0.04931198678014525	0.043617021638039884
X960353	-0.033437997022240616	-0.012845594378081061	-0.04023322695523415
X960354	0.004902505400583824	-0.006894574879839348	0.006969151759625551
X960357	-0.016249916417733223	0.026120633146302873	0.011336976631402802
X960360	0.06563037227235319	0.056125842582521034	-0.01588778025284142
X960362	-0.0045411913280049565	-0.02157122859234541	-0.0016278250599773816
X960363	-0.024253850394412385	0.006463186033288065	-0.05607202080799095
X960365	-0.018389973511423623	0.025267124076722772	0.004841952421211872
X960368	-0.009496434437665888	-0.006855238177335575	-0.00219887999588091
X960372	-0.02996217903392979	0.009537937108150426	-0.022510784763746332
X960373	-0.01400416854089074	-0.0012865338156912258	0.003988028389948734
X960374	0.05073449982475433	0.029871172335521015	-0.02288601099508786
X960376	0.060439716778583036	-0.01738649109324652	-0.04412144713300615
X960377	-0.009279210805775451	-0.0022132254775942806	-0.047116283208021595
X960379	0.007302682478076235	-0.017930668990597434	-0.003203157320182032
X960381	-0.0077916982398715025	-0.018179561818485755	-0.0018679035832313419
X960383	-0.030518887506539097	-0.0064026980809373775	-0.042128798146744105
X960385	0.004275676624660632	-0.03964670243161121	-0.0012258294887248745
X960386	-0.05110095086585975	0.059376646410872515	0.002429874627318243
X960387	-0.005183881151361413	0.04243305121578124	0.033042774539892406
X960390	0.000130960775690763	0.0030561065497687837	0.005703203596343611
X960394	0.011098985361721395	0.02261740756812694	0.03760457184715721
X960398	-0.011312436400729901	-0.03574897711248735	-0.020886713218045524
X960401	-0.009530210463298692	-0.00850513447381991	0.04718952961581836
X960403	-0.005838916261698109	-0.002431144123936773	-0.004002368203130447
X960404	0.02697099441339261	-0.019019393082961272	-0.012094977824052203
X960408	-0.010320692770615479	-0.006803493559419353	0.028020030106307922
X960410	-0.015120142234678982	-0.014003457161486757	0.0040832008568982905
X960411	-0.013699232795001527	0.02289625654870685	0.023711284348760478
X960412	-0.00460168687785134	-0.02527296446398772	-0.023071884412745977
X960414	0.033032389221486234	0.003267821802959221	0.004184182081383822
X960419	-0.003672284492552789	-0.008295001050616813	-0.014545830898502655
X960421	0.06111587589325985	0.05108787902772566	-0.06895856343428187
X960423	-0.006725435258024813	-0.020627430461411404	0.020920991630819993
X960425	-0.022196989625067155	0.03021824362695105	0.022012572419416426
X960426	-0.0018611510000936448	-0.010749885243568642	-0.0004782891448503213
X960427	0.03492061045081683	-0.00861283039764788	-0.009361767294156312
X960428	0.009052814866765038	-0.02246558866601528	0.01798353839773067
X960430	0.0035004709066609727	-0.012833306962368004	-0.01641986826656751
X960431	0.0020822858121476552	0.009629924647896226	0.011762351515009026
X960434	-0.000853583796952004	-0.017376137098293575	0.025088436492690533
X960435	0.051160270569206814	0.019108542920856147	-0.00888402080255369
X960439	0.01599788450391073	-0.022491221811275133	-0.0018979766516012669
X960443	-0.020047173221429005	0.037657433061177845	-0.08072825957193608
X960445	-0.0037403457765207643	-0.012006746774162974	-0.004584789835020068
X960446	0.017830792100818574	-0.016406768322269394	-0.011711336442241812
X960447	-0.014716528040719656	0.02532173597125282	0.018143422488275013
X960452	-0.0006133153935550039	0.020536996140519355	0.03226228658832924
X960463	0.08282248466641509	0.09094506883420794	0.0035484709317157048
X960465	0.0636210483014706	0.028339838257767903	0.05128388273939282
X960478	0.01527628416860939	0.0038006061423061306	-0.013906975944141128
X960480	0.011630876783064958	-0.050598532692281574	-0.029909545673145774
X960481	-0.019109826004859495	-0.02847712785526744	-0.01969499560175309
X960483	-0.018650922330563348	-0.03938461524300512	0.007209222662716678
X960485	-0.0322395331639076	-0.1006066573883295	0.097082224666503
X960490	0.010088560080050464	0.0017654455890639732	-0.0064642281179628355
X960493	-0.04521624009471881	0.04545848454815911	0.011009200210792202
X960494	0.0547764339783208	-0.04655327712572529	0.05239706610764184
X960496	0.0031902722866961387	-0.019614040743336197	-0.005635795833306437
X960501	-0.006540958895725974	0.015121436413598475	-0.014790526675906282
X960513	0.021510974128573546	-0.00318045527044894	-0.004078404850984241
X960516	-0.004855321823627655	0.012154046326430098	-0.002971445804999863
X960529	-0.01050868827220349	-0.017496041791886255	0.005915573464828202
X960538	0.0012547171860431117	-0.02188683886920407	-0.012833994308938118
X960542	0.016243176740958983	-0.0007611724709773411	0.07231571563901336
X960544	-0.06838688204178647	-0.01646079848865766	-0.07127355024012925
X960550	0.024896026833125365	0.0013130675651361007	-0.0013418697913614966
X960551	0.014689861774199396	-0.016590368840001205	-0.008043910068900737
X960553	-0.0016982148561607545	-0.024908826806255908	0.0013714313847599557
X960557	0.013381024080874125	-0.025364112718196725	-0.05144789703262578
X960575	0.017012476984049167	0.10442934046488316	-0.11462839580735157
X960577	0.009272623206188869	-0.019278913875765302	-0.028503824354118416
X960589	0.008684810710642874	0.009847427046616652	-0.010373785045365737
X960591	-0.049288235212805405	-0.0012645085836578663	-0.06128152541429007
X960592	-0.0634979148135125	0.05644454083896891	-0.1087037788300409
X960596	0.01079987243349792	-0.03987009640560782	-0.03976274936866034
X960611	-0.030203324992884667	0.00018069972732218074	0.028638107459990004
X960612	0.02557835279328922	0.03422609906599754	-0.0023931731981149808
X960616	-0.007720621611810957	-0.004753458942925325	0.02008235733496507
X960632	-0.008032151941082337	-0.006616917264726859	0.007768633765881946
X960635	-0.00467447679765118	-0.0002753089565719361	-0.007573300725611458
X960636	-0.0058693730846927136	0.0004928351330250874	-0.0039902708990566665
X960639	-0.017364824520650076	0.010114364485514948	-0.0198575948266867
X960643	0.000963493775490036	-0.005989868317276541	0.003582173094934182
X960651	-0.0098471805197397	0.011719040386029026	-0.004179727192251685
X960658	-0.026533759278489142	0.035338156500031755	-0.012765935675721575
X960659	-0.016253672512493125	0.06772253474415661	0.05298155867342143
X960666	0.007760653121649136	-0.04791742474837401	0.019281683590008803
X960667	0.002218292401964327	-0.017699194476574778	-0.01512451060740921
X960672	0.030457891983526768	-0.006262104808281523	-0.015294402261195007
X960673	-0.029562727986024138	0.05288375291360339	-0.01814753405080228
X960683	-0.0060794441383977965	-0.06997718061754536	-0.042209155632367164
X960684	-0.02950316939589958	0.010411553940540344	0.028614296091009253
X960692	0.03291432843116794	-0.021194307260807208	0.012715991964618844
X960693	-0.0020309383208260206	-0.0010407387340619636	-0.009418874752498535
X960712	0.07940269510448067	-0.057033837112237834	0.05177052659181906
X960719	-0.00903332050384271	-0.01599595857420765	0.02344032340371123
X960720	-0.10361798305522342	0.12363987980482481	0.0059020706350997884
X960726	0.09848552375536034	0.0106939600126837	0.056898173526652704
X960743	-0.09147757079875657	0.1193287190961793	-0.047616384456951766
X960748	0.03504020926115236	-0.04986770593521237	-0.011243943173661819
X960751	0.015182281198726982	-0.05554978807599232	0.043252689986162225
X960760	-0.013792089973098698	-0.01303692406995129	-0.03824967688229002
X960764	0.059314440849019795	-0.10175206663406887	0.006651916660683049
X960788	-0.02337673456993486	0.02989133513591577	-0.05380644307295353
X960792	-0.011070918940906144	0.034677810825769255	-0.03712986120471427
X960793	-0.07606265937387707	-0.01207486277180116	-0.09782901585291205
X960795	-0.030766073868835144	0.0017480232610370555	0.05139590254191553
X960796	0.005373276645725499	-0.0020935422644584667	0.008209983068200933
X960803	-0.0030818760309956196	-0.009572625944169001	-0.020314969627067473
X960807	-0.012510056572549194	0.026867592837003663	-0.0062961309434143445
X960837	-0.015889080382979114	-0.007201133071844092	1.702950733070874e-05
X960841	-0.05208297556225003	0.09005597371465221	-0.01563731909656495
X960843	0.013709168740446571	-0.018411480175135723	0.005599092298673302
X960848	-0.020250952962813627	0.05023048418553015	0.07372112476665674
X960850	0.011824118655276473	0.03941366817825138	-0.08613718423082523
X960851	0.018601109358446017	-0.019911339196928158	-0.00038809075416736924
X960857	-0.014168000933239491	-0.015660482072000884	-0.005396873860463803
X960865	-0.02495067394902063	-0.009452579154343478	-0.048271272839287324
X960870	0.01296703643361528	-0.01615136360146915	-0.00037722095616416276
X960875	-0.021418021572342467	0.025703563316197837	-0.01394466406708658
X960883	-0.02100697822800773	0.013695930224226837	0.027667444287452134
X960884	-0.020959562969805133	0.015419016285745771	0.02285887308906738
X960892	-0.0212540624546041	0.04045310501245545	0.04378698912025315
X960894	0.010440435821413362	-0.036166988199695584	-0.009110567462179997
X960910	-0.016571124909997133	-0.02211862020884047	-0.00412211359881041
X960911	-0.0010933211578097672	-0.034617006190606744	-0.0044963277610581415
X960920	0.024604169564083865	-0.00580320072832693	-0.006514440674708907
X960934	0.08014644044302578	0.033514200052653674	0.13054240796279507
X960939	0.00474043918773704	-0.0073583010033811905	-0.009993355180385802
X960943	-0.024007969070214272	0.01885282856666128	-0.012058064712596505
X960944	-0.053581057068241386	0.008724562808763615	-0.0736758938462758
X960969	0.04022571653171177	0.005210675763098493	-0.013956544021047262
X960972	-0.001786400966410336	-0.007535729081809143	-0.02105077153542468
X960974	0.004731892024007948	-0.010299283447927784	-0.02092888938216097
X960981	0.02159791956855583	0.021162108737248667	0.014791047603489704
X960991	-0.014969418449390025	-0.044052589581848656	0.023642358977348392
X960998	0.022673429157779923	-0.0194875836127556	-0.026172638685390895
X961012	0.010046065376066903	-0.02088381742184755	-0.08410149107906023
X961035	-0.041946871645161275	0.04765840246989874	-0.0011669700583171144
X961077	-0.026887108493057584	0.017919501531199426	0.0564479806987623
X961092	0.03208767661372923	0.028744358169293795	-0.0056909421391408525
X961096	0.05978557692882862	-0.041043247340848056	-0.03242102055316888
X961105	0.0016422735789222592	-0.0032554790574550424	0.010102419290334421
X961124	-0.02583013337489753	-0.014321600065368232	-0.014155635611702999
X961128	-0.00041876503688784166	0.0304343232965517	-0.0038332037542877415
X961151	0.023098675330054143	-0.07991880711914544	0.09393628023910791
X961177	0.02940647524327845	0.04840213983376193	0.006149534707694301
X961180	0.005805643506294643	0.08593991341609339	-0.0016951210205283878
X961193	-0.057174055359609816	0.01717013290112087	-0.044465894082636154
X961214	-0.0021224289287733325	-0.031705610885047766	-0.011815163892977548
X961221	-0.00193327575851002	-0.01959180463326622	-0.012639689158877703
X961226	-0.0369558027772234	0.02385858642027139	0.021711324800449194
X961240	-0.025252589260051226	0.03769018539131245	0.017617039802278297
X961242	-0.008015412041854814	0.018069994904776104	0.028693620936198504
X961243	0.0057282260825260315	-0.20421949134466277	0.18594314744666385
X961246	0.014098901204530032	-0.0157906540193824	-0.012931165774186267
X961263	0.014632698184868436	-0.02229853431460964	-0.028376423107224075
X961282	0.009105781194628544	-0.006104288509871269	-0.02528695786824679
X961321	-0.0008569931424030144	-0.021550932643747637	-0.02874378110678672
X961325	-0.028776202464567607	-0.08499783332589163	0.14783332796908594
X961339	-0.038742740949904785	0.03324629403925587	-0.027038778032008944
X961365	-0.009535508704948403	-0.010969859133677201	0.02843123850641359
X961417	0.016641354637586987	-0.015179557012004222	-0.002134131366369272
X961423	-0.027436275406529157	-0.005254867812237967	0.017608482238493168
X961434	0.03369152869232575	0.005087253429157538	-0.0010180361551622645
X961485	-0.03599638673905788	0.008412369078520169	-0.004943437245660321
X961553	0.10419255008496986	-0.00015637751214404676	-0.01601166120807008
X961577	-0.017386348525471537	0.012879877707859321	-0.026498585915465545
X961634	0.011698507165330123	-0.005621493773234887	0.004093090077004365
X961684	-0.007669449048089596	0.007303809399393809	0.012617042944034098
X961686	0.09500127547485838	0.07089345265184395	0.032695382101904
X961738	-0.02543334828600736	-0.025027792906036263	-0.03599576680694802
X961809	-0.020510063560687446	-0.007618378049380723	0.004608206259337743
X970002	0.009451749395676492	-7.269603944404452e-05	-0.016689895038763808
X970003	-0.007910071513338524	-0.011088861665131096	-0.0013768244448060566
X970007	0.00246781799594117	-0.007681162024786526	-0.03930273684473603
X970008	0.013520022428926595	-0.017320112715439206	-0.01102926191481517
X970010	-0.0014085671168431308	-0.013566067119956655	-0.0010860228557201495
X970011	-0.008249453540429086	0.011748568521347716	-0.02210438728339409
X970013	0.0042470562887280934	-0.008899346363508486	0.007272686443918064
X970015	0.028889044974764043	0.03147346336639799	0.010101986696860436
X970016	0.010745309016505243	-0.003228644258531553	-0.0026903956741144504
X970017	-0.029727844347949273	-0.03053449877937044	0.01882984390521533
X970018	0.07529526624598569	0.024377151769811718	0.02732183546543079
X970022	-0.006806109126390483	0.037970092657403996	0.022209039218020366
X970024	0.0001265219575556948	-0.0021617433446010923	0.0008376815437760712
X970026	-0.005003494106733103	0.00862970733694349	0.001343904550171801
X970027	-0.007948299955286205	0.011182744300547779	-0.0017963674378092607
X970029	-0.013218723460109648	0.03559607795748565	0.04071956448828704
X970030	0.01678241571765966	0.00040606959394121414	0.025434560843289676
X970031	0.016195054397747235	-0.014455802927913201	-0.04713378444911177
X970032	-0.008375287455281743	0.03478610576509987	0.03504042898433347
X970033	-0.017844761935731066	-0.034745290349160345	0.13512905464284863
X970034	-0.02046778837492571	-0.003521668997347086	0.003835206897332656
X970035	0.023926905377865588	-0.014186744692671087	-0.0029571833705445663
X970037	-0.0020382794714217623	-0.00686863653196748	-0.016378196042063413
X970038	-0.01828402368974536	-0.02129070415602592	0.012396870012323454
X970039	-0.002233342773001615	-0.012619558091260478	-0.012507789917321974
X970040	-0.013866828633468107	-0.01883658979765426	0.005525610489580915
X970041	0.0006319041739766628	0.008228997852022184	0.0162242804157052
X970042	0.027872281427408767	0.009585176998119905	0.03398745561663178
X970044	-0.009669037141104975	-0.014459896609105948	0.004872148207392977
X970045	0.027153572847472083	-0.0044132889028346885	0.02017736946720511
X970050	-0.0100786551997755	-0.001870680294911771	0.00472182117856904
X970051	0.016999238038368933	0.016800794880652697	0.007372470992536625
X970052	-0.009354562062808523	-0.02089632005546532	-0.0015552197858676715
X970055	0.0036793106403599208	-0.008194287433498308	-0.0255827573043824
X970057	0.011527974259109237	0.00038519680906127986	0.0011939631387193476
X970065	0.0056587636817633825	-0.004840949212831041	-0.006671000855324386
X970067	-0.013811368364587991	-0.006231470142073738	0.015158711668141206
X970069	-0.007411144478131462	0.037437465914279724	0.032573333326234286
X970071	-0.008555881873129863	-0.0031085957103991263	-0.005204328050896786
X970072	0.021579112853342918	0.0004798638323372633	-0.001730066570762003
X970075	-0.04581550319951375	0.009749047800686254	-0.03354532013937199
X970078	-0.007900730891273935	0.0020824379376186706	-0.007864838270215783
X970079	0.023287990659703495	0.0031738699922667702	0.01197924444598005
X970082	-0.03485901947807599	0.016453909123709493	0.026022370995246586
X970084	0.01091947718908187	-0.042812966661815416	-0.00936847530066351
X970085	-0.023790015531892836	-0.007361580841600204	-0.034644227376034196
X970086	0.0135427252312748	-0.002166107332588549	0.005737521269924528
X970088	-0.0048168625468937585	-0.004629423916339551	-0.005766452357084452
X970089	-0.02396342893492738	-0.018218705939123392	0.018855147947025915
X970091	0.10290855763377392	0.05601209841539609	0.04744922233664911
X970092	0.09484124496887864	0.07644077100497908	-0.023990498008416506
X970093	0.0032538356664710273	-0.0012392701869035796	-0.002839539147574498
X970094	-0.0322173609549518	-0.0012129080759167015	-0.00040308693317177464
X970095	-0.007848900481609205	-0.03941259151203935	0.009973675075456571
X970097	0.03091305266877057	-0.005956539275912006	-0.011905698745423743
X970099	-0.012079395407757647	7.705993690292388e-05	-0.02023263713830687
X970100	-0.029750299115411785	0.009659789369402493	0.035935855743294276
X970102	0.018776300291763526	0.02391608882064024	0.03829971282899025
X970106	-0.01037222113224679	-0.025444934576142355	-0.0193268184428013
X970109	0.012970063970577764	-0.004835215833509163	-0.00043056739253381
X970112	-0.023968150249758766	-0.008768879846284858	0.020466520584246455
X970113	-0.013000625696868407	0.0021618330317088514	-0.023305782565096946
X970116	-0.018786047347030915	0.005251413432931969	0.011937356415929025
X970118	-0.00017487384158186881	-0.008714857497716038	-0.0005136636179829422
X970120	-0.02786059371766203	0.013200856719072125	0.0016888673801966948
X970121	-0.03515555403116177	0.03557749525735472	-0.031778989253642316
X970124	-0.015140852844598023	0.005625339423934673	0.0018664662124400558
X970125	-0.0006140950397101853	0.0006164239278339312	-0.004454766500261462
X970128	0.01754223579934352	0.0032157882452150555	0.030997108049393433
X970129	-0.007855470497585261	-0.002142573334024268	0.0008286381245537769
X970130	0.009096592741019878	0.014184682682928692	0.0030247978937330117
X970131	-0.002962115090606395	-0.01167283280170745	0.02538781571265536
X970134	0.0022906658385469293	-0.0005387515467537158	-0.0064711700509401384
X970135	-0.004707206483494688	0.037206462641074314	-0.0030647512523794495
X970140	-0.005473569113810326	0.00021044533075482145	-0.016310582305867915
X970141	-0.0038615041063202312	-0.006636721001530335	0.016652232096488764
X970146	0.007028865007777328	-0.019072114980822646	-0.014486709860576465
X970152	0.017119547749022624	0.035225533913995244	0.0085107734573395
X970154	-0.019103852030941282	0.0006186081888852467	0.0303354541288577
X970156	0.0014130603037085135	0.012224842006064057	0.01723860025100834
X970157	-0.017362863486124376	-0.0007194154680858669	0.000774196968746054
X970158	0.004582639683263301	-0.02731598964824498	-0.026077084008652048
X970160	-0.004595764018426412	-0.0016582109842689095	-0.013577765744468673
X970161	-0.029497247027785205	-0.029652792954199546	0.0005220811486085934
X970165	-0.0011461140811308455	-0.003447730776724599	-0.004671278426247081
X970166	-0.018626086554956255	-0.03865622181010309	-0.010733321985316424
X970168	-0.013309014599572117	-0.002794120868896869	0.018660462123597288
X970177	-0.019827214775910998	0.00367415393103343	0.023901924485683023
X970179	-0.04219253875424705	0.0704666068744502	0.055632368234627035
X970180	-0.0025467819133780005	-0.020258552556338797	-0.017865887127318555
X970181	0.0021919731800083765	0.01995321043387044	0.00425917477791595
X970185	-0.0003920722946469144	0.015777311252276764	-0.042495506687228096
X970194	-0.0018871135166445938	0.012267172156491707	-0.008367717212331769
X970197	-0.00502417730653363	-0.0006620506095110592	-0.0274586828609901
X970199	-0.0033498166567579746	0.006697191615427931	-0.010425808236664233
X970206	0.003963196514913393	-0.0286732614822672	0.0039525856947000655
X970207	-0.020951508484560455	0.020644683957437817	-0.02619775188401315
X970209	-0.002068947501107619	-0.0019079281581061975	0.00665493335970162
X970216	-0.03176713429693128	0.04057747728977769	-0.020582461638492103
X970221	0.024017844744317767	-0.007607973056880271	0.002195234128833201
X970225	-0.0020704155540106264	-0.008555046377177524	-0.011884094253308414
X970226	-0.007367601053353174	-0.02355979191976266	-0.007248487399234646
X970227	-0.03139344077229012	0.009657515038556405	0.024506143967397632
X970228	-0.004723846323137773	0.028239238346537483	0.0290777700187056
X970232	0.07395942424499521	-0.021070229616334524	0.014158584358779867
X970236	-0.024409278245704293	-0.041051574083161596	0.03703586762737636
X970237	-0.0033948223181747474	0.020422003374552064	0.01048137574631893
X970240	0.03776936773381814	0.08101923685634804	-0.09953618007705452
X970250	0.02432562647332104	-0.029391039963808235	-0.023936745852390844
X970251	0.012604204741098763	0.0036897366255385553	0.04167812403443112
X970254	0.022668061574376862	0.049795230164866235	0.01859795106796567
X970255	-0.02036049101900245	-0.009820744139275285	0.007388669130408292
X970257	-0.02685004796011695	-0.017565583393725943	0.031542468391445776
X970268	-0.0036093421480631774	-0.0015712407092221428	-0.02328072800136971
X970269	-0.017672494283764512	-0.015087018544411272	-0.06058052576554384
X970271	-0.020107587231365753	-0.043678091601898617	0.08664813954301777
X970277	-0.026516134705038007	-0.0019039012201130295	0.00322701244328492
X970283	0.11864767980438277	0.03586101609125428	0.023553061870011344
X970288	0.030301619864780405	0.01469910593721017	-0.006304688855199892
X970296	0.08545059995366137	-0.038749316489207576	-0.058986193311518366
X970299	-0.005669569459598265	-0.005908931095490516	-0.001352652675252655
X970307	-0.008393273320027738	0.005341346296323466	0.01760531112229239
X970312	-0.006752421485374705	-0.0016751236103754433	-0.017050936143430475
X970323	-0.015324224513381073	-0.009757449160191393	0.013623431818729782
X970325	-0.000369879640513971	0.01564436161112782	-0.019055589262088495
X970327	0.06701479253665711	0.010555541583659884	-0.0289661130775447
X970338	-0.006486489292453934	-0.04993439737298797	0.06068430559238349
X970342	0.09597588527857985	0.027900801905300743	0.023661349978747873
X970343	-0.004061450938492459	0.04850100729452541	0.030152361820186685
X970345	-0.01208789075045754	-0.010500986532475077	-0.005769074942200058
X970346	-0.05051034839333949	0.005559939451682584	-0.0029840763250809504
X970349	-0.0048102073453865695	-0.011836620987727385	-0.01871669244376933
X970350	-0.006494542710425035	-0.025192871961136152	-0.007766254099549501
X970358	-0.0047118848965947745	-0.002527662185870096	-0.009679343464672426
X970359	-0.008337627097587431	-0.02996093932978643	-0.002639333880891442
X970361	-0.033948637847718496	-0.011136839349443836	-0.010672099654850576
X970366	-0.030453393292644137	-0.08414514033533435	0.05674946413136819
X970375	0.0059086214062041885	-0.02271503792511141	-0.0005798672336569964
X970380	0.028765201391513045	0.02323278576873465	-0.1028194759528371
X970381	0.017273520003237307	0.016911452015297153	0.008452998265507486
X970389	-0.006002270625650637	-0.004292284551265602	-0.009014370142840178
X970393	0.010153225460261863	-0.05929732251005683	0.06385378166231243
X970411	0.006648296278745955	0.014058164996699254	0.049254476821332015
X970412	0.007914011698708461	-0.039352556165845244	0.01530080650024419
X970414	-0.014009138656050388	-0.014196688128172012	0.011144432910441674
X970425	-0.012248441921925726	-0.009708388720349775	0.002661804000444277
X970428	-0.03676279157644344	0.033089874793013556	0.0016870501166287755
X970432	-0.010069218868959859	-0.0076497816198763	-0.0022592778708571434
X970454	-0.007037876182318624	-0.007402744060601525	-0.007043036942807103
X970472	-0.0014403906423203006	-0.02961991632631841	-0.009966443524575796
X970474	0.009455892966065948	-0.01428777702073409	-0.014588100075045957
X970480	0.018251033045999857	-0.018462199383557684	-0.015098749247758154
X970482	0.01083205161539034	0.01537302767139334	-0.018987698557411937
X970497	-0.00048202019416436606	-0.017523936014302677	0.032428815276432564
X970502	0.019208678392462496	0.0071803110882915815	0.01619433655285522
X970504	-0.01934263691853467	-0.06534823655273377	-0.01596515870217704
X970509	-0.03266928993801878	-0.018620618946475685	0.03580610520866351
X970512	-0.011150497353867268	-0.017282581313570456	-0.003233894617181777
X970515	-0.002959189513856371	0.006475028789889808	-0.0058367282082013375
X970517	-0.0004522520415333313	0.01779970482309487	0.0036787760180454934
X970519	-0.008199364928333012	0.00823397435910704	0.016535430043014058
X970522	-0.009803141061972035	-0.009221174845759319	0.027940585331100925
X970524	0.001773912374080815	-0.0031129510027566674	0.021926048451289877
X970533	-0.0028712015353248212	0.0004238620667737047	0.0005909332273537815
X970536	0.004466960315078365	-0.0006644187218991378	-0.02445266838399299
X970538	0.016021434413652773	-0.011938947200855034	-0.018283575667369746
X970543	-0.008579449802123804	-0.006580054657035036	0.002734625456993272
X970544	0.007362820398361447	0.0714545312236966	0.021058870358294998
X970549	-0.004492338446505547	-0.02262347434199652	-0.02237401431715746
X970563	-0.027862824090087092	0.0027554320360479068	-0.02202272683173957
X970564	-0.011939729262401017	0.007542070400854309	0.01909795130689306
X970573	-0.01629595678105913	-0.024946850444470876	0.054975218883957885
X970577	-0.024819248510769866	0.0065423279892057465	0.029793049911236727
X970587	-0.00827491369543159	0.0002750938875356092	-0.004138775869051074
X970599	-0.006885737231464666	0.004870855605137167	-0.05333270519898121
X970614	-0.0013397923206508995	-0.001648326269033245	0.0069524728817182
X970625	-0.024878569251122872	0.024793558476885903	0.00361520758304685
X970633	0.04868710574771463	0.030734248697629883	0.06427133495846486
X970638	0.007332191889334651	-0.012644723059630911	-0.06005277080582612
X970649	-0.01647093985200511	0.012578805890883532	0.053110419405402884
X970659	-0.021271808891582117	1.2490462747521385e-05	-0.020883334034808063
X970663	-0.018814712403816616	0.00040651832421427834	0.005053921405782561
X970664	-0.03670551488518273	-0.015214705732121398	0.05269202091436729
X970677	-0.01316175813825016	-0.021018042884006764	-0.014802533517058073
X970680	0.08626182565407793	0.017865056880158017	0.04403700125528467
X970687	0.001995210505246118	0.0003143498486344393	0.02318294807661431
X970688	-0.026235705546052316	0.022022242631513075	0.002709859855289527
X970692	-0.006985992306435549	0.003855304504716465	-0.04551762468330634
X970706	0.0185518396798605	-0.015572916104522598	0.08994420256123738
X970707	-0.03747015476580572	-0.00787864742749296	-0.05461381159499091
X970717	0.011728364585363596	-0.004702304712979605	-0.018569311930148328
X970718	-0.009603457623944621	0.012942721752101177	0.006418783138061276
X970731	-0.01944826757552516	-0.0059730576360670804	0.018982215880089335
X970732	-0.027942853280133597	0.018487951834249134	-0.006370067920580325
X970737	-0.020771180440873133	0.003516080624463651	0.020447699660050563
X970745	-0.030100828231278878	0.0022337335002082493	0.02309796676864964
X970784	-0.011572248685242262	-0.007033904231174597	0.011585719011604293
X970791	0.0030358700858926333	0.013041662359937138	-0.01023613597236774
X970813	0.025376976329747048	-0.017452436224285137	0.019460112040240195
X970860	-0.007760367278294601	-0.0024020961164972544	0.0008091539436738464
X970932	-0.019190564679445757	-0.01887822974278723	0.02086952986683813
X970960	-0.036409241789134565	-0.013025247235544732	-0.028711765114338234

Biplot	0	0

Site constraints	0	0
