Eigvals	3
16.199009462003495	10.713894716515354	0.41968816731964137

Proportion explained	3
0.695356824653981	0.30417642542509077	0.0004667499209282564

Species	5	3
Propionibacteriaceae	-3.824997534743572	2.6112767448483485	0.16705707894721566
Staphylococcus caprae or capitis	-6.301072057676438	-6.632590202260398	0.14452946064381378
Staphylococcus epidermidis	14.086006455726412	-2.025239079550581	0.03659962150679305
Staphylococcus hominis	-1.0266414988014465	7.583732870994147	0.006717582139043377
Other Staphylococci	-2.9332953645049633	-1.537180334031517	-0.35490374323683316

Site	1225	3
X940001	-0.001429864655493838	-0.0031979883088720166	0.12518189539765173
X940002	-0.011814748729212239	0.012874349586562962	-0.017566460038806075
X940005	-0.012790236094297205	0.008739536141418307	-8.167110608289454e-05
X940007	-0.006166582542077283	0.009721306839476628	0.027986008644913695
X940010	0.02922110604099026	0.03889008733167174	0.09923737048371603
X940013	-0.005222318132758879	-0.0016013797651316661	0.024380076801565027
X940014	-0.05484796219522996	0.0487571291406083	0.06783701922685038
X940015	0.017681383235630996	0.0002530813579935752	-0.0248229575267234
X940019	-0.04452112940619856	0.033882676549208464	0.026569791177500312
X940021	-0.0187789931869016	-0.006677898711818337	-0.017261288383905202
X940022	0.020793778087522745	0.003864858321303717	-0.002574312033258409
X940024	-0.005787149817000648	-0.02000061054070057	0.003134728412026523
X940025	-0.009303654473792375	0.01695883915063422	0.03427470048354822
X940026	0.01759706971859058	-0.04513166392567816	-0.042068776333383934
X940027	0.004829898511741696	0.006591742783323608	-0.007259847709829743
X940028	-0.014366565191845385	0.009745703025324423	-0.016462578799408763
X940029	0.0068754863061864825	0.0021831288144492068	0.005613590334426986
X940031	-0.009514456368688346	0.0057373334043492865	0.031044466928326225
X940032	0.0038474756153597384	-0.010527817934402385	0.0371768954900285
X940034	0.0047747390942903525	-0.013445080317213696	0.008829288531388707
X940040	-0.021379285193152506	0.013002199175521268	0.050603063899368896
X940043	-0.004098487432272447	0.009305856817074661	0.036663754687511874
X940045	-0.020750195619531602	0.05318617152468352	0.04966703928111894
X940047	-0.02292079242605111	-0.004735203693262781	-0.04301269296673626
X940048	-0.018009912421734057	0.0166017470531799	-0.06906850440626806
X940049	-0.006453062248912724	0.007390682008424845	0.019907215516354968
X940050	0.03651590208344265	0.0064455295217012674	-0.021721090481000176
X940053	-0.004013217789945283	-0.011891729440657433	-0.04519117058358271
X940054	-0.032978458780315606	0.0018612438835612368	-0.016966917888532662
X940055	0.005577984689080658	0.059548865108341044	-0.007614890910752519
X940056	0.0450847665520036	0.008996644407238746	0.035242486902613356
X940058	-0.015596337730580306	0.01371143745353754	-0.008461974241357388
X940059	-0.010735503689149259	-0.008808483779326456	0.0049615334176143664
X940062	0.033847603773892995	0.054182391039991555	0.020429570597298954
X940069	-0.008252335735832462	-0.008792059320044137	0.01033603428584706
X940071	-0.017509984987656036	-0.05667567756025964	-0.04013616023455737
X940072	-0.0006352618429433586	-0.008061564012868406	-0.020827776490296854
X940073	-0.025416626157376568	-0.017300879470199163	-0.009063053319596169
X940074	-0.008646628444038617	-0.00847871440385819	-0.02202279486150484
X940079	-0.057618527537518574	-0.04508951940139526	-0.013065011875079106
X940080	-0.01345700667127551	-0.008239456096800385	0.005284022854063549
X940082	0.035898495129408424	-0.02751993959491473	0.020385533448944136
X940084	0.032785907049710517	-0.01722766283781767	0.015484197206600395
X940086	0.003838837519550912	0.005608709817419119	-0.0005729584063441827
X940089	0.025626010826403055	-0.011620572337756175	-0.03134769483884338
X940091	0.002371170678752432	0.09620412319608246	-0.042781923278044656
X940092	0.04181323341958474	0.0004108404389308591	0.0443898228173914
X940093	-0.008007675232926722	0.005929944639680448	0.016460927682636302
X940094	-0.006500171914845004	0.1076982950812137	-0.012151808180584311
X940097	-0.004238189747531702	0.005917779339630849	-0.00829239395434702
X940102	0.009298382406218135	-0.015244251797993618	-0.006416192436880251
X940104	0.0046142802468104385	0.008019976045278291	-0.004075003528417403
X940108	-0.0030988495522557818	0.009744663368274191	0.019819990995892305
X940110	-0.014885681577792857	-0.01119012387689709	0.005233948828582911
X940112	-0.035740109328593304	0.037397223269349106	0.012285340308197085
X940115	0.011839909855388232	0.0275415464203196	0.04527853700701934
X940120	-0.02322255417423094	0.018503855038091935	0.04172715637964843
X940121	0.019696388486102043	-0.024756046889880305	-0.0524819185480048
X940126	0.0020819228352657246	-0.017091800152612496	-0.018380443717644076
X940127	-0.018713162256918985	0.04812742500844605	-0.04351877947275111
X940129	-0.022489282871877826	-0.0017464944882334464	-0.009874556096220228
X940130	-0.01624681459698224	0.029333666367640072	0.01952725396626455
X940133	-0.012276763895462823	0.007308990478674222	-0.009889957160616558
X940136	0.00413725690058207	-0.009776455683421222	-0.011821430139707786
X940143	0.0024123013955552972	0.011760043936891267	0.02024469407384117
X940145	-0.0047625477459004835	-0.0018263910893429518	0.006986372671323463
X940147	0.029233738275292992	0.03403120162342784	0.02065960819028521
X940148	0.0006454709923113702	-0.007070706365085614	0.01221059672058586
X940152	0.015198619149601255	0.021222274242313884	-0.03367833460841618
X940154	-0.024676442118177253	-0.018720787338327882	-0.025465923739389815
X940156	-0.005565123124708491	-0.039260832225710265	0.0056402632273126726
X940158	0.00048156107212948547	-0.0358465806774375	0.028009595915064002
X940163	-0.0011089107099847605	-0.024843292074282843	-0.01786666779265657
X940168	0.0010574974733959948	-0.00446785335477411	0.015944512823072722
X940174	-0.02165344388464751	0.011659658445139151	0.04100197898596728
X940176	0.01988787720407948	-0.0035705418783395387	-0.023559955488381405
X940178	0.004797167782369554	0.004144701334756567	0.00849682598949873
X940179	-0.015618318092931056	0.007507885866409999	0.007570453941867572
X940182	-0.02666990022625528	-0.01045528883514052	0.0020884600216047947
X940184	-0.037999504690172964	0.04496763185179674	0.01324736941383177
X940185	-0.02882119049776302	-0.022131929100845354	-0.007200712147464722
X940186	0.010327490855289684	-0.023007189612708125	0.027138805601910718
X940189	0.03984485752710716	-0.022045114947140454	-0.024401922021392308
X940193	-0.010496483721974884	0.08802750791533015	-0.016459487483964027
X940203	0.07291426654979781	-0.010422141194360388	0.030754083096876446
X940211	-0.006393069017419938	-0.0005847868745738906	0.043939313956631025
X940213	0.01789983271449363	-0.037929711885845235	0.024857021802795285
X940214	-0.013708909001689938	0.012648027446514993	-0.02887004564447111
X940217	-0.0019974186200917496	-0.00945209510805557	0.0022003014756640867
X940222	-0.018687792162306635	0.05856525252641582	-8.889435190000101e-05
X940223	-0.017793044448372087	0.022603983755308674	-0.05014881349486511
X940227	-0.03268647378598906	-0.003361457199241972	0.049096884973607875
X940230	0.018825774932902654	-0.029766174908769323	-0.010077207257540056
X940232	0.011121406849566565	0.0013677966224941915	0.026834726481623914
X940233	0.0019823796537377335	-0.03206804197232772	-0.017528971476662457
X940237	-0.006217213838689086	0.028595592764872283	0.020678665308659014
X940239	0.015493192711895563	0.039146643858004815	0.03610114616362683
X940244	-0.01859165143029132	-0.005492825086038986	0.04664678600375697
X940248	-0.020434089513037754	-0.0005506410518546693	0.023009308844297204
X940251	-0.02978952697548803	-0.015406982785658501	-0.0029109866828685273
X940256	-0.03436116199229998	-0.01887738730541263	0.01980603085709423
X940259	0.01854516403790845	-0.010765510803827498	0.0047918798375723185
X940261	0.0082872240328591	0.03340089374126673	0.03165140619653251
X940264	-0.0002627868723195756	-0.01719775396085072	-0.011245865200750188
X940270	0.015781536437080943	-0.014452586262837425	-0.02285454563781832
X940271	-0.02361723586817955	0.014593217025264633	0.04056859816276711
X940278	0.014495362791255207	0.003575347589886079	0.041923752479467474
X940281	-0.020526236439653858	-0.005455189064535446	-0.0007923281716074893
X940284	-0.0008323644596747599	-0.015671744219628154	0.010977491129713501
X940286	-0.02864297580766983	-0.003812698490995836	-0.044440413054271176
X940287	0.021490650229229934	0.00538633019555268	0.013349541053218715
X940288	-0.015408702766595835	0.017771446268392447	-0.010840755917917113
X940291	0.00042039991532301244	0.006548693637621748	0.00757765203603684
X940297	-0.0007057664538999412	-0.015885645219947172	0.027065427506024236
X940301	-0.012809823524421777	-0.005136084018110718	-0.06274815343919511
X940302	-0.026869206078869397	0.012771104267946795	-0.011949973959953017
X940303	0.01867890510446863	-0.03954357613033936	0.039479027164150186
X940305	-0.008965904504303316	0.004724064046412522	0.009693965779441694
X940306	-0.016163578215642804	0.004725456615329934	0.0172113839523766
X940309	0.001985728504350879	0.007233388875704	0.04739434397733761
X940312	-0.004263635835728706	0.014475446595478652	-0.03622109714990748
X940314	-0.004586966539365288	0.004413808820555721	0.043324866121971964
X940322	-0.017951001088287715	0.07637294092355118	-0.0075905703994519945
X940324	-0.02691278938684675	0.0213530115302942	0.046786082637567616
X940325	0.028513362293941472	0.006873214438945648	0.009122389132027595
X940329	-0.029882747121172663	-0.041025838675132216	-0.005407080656466603
X940332	-0.0010032658063503837	0.023752646204991755	-0.03893847300434482
X940335	-0.018259296851312962	-0.013475662408168183	-0.041432977073284284
X940338	0.010507580657843957	-0.015778579898934983	0.04111156052048676
X940339	0.025591774394953276	0.017347486452933106	-0.028830749867110414
X940347	0.001430630395418199	-0.00708366463837829	0.0009677084346977515
X940349	-0.017913960770572283	-0.016089160173733102	-0.02408794332174313
X940351	-0.0014660480730703618	-0.011769766154464336	-0.03461588598500686
X940353	0.021479321688977142	0.020959842952010775	0.0016467793002342657
X940354	-0.0015248264264688298	0.0061220833450861155	0.028601514370566343
X940355	-0.028321726475541802	0.024471596661535453	0.03469084931910208
X940364	0.008455605140509845	-0.008418794718627252	0.012920738064965182
X940368	0.03135035255163811	-0.001475359606029724	-0.022840778856492033
X940374	0.04858924925999036	-0.031052628053618324	-0.009810477893134847
X940375	-0.011853347122136709	-0.010683444664389686	0.01100211987566092
X940379	-0.013791836118046488	-0.0016579554888096763	0.0014160628593184474
X940383	0.004152311868276856	-0.022275166323619006	0.04745135719281832
X940391	-0.028494676522302254	-0.01861712926419636	0.02537444196477571
X940404	0.008652950070796108	0.00023713202088114654	-0.010446913523671338
X940411	-0.001398742292100355	0.030305269362502774	0.03659323680812631
X940413	0.039646348517870356	-0.09066093688116021	-0.02380207928931411
X940420	0.00719839514911922	0.001044517701901331	0.05202390398519303
X940443	0.0227382027213391	-0.029185725954921554	-0.001631904519740714
X940444	-0.018149681296244415	0.008465133734819904	-0.009661644700340106
X940445	-0.010446966232657024	-0.014143743734064703	-0.02267333654455765
X940450	-0.015854598652321566	-0.013188645516112481	-0.04469947730814673
X940451	-0.019802642795362382	0.027852628490751992	0.0019198083728091196
X940456	-0.009040786193670458	-0.0012509639149592673	-0.00423262998657739
X940465	-0.0029636628486542096	0.006280940414054239	-0.020984310020552874
X940466	-0.017575445558423417	-0.016528985288245805	-0.001231278620846064
X940474	-0.023112637901559985	0.05390147439749687	0.025639510757314788
X940481	0.009710735033147583	-0.017782807591048704	0.010986518239272061
X940483	-0.0044148460377293934	-0.001592352416713953	-0.008530823082035881
X940484	0.03925136278224464	0.009284414873252602	0.020035215780838677
X940487	-0.024136568435450447	-0.012735162746343589	-0.035029247424834764
X940488	-0.056183816520028663	-0.03917558202346915	0.0021883353947054316
X940497	0.02596614485705299	-0.04982211218059365	-0.07568374452862439
X940498	-0.021900223602982837	-0.022491146228224613	0.021493756042267335
X940501	0.04948566360899585	-0.03179167929690415	0.0020777345468905276
X940506	0.03947453511494445	-0.024242445762959832	0.005430307610020404
X940526	-0.016374400203820104	0.010821573726779289	0.03944218242590324
X940529	-0.025398044211397748	-0.010026584181509136	0.04916673257601312
X940532	-0.012483891329862423	0.0077254859499496795	-0.07033626878396514
X940534	0.010859179759747718	0.023278042105741758	0.011456453792486266
X940535	-0.017402816594164785	0.03187739371112319	0.005686545657671903
X940540	0.015248904774170043	-0.0062483441865954946	0.036826174849101403
X940547	-0.017752070947501798	-0.015417995338133254	-0.0002433127345397301
X940550	0.03898754859414051	-0.03669755594720373	-0.011966113033723065
X940551	-0.011277606120823465	-0.007768807838371033	0.03497818757172228
X940555	0.004303198326146127	-0.019468757540745577	-0.015668935151008267
X940558	-0.0036033013759422866	0.0011417588056000232	-0.03229907771428458
X940560	-0.056216332744704486	0.039793049374300137	-0.011788574055645776
X940562	-0.009783544967484655	0.010644195684677473	0.024308118717519242
X940570	0.02167773329037004	0.01083604996307398	-0.0011072083163687241
X940571	0.032855171910541714	-0.05464262296396283	0.027557553653403552
X940580	-0.014556855728276788	-0.0203850127403924	0.030271764714046547
X940584	0.028453898480751742	-0.02188664827666704	0.00398553012864633
X940589	0.12131184621202085	0.004347712051517981	-0.009458950483734446
X940598	0.0003312416020803707	-0.002540708187357277	0.015995627775119307
X940602	-0.032970329281135864	-0.008663276892632745	0.01809926279632763
X940606	0.011381516379594473	0.028220298410404524	0.017401417254289855
X940612	0.049803685417787256	-0.023348071625599494	-0.010963923735979807
X940623	0.003231827394163148	0.009886915844735842	0.023294311114391567
X940625	0.06898113451626459	0.018333764443769312	0.017433631410324484
X940641	-0.008076546786763962	-0.0025600702414514498	-0.011027593117368575
X940642	0.025184864030434143	0.00512618943299536	0.034912725174426326
X940648	-0.009918092732763797	0.0007859097674254728	0.014372683825959404
X940649	-0.01587557515660122	0.013388577625317597	-0.05043275782136969
X940652	-0.012065539284471296	-0.00444354664098414	0.015222685147178384
X940662	-0.006825655832598693	0.013815797603353004	0.060971081680763484
X940665	0.02264625638381709	-0.021390185412538464	-0.028791402620290802
X940674	-0.00964217129802226	-0.0042104734934155265	-0.011793263161521152
X940689	-0.034868001964496374	0.0053117077223722095	0.028902720873503488
X940690	-0.013084438023003556	-0.022532393416754976	-0.015222193051268105
X940692	0.0321317221989724	-0.029480868264683813	-0.034200355732739905
X940696	0.016597328910961107	0.012277697091497349	0.01488343107809974
X940700	0.018610630008103736	-0.03992822014673899	-0.05977049508123677
X940714	0.03410171376282421	0.00450305552711671	-0.0048541540059842455
X940721	-0.02111985258788452	0.05678258758520233	0.020838233666873075
X940727	0.026412251458198033	-0.03553534028744781	0.028465312053102702
X940748	-0.03525424125736773	0.03366969982599681	0.04210031093600368
X940756	0.008481657844849715	0.03274243358174325	0.014443975898992233
X940761	0.034658065241896664	0.010391422294332904	0.003908020852564175
X940763	-0.025830636990923035	-0.011583273584224296	-0.005597533789938281
X940766	0.014819443721174845	0.036666331019157	0.05411443943540061
X940769	-0.010269756405863875	0.01381299472302128	-0.012001873940189164
X940775	0.0245896430735439	0.009811488653551864	0.04020247357746722
X940778	-0.0201442346508855	-0.009844262540573093	-0.009142680252752774
X940786	-0.0015354933966005627	-0.014935469710702773	-0.01318158599571589
X940796	0.005347947675683005	0.01594897895276201	-0.01349882411057641
X940816	-0.01372683406282618	-0.018591550052135825	-0.04605282140221399
X940819	0.026182766147983105	-0.03347041309214765	-0.0017061234063180453
X940820	-0.0005039872768663404	0.00104915651583739	-0.017856764037043813
X940826	0.03301641100053978	0.054476432007515396	-0.027979706416031664
X940827	-0.07160872739413394	0.010196377941011782	0.024848804206033866
X940833	-0.01660836083990718	0.04916281260611942	-0.000961395035220825
X940843	-0.0002349488864121817	-0.008755695362229862	-0.0024912159298919895
X940844	-0.007220458022866323	0.006508186455265476	-0.0632186168364152
X940845	-0.02705410465941376	-0.008053025474825993	0.0044139589451770425
X940847	-0.009856541374711713	0.03442611463922073	0.046885840671809634
X940852	0.019616500432436155	-0.0057780678123205125	0.04262057399493884
X940863	-0.0068990180706168976	-0.011953548098366986	0.024351116566147867
X940871	0.024823431973803167	0.03843034457365378	0.011666847496511683
X940875	0.027809139441348035	-0.039644080070142265	-0.019019107565275733
X940882	0.022983669836585358	-0.02674419555869843	-0.025867774384718555
X940889	0.004141779866032437	-0.009194250393242299	-0.008879598543222629
X940892	-0.012749408098274266	-0.015659891718751363	0.008990402997339176
X940895	0.008495216816362875	0.010186368656255097	0.02470235207865573
X940907	-0.002134877666192256	0.030552968283609674	0.018348336466703714
X940912	-0.012637569729081106	0.013684995740158624	0.023538538117565507
X940917	0.02184176169195653	0.022297536121396604	0.03538286671148814
X940925	0.09235689025485701	-0.09594488644724254	0.018934060207951693
X940936	0.09055425579957603	0.01654780433297104	-0.008558690768374618
X940941	0.04470738033675988	-0.07090168747714068	0.03255894049582813
X940946	0.004710380470696328	-0.026230667535199037	-0.007130632216822318
X940961	-0.011123541243177127	0.003971503750229923	-0.052729264047923184
X940966	-0.011697091913560371	-0.0012960502418827874	0.0048243435989992
X940968	-0.034992029888006884	0.013602345739632222	-0.013497164219780713
X940984	0.0155288729803376	0.02200777809287911	-0.041854968353269247
X941001	0.03459517168588602	-0.034217631250848035	0.04768786237327338
X941014	-0.03747114448265623	0.015229817312688748	-0.039541751046337406
X941019	-0.0009279126219779965	0.012637744470852261	0.021570717297184856
X941024	-0.0006292411616495804	0.016345974731473097	0.0012688870562976658
X941028	-0.00027128854982617104	-0.01980247518014875	0.0036933270752839186
X941037	-0.02497528240181789	-0.01798567991387061	0.006419067202699152
X941043	-0.02561084707465873	-0.02577589522108199	0.0338135417396881
X941046	-0.025698762253372264	-0.009843991034254292	0.02024553972474066
X941049	0.01426766209336411	0.031591542314918036	-0.00898677004262843
X941051	0.024572996336259496	-0.022098335087000785	-0.003712605826817259
X941066	0.00883906538696422	0.014280511194022093	0.0012051371879351815
X941074	0.016974453122160282	0.016196649333276865	0.07252529844447773
X941079	-0.011242741470095723	0.010754206273878016	0.01168090406297203
X941080	-0.013796733175552628	0.05685483221404943	-0.0899078079073585
X941091	-0.031228791499073264	-0.05346133290434444	0.014824005321361291
X941095	-0.0035056985365238195	-0.0006675499605691916	0.001726252951934128
X941106	-0.024375891305441984	-0.0026498251378838373	0.048663201916440774
X941118	-0.009987520931508167	-0.020001272698095755	0.017394344515008372
X941124	0.046325691808242433	-0.024025323076480816	-0.009588779587166177
X941134	0.002580344326282985	-0.0057509127279795754	-0.022633643745119295
X941144	-0.02059101583165215	-0.009517297546349241	0.009198303709410367
X941153	-0.014160901040491334	0.04173097395122245	-0.02668130832510501
X941154	0.014768691764795805	0.0009049581639242973	0.058609603205307115
X941192	0.030395254635050547	0.07716939220317451	-0.015020023512611141
X941202	0.013574186275679783	0.008100516403226139	-0.003177297262271151
X941204	-0.01924664130134189	-0.012280497181525293	0.018741427042162983
X941208	0.0042631536208806034	-0.01397872315694613	0.02498181148287475
X941241	0.01493005737144947	0.036293956276886905	-0.0233552357669406
X941250	-0.0185296863077553	-0.019379946429769916	0.005155780603554115
X941253	0.021075245301360845	-0.012096356318434816	0.03520582845070837
X941257	0.040127486875717405	-0.0020753823626437733	0.004215651248869274
X941259	-0.021154174697325827	-0.01369058682708519	0.04022463574065659
X941265	0.03171412316454183	0.03155219382478229	0.001889088764520845
X941274	0.008548651675973329	0.030893617817004036	-0.0517495511571159
X941308	-0.019670529049968282	-0.005920655458951874	0.011570990253235493
X941315	0.007017637891147976	0.007971043550909686	0.0596153547806034
X941320	0.0030354011496114934	-0.0027287373430400635	0.0006186152294406566
X941321	-0.01665865871183302	-0.009990705136721555	0.05550968826424338
X941367	0.02389198470524375	-5.637686946825145e-06	0.044177638055685156
X941373	-0.01491958328058546	0.018768591826996757	0.027234823687132866
X941384	-0.020535266893657495	0.04648357662645991	-0.024228539479055594
X941385	-0.012387317689733437	0.013987281443100916	0.004346700948194033
X941392	-0.019807327400665882	0.05749760560463912	-0.043148991359223184
X941398	0.0031743756251160064	0.055735674046467246	0.0020213708908899076
X941404	0.0032818045910226476	0.017755093511808893	0.01677914942858993
X941408	-0.008617474733747552	-0.016808082558929894	0.043468066624802376
X941422	-0.013861220591744187	-0.01022175572643044	-0.016511684449944487
X941439	0.0019153704097189153	0.0013492707226353058	-0.0013476801072520917
X941445	-0.04712197664243738	0.0068708024918085735	-0.053002077664261335
X941454	-0.00946475941754644	-0.015228146992504096	-0.013153916145600927
X941460	0.05544625625751086	0.005260485165437494	-0.0015809336753571167
X941462	-0.03397326664958773	0.0035398289799390688	-0.010723579277466509
X941464	-0.006586120967331132	-0.011885559569121594	-0.04983525228843433
X941503	0.008453558162933947	-0.004216646847720803	-0.02204969360156503
X941519	-0.0066977043785172614	0.0026276012027054026	-0.017653457069145347
X941530	0.02904968812997702	-0.009209815360080132	-0.025957371225998473
X941547	-0.007658581551862299	-0.007244355517340065	0.058965965078235226
X941582	-0.05390454286780019	-0.04794543941384673	-0.011973358239011024
X941617	-0.012298320787289626	0.0007986691468248258	-0.03858373541869736
X941623	0.0495018462960383	0.021137914501015265	-0.07466869397822966
X941624	-0.004963506590862241	-0.012027078722719345	0.02194133204424407
X941639	0.0220789041940625	-0.01854656004232961	-0.01091399686765013
X941680	-0.012847801587844146	0.005621221194389094	-0.008110710000724922
X941684	0.027754351591741954	0.00855083288786225	-0.01778852815141135
X941709	0.004881318327253708	-0.04100638944177701	-0.07491555437138116
X941714	-0.0035931846873693265	-0.019180257216298527	-0.02455987828124682
X941715	0.0026042686199677168	-0.0009131854011194626	0.04920567875913396
X941738	-0.008179845058752553	0.014372093554761737	0.013369345995868856
X941759	0.021849914825679783	-0.03639405276284773	-0.011379590079757198
X941772	0.04092695447787379	-0.05014049415479385	0.01585197858547763
X941774	-0.013480270565343155	-0.024414688577126604	-0.05117991269965381
X941807	-0.010123717797458054	-0.013507035489680184	-0.03461443454827539
X941813	0.04926641186253745	-0.025394525898079872	0.011791664174118397
X941817	-0.016826619183479868	-0.020522991867988474	0.021167606960001556
X941887	-0.01998745922247674	-0.0015792411183243387	0.04668280118737664
X941902	-0.025972718502169256	0.03275972223366775	0.03212559367997559
X942011	-0.010358126628015898	0.014147179465063749	-0.018986380988277107
X942026	-0.015153754967308359	0.05587210534137573	-0.02297371580426179
X942039	-0.00016942484234219675	-0.02730204480139783	-0.01371488371819278
X942075	0.023409722367366735	-0.012093922747963441	-0.05198098248984439
X942094	-0.004952536799535077	0.004929637699712754	0.004293672542413459
X942128	-0.005218670999318476	0.004172725129635108	-0.024299305363021464
X942191	0.12570979795941103	0.024568694956556218	-0.04338602253267356
X942237	0.05419988937353138	-0.031156715446170134	0.002919317182398012
X942303	-0.03362046771392483	-0.007769798850892746	0.03332807556263049
X942319	0.08204003098775547	-0.024954251780482477	-0.0018962781466690904
X942359	-0.01504520727969235	-0.003846478747542193	-0.002843287958294443
X942398	-0.0013853104069902506	-0.013795692564946303	-0.01723484338060224
X942402	-0.04417355823444209	0.05835038030907316	-0.021268593017600135
X942429	-0.027027467366331943	0.03819168285889223	0.003209861063623067
X942467	-0.007602610732954776	0.01802154359155602	0.01940255140111697
X942487	0.04525602209220041	-0.01861896132472136	0.03192442838253551
X942489	0.045825069841242114	0.010270851632564791	0.008357233919143456
X942490	-0.026393949513701772	-0.018197887761658878	-0.034502064004716705
X942504	-0.02374415823765145	-0.015528829057810754	-0.02588898963167321
X950002	-0.006848130266598503	0.019924225011485885	-0.029340511329996127
X950003	-0.013487310968912808	0.017096768163479648	-0.015772015600995667
X950005	-0.011318557843925995	-0.007521418213352584	-0.0105152167674022
X950006	-0.005476268074596219	0.017494850254714894	-0.0011302494055575488
X950007	-0.011482980161656095	-0.0077283288231889	0.005090159401973608
X950008	-0.013599072050817427	0.017593615810299747	-0.002898077367098477
X950010	-0.013063173258348083	-0.009968776589615775	0.007943174032154726
X950012	0.0072051692083521775	0.011908591770849674	-0.006095121273877148
X950015	-0.004262688030920105	0.00970838547774032	-0.0023068661401679414
X950016	-0.013611325810953524	0.0010404371450736631	0.009190205916260678
X950017	-0.0032868538722345955	-0.007764297276250703	-0.0087231174602428
X950018	-0.004603070766034136	-0.006891125552401371	-0.019683356934791545
X950020	0.0012816952505932775	0.00400986947447572	0.024495359646306655
X950023	0.12353249928700831	-0.013068491844484525	0.00884514161897442
X950027	-0.0027177870613748437	0.0021746410297724308	-0.01565206793807063
X950028	0.14709823411722622	0.030902818545374213	-0.05461132052486301
X950032	-0.002860355593060372	0.02202628636449992	0.0022182854846020373
X950034	-0.013859704928752102	-0.002355917257133269	-0.027688228365536298
X950035	0.0006386758778210553	-0.012020979697177277	0.011226230685231636
X950036	-0.017434046699417897	0.0053446247634483255	-0.00336541085110952
X950037	-0.014154079848777352	0.0026635781952517607	0.013479189648298674
X950040	-0.0033327097047091397	0.009363874330816707	0.00015261169256968414
X950041	-0.007323710618337287	-0.0062983755694284715	-0.0005116314861479252
X950042	-0.00927909875279789	0.001708998496617915	-0.027944593709061962
X950044	-0.010008794623935209	0.015560217483438665	0.01274236579517224
X950045	-0.010621697082165031	0.00822550432851258	-0.008414860001120716
X950046	0.0013590040188417463	-0.00017367601933200631	-0.009671514231157209
X950048	-0.01752710647555156	0.011341090459207651	-0.005440146077390671
X950052	-0.024450660278973545	0.030361649780704155	-0.01247985642201955
X950053	-0.010438752135905631	0.018558543168694062	0.02092399073846367
X950054	-0.007579710501613042	-0.003682391114413378	0.005014952213800323
X950055	-0.006176535191926963	0.01293500593005307	-0.003077219630992218
X950056	0.12500740553251208	0.008657453292589757	-0.014820553295101851
X950058	-0.06970483605689645	-0.03271550557300152	-0.016749069895820833
X950061	-0.00996474750300611	0.012405063811343193	0.045287559465524395
X950065	-0.004853638006976733	0.009554896712858725	0.008842896906137505
X950069	-0.001228610468734235	-0.00031166192048058647	0.005318078110804459
X950070	-0.0005761421726041892	-0.008457251952863693	-0.010697900403856314
X950071	-0.003105241779466124	0.016274657326769658	0.009578950271069248
X950073	-0.018599439406948994	-0.030172607161827143	0.00017871526716804637
X950074	-0.0021158587744799255	0.003866571445455195	0.04420343738522934
X950077	0.0026346654476160046	0.00950247771780624	0.012724663619129039
X950078	-0.008239079320216239	0.013231919825484443	0.012539284891814145
X950079	-0.0052820636671981214	0.003853899657875035	0.021399385801592414
X950080	-0.008942280941164095	0.013176685911173571	-0.002350980442073962
X950083	0.016765352891412094	-0.019484110776179637	-0.01722278167655204
X950085	-0.008734669468161198	0.008422833392451179	0.035496180691512
X950086	-0.009731171981591041	0.010135509615055216	0.005202885949615837
X950088	-0.007592883580262065	0.007079869499985931	0.04282349837196292
X950089	-0.014898526807357584	-0.02335864191177881	-0.03801722020432133
X950091	0.00982854285285337	0.0068814915516506045	0.035700429982755015
X950094	-0.04900992360501722	-0.04370482800252361	-0.02593014748463997
X950095	-0.03968231154657023	0.01377271255493652	-0.017829789156562907
X950096	-0.0026884408274464025	0.008460222445310363	0.01510775383816926
X950099	0.0005837125177592287	0.08644081648194764	-0.008859875621216208
X950101	-0.017540773016087526	0.0043103844957678925	0.00969064733941163
X950102	0.017990823930686628	0.007485184243888423	0.023256795577805845
X950105	-0.01487972443335333	-0.0018668879440973507	0.013558378655232425
X950110	-0.012787062969066407	0.01413936585394041	0.024203913128560184
X950112	-0.003101949818287098	-0.005775503709707938	-0.01402470756260274
X950117	-0.00979492991428381	-0.007060585126557636	-0.007098852093378293
X950119	0.0004212813135428409	-0.02032807005559872	0.010279306992603451
X950121	0.005704466238890164	0.002682343550863618	-0.0008401381696535664
X950123	-0.025770393479765067	0.00932146828976864	-0.011088064193073838
X950125	0.004062036204165253	-0.016861718183717105	-0.04882427079422973
X950126	-0.0017485281226063383	-0.016688374308118255	-0.009319673848514455
X950127	-0.036039037440404285	0.002390578712041095	-0.02308328739309715
X950130	0.008271285860951617	-0.038357732737722396	-0.008375579041766995
X950132	-0.01429274161701261	-0.007055625323682313	0.0009473351194143134
X950135	-0.015685994875822742	0.014154989631785185	-0.007406277019567121
X950136	0.06006601253519083	-0.003884686444651887	0.0098926587365821
X950137	0.0026829461183929372	-0.027593355472526174	0.019739197761096283
X950138	-0.0022439586751173703	0.0007203046919093601	-0.04943601176843109
X950139	-0.014976571519732201	0.01764667311545572	0.011620177765747731
X950141	-0.01940825949178577	0.017443457049601097	0.002174842514407683
X950142	-0.02064774670376698	0.0018735177708934783	-0.04663858391262567
X950143	0.006032595364715192	-0.008837978812745157	0.018909242269284973
X950145	0.009952021678267453	0.0075298857340110135	-0.0033332523490097765
X950146	-0.001953333045967105	-0.010427800356737038	0.016037001955299737
X950147	-0.007212925846533876	-0.01591492562214945	0.031780506994655386
X950148	-0.03712071804772672	-0.0029735152438346226	-0.05908193500332823
X950149	-0.011537312893287653	0.011629986590191444	0.0064225441940586325
X950154	-0.006943242971441679	0.006945544902016531	-0.014637524019363995
X950155	0.004776387239707916	-0.01232922721445391	-0.03346191564264342
X950157	0.1621104394549539	0.010434036216194792	-0.018247276749605988
X950158	-0.004581140058969259	-0.0004667796759376964	-0.010374102404459873
X950162	-0.006962245661091076	-0.010413137575609613	-0.0012807133369817987
X950164	-0.009713455190706731	0.007802281847597721	0.002168509039691875
X950167	-0.008570462394152602	0.013395927720506628	0.040681590779324935
X950169	-0.002176901069057155	0.02337825792497065	0.007035990231899894
X950173	0.09153232032092715	0.0023309614689610006	0.0020940715626231515
X950176	-0.006521499286599639	0.0035513147985431377	0.033385563778437946
X950179	-0.01599256021854057	0.042232522532572016	0.0061480839579399985
X950182	-0.0015129435423490978	0.0037964821977816087	-0.0049140760266367595
X950183	-0.010609662399019287	-0.026683647097366776	0.055875391428329556
X950186	-0.01628982644429527	-0.011833981034725827	-0.007769122280559506
X950187	-0.006443225917217647	-0.001528809258726141	-0.0016677304488890079
X950189	-0.026964287149727057	-0.005242661300278618	-0.027280229420533604
X950190	0.060824834480652505	-0.013153016680216196	-0.05968692879753801
X950191	-0.0018181852187796783	0.006571793930441755	-0.02646006154943429
X950192	0.06675270851249987	0.010512199309055498	-0.042364015532186654
X950193	0.09600455802719053	-0.043407378154162006	-0.06994204197168888
X950196	0.020874354574740066	-0.006103086513491542	-0.006361124169195493
X950198	-0.004813618546117236	-0.003944085231586029	0.004265832231624451
X950200	-0.01459594946070369	0.016266589601951747	-0.012955277181251624
X950201	0.008365086811178639	0.0016602587046597366	-0.06468721582256977
X950202	-0.0040350482983329316	0.015280332112831927	-0.014123078465501007
X950209	-0.009132332905266494	0.010730165848010592	-0.03920174357297668
X950212	0.031511359392672494	-0.0374981666745466	-0.050910819081514416
X950214	0.003065262232764821	-0.0011454704291669845	0.009221777770656109
X950217	-0.013992626848539528	-0.013032763616568445	-0.006340275522122827
X950218	-0.010010070625494973	0.0024114972610904018	-0.024655921971598747
X950219	-0.007083872651000886	0.024182865678861732	0.01134690100999925
X950220	-0.007902763424635934	0.018118622627066653	0.0066045145715738435
X950223	0.007937106603531838	-0.0005298438150194532	0.015635535961487472
X950225	0.15968844264310358	0.045181741690420905	-0.01628979943183726
X950226	-0.006643658585001614	-0.010166873952805505	0.0054134167674378415
X950228	0.14162428666796678	0.03356819875452691	-0.019942302935401172
X950231	-0.008994681556029838	0.004370363883534617	0.0031993722193355205
X950233	0.067989936394566	-0.017399402708842156	0.0004450978799690852
X950241	0.0067460003786773875	-0.006163453365947798	0.016046339070027737
X950242	0.015435872504275305	0.004562006358731637	0.04645792565445664
X950245	-0.027062810782087734	0.0244430177880268	-0.03840336375589863
X950247	-0.00783280987131572	0.017424835322890648	-0.0010285487550871265
X950248	-0.00874739381879505	-0.00030849672153488995	-0.006754169176870499
X950249	-0.011775793732474598	-0.0018267064753138096	-0.015682831285253607
X950250	-0.014739749318993547	0.05960391838177109	-0.016285217836886943
X950251	-0.0007595023399988215	0.008824661588088837	0.036388409223975925
X950252	0.009263038112659454	0.0035231107443546177	-0.02508453540100752
X950254	0.06427180939154964	-0.03482232900158078	0.02350100996139673
X950256	-0.018416335848262792	-0.0045315407119961544	0.0639226554296099
X950259	-0.0025538940256563903	-0.002143160521304148	-0.042570211570765196
X950260	-0.01019490658975569	-0.0023769061315507306	0.01590332560737299
X950262	-0.030222052465306085	0.009760347949685272	-0.031957975933915944
X950264	0.002080222457386211	0.0012345390433807228	-0.004072782436447957
X950267	-0.006497600135077589	-0.001283528318103725	-0.034702259755703
X950268	-0.014979359492511895	-0.0010150988583940948	-0.03895573232932295
X950270	-0.005074919223202245	-0.0053504463031582026	0.008271196246926779
X950271	0.0003596748820850025	-0.0064694967377980405	0.017865201581765425
X950274	-0.010463527295320303	0.014013096770906657	0.011623214262232126
X950275	0.03433771210748772	0.02686197749752001	-0.00601191992478234
X950279	0.02174170703010096	0.011817362359458834	0.00034234221721850825
X950280	0.0049328098117691265	-0.004317741928477649	-0.008125332488420615
X950281	0.01119565030020996	0.0016052667231436241	0.05484075410414712
X950283	-0.009206031641549178	-0.010514069923255676	-0.0252555420462466
X950285	-0.01087923105753746	0.005744324517338566	-0.038994001302636125
X950287	0.0072307208676058565	-0.004355681585280103	-0.07357028340684105
X950288	-0.011591193636080592	0.014988597544689881	0.025589428112209607
X950296	-0.013717821128568553	0.012040425893395741	0.014594796654803583
X950297	-0.018122956237196907	0.021951401258872922	-0.04802403211883806
X950300	-0.01861216946366706	0.011007072244115687	-0.017040944234209408
X950302	-0.023120633789259284	0.03334101896327393	-0.026151356064364757
X950304	-0.010727856091155641	-0.01352577106569971	0.002467494042731849
X950305	-0.010247696033675665	-0.01306005168356364	-0.012004276308188105
X950306	-0.010999446069257741	0.0007365242409165192	0.02879130572274455
X950313	-0.020205069641578123	0.003845259886614733	-0.051569671930970055
X950314	0.02453216306760334	-0.017280693218167893	-0.03375409950810415
X950316	0.018455357404806298	0.004156079214035437	0.01042775551972099
X950319	-0.009999589223542285	-0.01008944797008362	-0.01995717149073424
X950321	0.016201770643060096	0.0004281644117566655	0.07018237207010616
X950322	-0.021099238240383303	0.0013352018490274218	-0.014925762322354942
X950329	-0.01304274183634161	0.020807717025713345	-0.03266555717268794
X950330	0.002578936815475847	-0.0014954402083293215	-0.028827948852625695
X950331	-0.012431371913521644	0.012066682968995887	-0.0005152950583663359
X950333	0.016931263999248467	-0.015174533441104329	-0.0038663982662765534
X950340	-0.021195908974405816	-0.0003364819256806013	-0.025804790389700027
X950343	-0.002769280064551598	0.005847268677094855	0.000518890962572852
X950345	0.021491561410222414	0.01301633190909494	-0.013703472617584376
X950348	-0.002112982089825069	-0.01659676482450798	-0.008337983326024905
X950353	-0.008741979008333392	0.002762752067531998	0.047008984395886834
X950355	-0.0022818408615165706	0.0072525875338022286	-0.015664092034959852
X950356	0.03867197502566656	-0.02529630069359248	0.03835272660346104
X950358	0.02599647628707335	0.0004288490382630814	0.049910048252619514
X950359	-0.006415413756477612	0.003423631827776177	0.03126133240707846
X950360	0.0036997462894658153	-0.004118606618699482	0.05587541827367697
X950361	-0.0062242615995195885	0.001041111945310027	0.01992933436244081
X950375	0.003626298322563736	0.0030412738510202657	0.07178702286067426
X950383	-0.02158557855687642	0.007271013319096236	0.03192884852947889
X950389	0.017661517201791276	0.007537595250025698	0.04142072302441659
X950390	0.009347492466876665	-0.008505649679467495	0.009425952289340313
X950391	-0.009252947151745752	0.0076201436337687755	0.0329267409310863
X950392	-0.006870256395902727	-0.000759765633612252	0.0008437833393242617
X950396	0.1938689139940063	0.04341529395861351	-0.0437708157059069
X950400	-0.0037252043932270865	-0.006774170884872382	-0.01224867693821963
X950402	-0.0071635819380040265	0.015952978925416625	0.01837732440418233
X950406	-0.08168793781349344	-0.17441547810507987	-0.06701981598288696
X950409	-0.014139471166420094	-0.009977721171846372	0.015376731631911745
X950410	0.0038077028919367875	-0.0045873056398766906	-0.018864722179998357
X950415	0.04200984753203224	0.11502719809342866	0.04879454473203616
X950417	-0.013128428715885054	-0.0011625875614528912	-0.048415863788480076
X950422	0.011446016671162546	-0.024720115158404027	0.0379527560021428
X950425	-0.007265622303463467	-0.018193880525876758	0.03325352216265751
X950428	-0.04417155272035993	-0.005089999743023992	0.0018290133475576567
X950430	0.007212536390648059	-0.010897458308130046	-0.023920680059589132
X950432	-0.009698614572914387	0.013699777666495194	-0.005881598382142796
X950434	0.004144567226202254	-0.00042678052362980995	0.00462961673245709
X950439	-0.009084782588640778	0.013010691285379345	0.01056174606837056
X950449	0.0074748117790390525	-0.0036062118012570154	0.003538266531704017
X950466	0.003262028762596602	-0.003984971283055473	-0.01257593918253722
X950474	0.0003000891772149245	0.005376797982161912	-0.008340772107537893
X950477	0.031898432801405856	-0.03219925233013008	0.02186517872619726
X950478	-0.004521528947804845	-0.002961593908555146	-0.01240735563969979
X950483	-0.0007675926486419816	0.01189324696851187	-0.04469258673083634
X950484	0.008347232209984084	-0.008008611426167704	-0.01215772173959267
X950485	0.08875386770186293	0.01596502683054698	-0.02700921927544953
X950490	0.005717687700009518	-0.0021791447428879396	0.020960320896328755
X950491	-0.004335466411251335	-0.004896179391453477	0.0106051810730636
X950503	-0.006132676256389052	-0.008023260293195392	0.03890019295664178
X950504	-0.010540228398272735	-0.005259562408968749	0.006306498606206922
X950509	-0.007133139689333354	0.001393489250308267	-0.037940290130365935
X950512	0.00720958469512557	-0.00047604722733550866	0.024464482912667077
X950513	-0.008438545134697821	-0.005936752466717883	0.005928525505273987
X950516	-0.007647278209196684	0.012900819737180888	0.005170243747413377
X950517	0.0009292855913196272	-0.003181921524046061	0.023581114265887427
X950521	0.02126748928609958	0.007341239766673657	0.030217848030193933
X950525	-0.0101231282388385	0.005103676358741763	-0.03893156991608287
X950528	-0.003089877808597752	-0.0005339346829230898	0.01915842576618343
X950535	0.006850045152277332	0.0059682759467369045	0.016182065675425076
X950536	-0.013921960018277632	-0.006652415080152598	-0.04788941186225048
X950545	0.0027944437513448867	-0.0008699759609689821	-0.011836948125075554
X950548	-0.004286971486501889	2.2010413059990435e-05	0.04315481927520928
X950550	-0.009057963400215465	-0.006616223683163248	-0.012141152659810838
X950554	-0.0015409803730572211	-0.01759529353379754	-0.021910442202439394
X950557	-0.001494209055998088	-9.473240657349366e-05	0.013288334749781564
X950559	0.0010348527561736493	0.005270683016405689	0.007847156718128292
X950563	-0.003323890206524571	0.004366827610136164	-0.019408269597031555
X950564	0.013724491493994207	-0.007964998154598365	0.015906570885840587
X950570	0.006675191833790371	-0.0030399948740043323	-0.029515201032406107
X950571	-0.00030135878231140055	0.09192868621590607	-0.014860234351561783
X950572	-0.010572594849307351	0.002473762601185477	0.003737689179436603
X950577	-0.006957849412055538	0.0016908566028718333	0.006938913383798623
X950579	0.037690874658871144	-0.005292377765164674	0.0029892679621733235
X950584	0.08372189508032912	-0.07878065108277205	0.04222856937922018
X950592	-0.0029197237447232145	-2.4364382667181236e-05	-0.014376816167629826
X950593	-0.007403619293679025	0.00038562519454506247	-0.04548073044594907
X950594	-0.005231176916230754	-0.023071074581469446	-0.001341673487914061
X950598	-0.0007882081277406127	-0.004408628332784361	-0.012687647630690056
X950602	-0.007576524370221084	-0.005060521813216656	-0.004395603880668124
X950606	-0.008325558641785904	0.005374054071618732	-0.014457623572486892
X950607	0.02264153186433006	0.012555968038397326	0.01387016350167407
X950611	-0.01589861409474897	0.0029836790031798808	0.021516698387561383
X950613	-0.017885408939717306	-0.0066971827176264005	0.011456172004981837
X950618	-0.009587232977878312	0.014837687077739591	0.007559597392066898
X950632	-0.00852707383406652	-0.0003404121087590542	-0.020874035909486655
X950633	-0.02094227939463569	-0.03731825846560136	0.058342607324790574
X950637	-0.007703120862213017	-0.00129546377966093	0.0010051139534461944
X950638	-0.0183196846668836	-0.011510971076992308	0.0003490890832014887
X950641	-0.014625884026731623	-0.011918063788458708	-0.006830190266243103
X950642	-0.009268479536961107	0.010010278948759948	-0.0017111301798744642
X950645	0.010848575145342952	0.0023354067256561185	0.012682303432060454
X950649	-0.003621791885884308	0.01841957636690342	-0.008371984908528144
X950653	-0.019863090481755243	-0.009986182647371502	0.050625278454290115
X950655	0.0018780985496131158	0.004222213093636089	-0.026619687576676
X950657	0.0385546182998512	-0.03157743897338227	0.017314291800865765
X950661	0.12697038865321264	0.022316064293297473	-0.014161374081079531
X950662	0.017821926353876232	-0.02172678916698405	-0.01984207586883878
X950665	0.008153811598827906	0.005357992138803191	-0.03278549829084992
X950668	-0.0031478960376918035	-0.005591448605058246	0.012215788633706523
X950675	-0.0003764982387062187	0.00029957364161855025	0.006551254612869026
X950677	0.0010986104660475405	0.012986338416030517	-0.01715635936417248
X950680	-0.007675925890347752	0.017421325857741424	0.0438760331706377
X950687	0.026185669340732156	0.01510883495694591	-0.01902878626159821
X950693	0.010248604930692849	-0.004394395354050137	-0.017749754133676326
X950695	-0.0010735600770510713	0.009782174314343141	0.008127646186868388
X950696	-0.010540796741301739	0.005954385154465408	0.012054575452792917
X950705	0.009396871918729682	-0.005040757014844934	0.006144365945152514
X950714	-0.02327807701940937	0.02186692823263217	-0.013352735086121626
X950726	-0.00807785129111112	-0.002395914014141654	-0.024919098552973064
X950728	0.02789739506583422	-0.012238300301768609	0.0127009618051488
X950732	-0.004168408158424776	-0.00899093460016197	0.010334026657137294
X950736	0.009411976472193497	0.016228009347531727	-0.023698034923723705
X950746	0.003802935072900195	0.0009869593091082181	0.036661645601268805
X950747	0.0027780842757902414	-0.0051443246064042224	-0.006086347081054924
X950752	-0.001711590172361457	0.01469230852171697	0.028261521386860163
X950757	-0.025077972984485684	0.013876104713753327	-0.009542794787879361
X950758	0.003492715687828755	-0.00038754248304507117	-0.02435791319995602
X950759	-0.004978184336214755	-0.016160526889637317	0.006383707505298906
X950766	0.001946160576673727	-0.0016866898656315743	-0.01592157293958002
X950769	-0.013584737913593575	0.0009071802591630155	-0.05517936051602347
X950782	-0.008607462562163742	0.005154653143053559	0.005448831743114676
X950784	0.001280881658493828	-0.0014414526196482081	-0.024741929047882607
X950789	-0.010747492287311367	0.00032785487804427746	-0.01311845782987491
X950796	0.002550111905102078	-0.013036968843796584	0.00047687480939355106
X950798	-0.017731820949185403	-0.007838195871375806	-0.023938213051262945
X950799	0.013023804093878004	0.007816957330074531	0.011348164740906594
X950803	-0.008438446250568086	-0.003322213733791833	0.041644483255906875
X950804	-0.016970988812576752	-0.005522951289132386	0.04268349863758622
X950809	-0.004476791126198885	-0.0071163660470353	0.009890221175634222
X950810	-0.011037947052311951	-0.020100298454326933	0.008441438951032307
X950813	0.008990057769055794	-0.02079789965811941	0.01449189756876556
X950816	0.004640485266684976	0.03391281850258913	-0.037678920172195554
X950827	0.02533448018893935	0.006655105327732618	0.017755954905822005
X950838	0.0006933721442882509	-0.010135924953354958	0.06733902006015519
X950841	-0.0017473600203245661	-0.007693929555038663	-0.00231869583607281
X950845	-0.011356714098386253	-0.05737040476191481	-0.02879378543687208
X950846	-0.008679092773460314	0.003427524271549745	0.017773877294201452
X950851	0.03738133054358658	0.005521066461700346	-0.019431873171817576
X950859	0.016047361060391892	0.003504735091230407	-0.023969885238393676
X950860	0.04714485841056029	0.006317703836270025	0.011378905795239322
X950869	0.011860487176067856	0.004339237228805772	-0.03918315413698279
X950873	0.007758661438923391	-0.01563126041292512	0.00975622520876412
X950900	0.0381849562218249	-0.033966964496560406	-0.0044270957707460545
X950904	-0.011577812474579275	-0.01596960688232354	-0.025584707379194403
X950906	-0.010059843224872057	0.012801343846694577	-0.00028953671324639425
X950911	-0.012460011062116933	-0.0017992728886706774	0.00490758840685985
X950914	-0.010477069042436258	0.020551380150981183	0.03800097732577689
X950921	-0.0033149943641051375	-0.04193278557960567	-0.006872708802716723
X950925	-0.014826603508621238	0.003622683453419834	0.019254621692301604
X950926	0.028118430542977888	0.022603206790595916	-0.03362253266240136
X950929	-0.007612299057916007	0.007526470961065032	0.04239318015766424
X950963	-0.019405610936158443	-0.011207344603307313	-0.028814405421269
X950966	0.0051149606454618255	-0.019096735315730914	0.01709005025237187
X950968	-0.0094218717645835	-0.010537835471610805	0.0031769715085452465
X950987	0.00799616277964635	0.000208250207371848	0.014234934194411622
X950995	-0.03407396596875124	0.009211383794885711	-0.011363861875365396
X950996	-0.012017044766587439	0.005497803084867916	-0.034112558815782124
X950999	0.07992305718460693	0.006131385908832442	0.04144345668196863
X951002	-0.0007666361858272328	0.016628021099689545	-0.06344494396342883
X951018	0.007160707318588634	-0.009112247536517869	-0.0004354608344382378
X951019	-0.021189532667354172	-0.03654975147162233	0.03192128136146179
X951027	0.003313208480493535	-0.019450106904360408	-0.0008456063097089567
X951030	-0.006256917596870362	0.026240301926712832	0.0004302508253129877
X951041	-0.010037907094623363	-0.015415826752780306	-0.021275555687955642
X951051	-0.008912480547716936	0.016286815302450436	-0.003960771591028116
X951054	-0.003789728781720359	0.008262955112812375	0.024682029948433905
X951055	-0.0031556609078131842	0.0022617652815179294	0.03155212604646887
X951067	-0.004189908605573614	0.0014018773773765377	-0.01226300001555186
X951071	-0.012731828935312424	-0.010187709852606891	-0.008781335495727237
X951083	-0.008316576054512142	0.0076950397856161345	0.0014412763057630425
X951085	-0.02763620300868629	0.02473892543447336	-0.03280323841310676
X951115	-0.00027779714884431267	0.0020489468368022376	0.014942828351983836
X951141	0.012929998607918575	-0.007537009255500635	-0.0007262859289283372
X951144	0.005508553218801507	0.03051491609302065	-0.005008978688072569
X951150	-0.003707156160654372	-0.009328448720450152	-0.019247976007980894
X951151	-0.008501178450360003	0.013866396043671491	0.03800794395982409
X951154	-0.0009431099355323962	-0.02539010649154686	0.013073756693755524
X951156	-0.005630766286513368	-0.0063717222134633995	-0.0031390174437628793
X951162	0.01068755212488846	-0.01165358896295778	0.05006565502280085
X951171	0.01009542818064179	-0.016371216755125383	-0.01701728608374904
X951174	-0.00933431364127236	0.007197161680360632	-0.014922560416147998
X951242	0.0024888294387358473	-0.004634221347857245	0.021943660929822625
X951273	0.0061683301838009255	-0.015410495046356679	-0.028618351011935828
X951284	-0.002984779868075537	-0.0006357136761463545	0.041691845336789116
X951317	-0.00027126861424530075	-0.017379852620752593	0.05535859228315911
X951318	0.015120362561562878	-0.008199119952691663	0.0028971299649469635
X951322	-0.00946125929885673	0.036332576766153965	0.0003839599349533402
X951337	0.011849767582407399	0.0030219129673037096	0.010197341805777188
X951365	-0.03398382487805933	0.021483577220934483	0.05160911504658166
X951409	0.036727596124200505	0.04750842636697595	0.03499384730710494
X951429	-0.01053627744244209	0.009159271562053532	-0.0149336442413127
X951457	0.03427348817562576	0.0003330525537838997	0.010956032422351887
X960001	-0.03417498894630696	0.04087544947538294	0.03412094763349007
X960003	0.00226304153558805	-0.02599662917383897	-0.051341983833510844
X960004	0.004194643672335271	0.025942980791753615	-0.036220000603634596
X960005	-0.0003457340848368264	-0.01116324966900146	0.008692936319787677
X960009	-0.012846876893775967	-0.04371805628515833	0.002157859608298439
X960012	0.0048154844278554265	0.006217800274965179	-0.016711213416214808
X960016	0.01234252344350417	0.013850495682579489	-0.011145663985209678
X960018	0.004557489461576911	-0.016120092573698324	0.021874053589974907
X960019	-0.04920019223306384	0.08931328505856223	-0.007584553684622802
X960020	0.008688346698329	-0.0276343011706283	-0.01515261170356662
X960021	-0.025930229152411218	-0.007644856995405933	-0.005577082954383885
X960022	-0.006486222430348543	-0.005282463087603342	-0.006893854168933757
X960023	-0.015521848405678067	0.034665630153144944	-0.11221840072542191
X960025	-0.001886783955315431	0.02433628940241081	-0.008438752112142513
X960026	-0.004917515277314572	0.026462510199978508	0.038013364656869664
X960027	0.0057918766745234315	0.007856610552698018	0.01633355226694165
X960028	-0.01726861806909247	0.05221420429541241	-0.02480902424641569
X960029	0.0018260388357384226	0.03729039435306778	0.03745453373043527
X960030	-0.017658288540411866	-0.02500288053129221	-0.009825605629140822
X960033	-0.020256524645696494	0.024636977844540223	0.006542257128031261
X960035	0.10325679514240517	-0.017847491744226587	-0.009438950401498409
X960037	0.014726727960087595	-0.0046447206940667144	0.006086985328542947
X960039	-0.007975247245057196	-0.014938237709702585	-0.056332116291168285
X960040	0.031806992316787096	-0.011589345437938254	0.045970174504333584
X960044	-0.00027607846879994165	0.010028425655055651	-0.01432540602258248
X960046	0.01603336561371952	0.05450171714397683	0.014002817927720106
X960048	0.020345695881889746	0.028045105569957596	0.005864419455616956
X960049	0.003751674127020806	0.004253480621451127	-0.006092582427250692
X960050	-0.016928024225866218	0.0058801427383227125	0.004819179621947725
X960051	-0.0199231668484917	-0.00733234404073054	0.033475587115627946
X960055	-0.008938169647243189	0.014963723529560267	0.030406913919105077
X960058	-0.0023922350234069135	0.008916042277070239	0.03643295154434772
X960059	-0.012989661352629439	0.027031998869826428	0.016895301060126575
X960061	-0.013768504713898152	-0.00650722385683695	0.0097275543354204
X960064	-0.006946242899472352	0.0019541441042903013	-0.016526953427727004
X960069	-0.01207357533782658	-0.004876788870544811	0.006717135715436699
X960070	0.0030857903694191365	-0.0001563732052292458	-0.01789087104491347
X960071	-0.00961643294252345	0.000931233233955103	-0.007098286230997158
X960072	-0.014686628942273289	-0.0033625569689542906	-0.0012192559305879182
X960073	-0.00011861095865352367	-0.0018087800360542267	-0.025177302225506494
X960074	-0.01209418497689058	0.02593378658198462	0.0336489022164661
X960083	-0.0041507620037432615	0.002879509843883137	-0.0036045911253144818
X960086	0.011400612068778902	0.057372797936571275	0.013459494739575419
X960090	-0.010296117431748995	-0.005803102555876982	-0.00047605361674983354
X960091	0.015192054842651424	-0.01736248643426591	-0.01663299231459851
X960092	-0.022093367209644606	0.015919712859541833	-0.01311774769699873
X960093	0.009861452271051454	-0.0246171683711402	0.01670924456005324
X960096	0.003804707966340301	0.01939044955694581	-0.03747663394028077
X960097	-0.01140962206019771	0.00292705511483176	-0.033115140478341104
X960098	-0.002132850994588907	0.005572427639981445	0.03060186429830557
X960099	-0.0015567232866606955	-0.015791013655191637	-0.03533425555401474
X960102	-0.009290117129387591	-0.01872189952738889	0.0333189559175806
X960104	-0.018173813480174224	-0.006505388524042793	0.009464898559705386
X960106	-0.0020129245248935155	0.010656535173205368	0.04658708652887215
X960108	-0.005271479761627527	-0.008706310427999233	0.06896235710020662
X960112	0.007941326223310598	0.01574141495855434	-0.01050769773438367
X960113	-0.009577379234190936	0.009402520497280369	-0.07139152198091116
X960114	0.003594754000472382	0.019680323063189665	-0.024139498907433797
X960115	-0.006287616275236492	0.010879690954869974	-0.009421275932846992
X960118	-0.025481301509617985	0.010816919811088775	0.0013651048421802281
X960120	-0.006195080600654093	-0.0003119800912381152	0.049035805133838796
X960122	-0.03298818600365943	-0.004777566918266642	-0.009684662608194384
X960125	-0.0052238279204475995	0.019119461375319356	-0.013198267483335862
X960126	0.022569530149441738	-0.023861862057410668	0.021040371147445218
X960129	0.025137479266287253	-0.006838662862734388	-0.014490563293401967
X960130	0.007746043664534214	-0.02765403775549359	0.009433865372725975
X960131	-0.0038867477364288535	0.006098731663403366	0.001454889973914052
X960136	-0.022864636943220547	0.016719933840291887	0.06768137212629453
X960137	-0.0008417575753029129	-0.016808923418254716	-0.023193512674109594
X960140	-0.016168694481299924	0.0065697781272818995	-0.00028600053205733283
X960146	-0.08679732321418984	-0.055687623516228364	-0.01697530542896821
X960148	0.010274402299886343	0.007304311594815063	0.03321458367371166
X960149	-0.008026958157739284	-0.0053350951373000175	-0.008234006267611102
X960152	0.026161997115296213	-0.020315125498188695	-0.012604146586393231
X960153	0.004736125103685842	-0.0344840398594346	0.000311047549463389
X960154	0.044887049070759355	-0.013616491295575184	-0.02334265926937904
X960158	-0.06258311452020003	-0.008536321410571354	-0.011720659488706923
X960160	0.024054549230499624	-0.011726652851421281	0.013153057073065287
X960162	0.001950825672090357	-0.014169026994115114	0.022668208264965288
X960164	0.0007360988148072902	0.004147343415594432	0.01652582118779852
X960165	-0.002894526678611917	0.01723525847884372	-0.018003786834370088
X960169	-0.002017351565612994	-0.005161922828292651	-0.03493819940590688
X960171	0.0025414619969705995	-0.024639325552159044	-0.060412654650240205
X960174	0.024307147172250777	-0.038667066573204685	0.007078032056990752
X960175	0.0006708942098388908	-0.005713404816178622	0.00809989234947617
X960176	0.017431680676074025	0.014744403771463174	-0.03602954982327833
X960177	-0.01895487818766714	0.02266954722808985	-0.017076405487511163
X960178	0.013595198991208845	-0.01596048965779487	0.007035209427910405
X960179	0.006262350795950425	-0.001208203698164186	0.015084471624919927
X960180	0.0018274941789890701	-0.05074908029812145	0.008129516733805114
X960181	-0.0052145663077365866	-0.02021532457170477	0.036272018196407005
X960183	0.009969936351098984	-0.002512196352006247	0.01866524595167101
X960184	-0.016481884759233918	-0.01727257600112727	0.01850874269572345
X960187	-0.005459975851773276	-0.014459119644845501	0.0021809699793191506
X960189	-0.02113584838219461	-0.1174129160059776	0.0013624254079653362
X960193	0.005833098447346926	0.11806489568376063	-0.021926643906023034
X960194	-0.004830544269392996	0.06938269063466876	-0.0003076776543299299
X960197	0.007612713045820219	0.0024694572985337515	0.009698934192108396
X960199	-0.0002389681037273146	-0.004192685649280904	0.02058121573850332
X960203	-0.004305961152848693	0.016920120951633536	-0.009235099740337493
X960206	-0.04305562752965387	0.04408893359381539	0.01929800973133455
X960208	-0.0743643014108437	-0.10972394045997783	-0.0328421929768269
X960212	0.009780470047475632	-0.011123992892943548	-0.020669413177076
X960214	-0.017605626918487532	-0.04164457270765491	-0.011766635072648338
X960216	-0.0024191377639492763	0.0033706844041461632	0.00016791274750701588
X960219	-0.005155623935902256	0.028879150886013706	-0.03603437610448427
X960220	-0.015389276213036443	0.04270389698121322	-0.0518936388323865
X960221	0.005616062581573036	0.04067856883247638	0.06719104147359448
X960222	-0.022866507051381917	0.07220689239665248	0.040137298386928824
X960224	-0.007571259559475672	-0.006368668523865931	0.004851131176591529
X960226	0.0023045700798871895	-0.10689041560450775	0.006484280053688417
X960229	-0.011558422035106977	-0.007006028523427823	0.0313041389247013
X960231	-0.004094516566602663	0.011505415462241667	0.034682878327139496
X960235	0.025638519128597367	-0.023728900736058198	0.04463837034677144
X960238	0.020466468111985804	0.030556312434379236	0.02763427916387147
X960239	-0.033968636624603775	0.04160042630482432	0.019557918774794927
X960241	-0.014573219964094445	-0.011345771130079488	0.007517693711494529
X960242	0.17270513525899867	-0.029445046663056623	-0.0647701422688925
X960244	-0.011400129161718894	0.020969156713451138	0.0447686060210998
X960245	0.028250315440891134	-0.0360911165589339	-0.025217875431139642
X960249	-0.019946852153726918	-0.017735259879670416	-0.03861138228659243
X960250	0.008159043445196204	-0.019244771731248098	0.0157956280488126
X960252	0.012252773958357634	0.010964467516106184	0.0022934493933593355
X960254	-0.0025075581700759204	0.019534577940639435	-0.018230497498050627
X960255	-0.004268866847188226	-0.009479074848756826	0.053948436266418744
X960263	-0.004042278677629487	-0.0009004674587405476	-0.006702903008764968
X960264	-0.02275575804053933	0.01612936077356622	-0.027944050108130045
X960266	0.009559514659432226	0.009146955475072686	-0.01898230844588079
X960267	0.002068122801265222	0.00586336193430906	-0.005405015773456003
X960268	0.03698323873261389	-0.03947488473887734	0.022811700051955437
X960274	-0.013110911261082787	-0.0053981749356468494	-0.0006871108915422589
X960276	-0.017745530963375254	-0.00792130378634	0.0035429507933551307
X960277	-0.01136099920578424	0.002462469153843419	-0.0873728193814353
X960279	-0.003555493503505084	-0.0226694679088697	0.012048517461891034
X960288	-0.00013254572234892219	0.0072908305699340755	0.008792687334888244
X960290	0.005940801123095677	-0.020236287609700605	0.008932846941100853
X960297	1.4437947520928955e-05	-0.00793804103647371	-0.020288915120205087
X960302	-0.01358126922923553	-0.007923253443222745	-0.003866423962771105
X960303	0.009657956618010421	-0.017273989951164897	-0.011868585100091757
X960304	0.017679113696232027	0.002193546907669178	-0.031879317064955504
X960306	0.05865361165218423	-0.047900202683502154	0.016417582016232578
X960309	0.022793714415655336	-0.01708125313425623	-0.012136343197831407
X960312	0.02950633533416224	0.003265091824491455	-0.013473685171463816
X960315	-0.00616014182384047	0.0015976222082868077	0.034946897072778156
X960318	-0.0067325118491510525	0.06421060792597655	-0.01581238803534982
X960319	-0.03369517086121674	-0.025709375628039103	-0.03295122458705889
X960322	-0.00013264870706697086	0.01268057580273963	0.027995302266111754
X960327	-0.0009005589895072154	0.019576398737949845	0.027990042888367615
X960331	-0.006634291909345039	0.006823594615493015	0.011803540294426014
X960336	0.01654044021719616	-0.0009901039456630123	0.0007671073999788752
X960338	-0.01936423991988185	0.049588086944440196	0.0048708961418410576
X960339	0.01186910920251724	0.0073890145884635125	-0.0023411407695047835
X960341	0.009202268127698403	-0.03947239289145142	0.009943046682337505
X960342	0.026762790239015035	-0.009906780698718554	0.027246024436508913
X960344	0.024014338431783435	0.019550936144529026	0.04838862585609496
X960347	-0.0026433667851399087	0.005783021506490534	-0.010708475889028332
X960348	-0.002004533744925068	-0.01335390266110942	0.009917063684855213
X960350	-0.014279883178895236	-0.004891270411062527	0.09046260412714699
X960351	-0.018750408711919665	-0.005595473869222036	0.002547349272047523
X960352	0.03236182105525142	-0.0051721622692773	-0.028834679339957217
X960353	-0.03548184785190974	0.04141646139272091	0.022694247884329357
X960354	-0.01433598220942658	0.01828481288566305	-0.0020844538109171997
X960357	-0.014199074025803745	0.036535629652571414	-0.03999384393338345
X960360	0.06827724743131468	0.04589342326678093	0.009080479694870148
X960362	-0.014697584761563789	-0.007884723452591414	0.0033619458653653374
X960363	-0.024444947593340573	0.05476246387857775	-0.004342796792155683
X960365	0.0012160702505315784	0.00684658326121884	-0.05795942876759693
X960368	-0.00868604993715793	-0.0014503906534597843	-0.01785649657431957
X960372	-0.015435926769219063	0.01704433399945566	0.004270041142979004
X960373	-0.011804482811888888	0.002350669462368759	0.008431199054332969
X960374	0.049663055795692086	0.02762465154516555	0.03454834942149673
X960376	0.040209418481154724	-0.010543775048311695	-0.0038732232338521367
X960377	-0.008061240608503875	0.03404240931385324	-0.014299284481311526
X960379	-0.0032158862433462124	-0.0013783501002017026	0.0004104030871427223
X960381	-0.023211279651178997	0.0042128364199945706	0.004041186763597282
X960383	-0.027243225297464743	0.021240461504371127	0.005043218127209484
X960385	-0.03320400351427602	-0.002092348557952292	0.01589648708824802
X960386	-0.018295693281218394	0.05429318840361064	-0.055623282122334645
X960387	0.012787235754568402	0.026740772837144898	-0.012625785475982537
X960390	0.0005836344532248043	-0.007515661638836726	0.05146780920629182
X960394	0.016055697082582608	-0.019140937511583654	0.004383290491534699
X960398	-0.028059741122981374	-0.0020079448942736233	0.042744104952403356
X960401	-0.014314770880320732	-0.03631826985053362	-0.011811166544077241
X960403	-0.017004380716510566	0.01728433394369	-0.014757903735157285
X960404	0.013825213463478191	-0.020915880011448455	0.01190632150171734
X960408	-0.013760054133294647	-0.02137885350482466	0.017395896170665694
X960410	-0.017076249261735486	-0.0038380935388503705	0.0012547894608090806
X960411	0.004474470178777154	-0.005502350187513111	-0.0658520283522409
X960412	-0.018468271082967974	0.0019510482665940011	0.004026074612363106
X960414	0.032234548946148446	-0.016244473514352546	-0.004603846259094449
X960419	-0.008971008239094518	0.006424412230212931	0.027069790708135186
X960421	0.07316813764192875	0.05700671165167799	0.020021743190355174
X960423	-0.01166210972486766	-0.02742622858912358	0.0043503202266668185
X960425	-0.0031917172496763787	0.014797165846035921	-0.058301624515275
X960426	-0.0051873929512339205	-0.007457006423256438	0.0221244541989274
X960427	0.027812873180912627	-0.01521141717017909	-0.02730073511163953
X960428	0.00025926346352824934	-0.03508693068425812	0.008109661515877054
X960430	-0.004015206605763086	0.005199275441895207	-0.0074662741025152335
X960431	0.00807812983105806	-0.003676366815889393	-0.014763713429139104
X960434	-0.004223307861367466	-0.03153114453182782	-0.006137720563780224
X960435	0.05447626778300336	-0.0007912959168683097	0.012782741774331242
X960439	0.00046678006206619965	-0.013376988796793941	0.015635066199641712
X960443	0.01247498607324621	0.01101462323129907	0.0037105501989408945
X960445	-0.009415624010378716	-0.0017149769962916846	-0.035689992606349426
X960446	0.00253002293357209	-0.008294583721304339	-0.0008351868717049812
X960447	0.0009414126099183598	0.009838425760588026	-0.002074713091663627
X960452	0.011442119316205078	-0.010327606606107114	-0.010820953938581053
X960463	0.11899108061942638	0.013726168152375767	-0.0617392786884583
X960465	0.07314714119953768	0.024350446683051977	-0.010774697887368498
X960478	0.0036997991019624915	0.008504577007211423	-0.007082712718247133
X960480	-0.015928165943467753	-0.025001533953910415	-0.0145711181823397
X960481	-0.04622932836474337	0.028891722297947304	0.025559759788692866
X960483	-0.034202303594066834	-0.018906884815263814	-0.037550541820946755
X960485	-0.063266237930823	-0.14411471759709438	-0.014562513801608347
X960490	0.011252389900798404	0.0049680914750520845	-0.005443073569540938
X960493	-0.01786943443718991	0.04920061525310627	0.012356785718421248
X960494	0.03364875752005644	0.028407214141381722	-0.035040182426203145
X960496	-0.00644803435551229	-0.00825492723479455	0.0016207618449491162
X960501	0.002643013639670304	0.022182589729926386	0.01273193874795033
X960513	0.00927057397301154	0.011495213026875443	0.01438343706795823
X960516	0.0013798597233480438	0.008171353189978407	-0.008067705908981865
X960529	-0.013534126756961092	-0.01220613525618755	0.035129341158590115
X960538	-0.008687270940047315	-0.010312288939203041	0.009867869215369706
X960542	-0.01316632910014777	0.011351144977275131	-0.002306902072417935
X960544	-0.026168844672436877	0.0006535482244017055	0.022786176411886034
X960550	0.02451112239226237	-0.025763992581139858	0.0069952326745066525
X960551	0.0019870078867296	-0.00860765435146367	0.03745725188475361
X960553	-0.012180071363578654	-0.016190326226467225	-0.03438785190773641
X960557	-0.0026514791002302503	0.006785001404652223	-0.02918002086993358
X960575	0.05018686709447395	0.1296093482255867	0.03686464235340751
X960577	-0.0023578344063393494	0.0030807401530755394	0.01496147609140617
X960589	-0.02349402211320122	0.04324262872831155	-0.005913402413273493
X960591	-0.04003089203612909	0.055870664750500926	-0.02156359352512216
X960592	-0.021236229645579745	0.08492439177690146	0.016859380509109394
X960596	-0.0148207067668529	-0.0066466797862266575	0.04151198051112122
X960611	-0.015554131250110655	-0.0219087852911797	-0.01838780593361916
X960612	0.03759981836575748	0.022374564072223112	0.05327088742022697
X960616	-0.004841718000706061	-0.012987137015630167	0.028758394691432685
X960632	-0.008289608500848965	-0.007759472786780891	-0.011186942701565065
X960635	-0.005522886048117496	0.009431332041064262	0.0032881088009312585
X960636	-0.0034891958634711137	0.00384483994576282	0.044440692097643876
X960639	-0.018298503486397576	0.04527457115927655	-0.03829839158726383
X960643	-0.0006677254784456413	-0.008271115732447343	-0.01588380492327577
X960651	-0.016296004265369327	0.04564034995363485	0.04905583942227231
X960658	-0.007298530176766188	0.02805212987228377	-0.02826925332822496
X960659	0.027975545153668176	0.02129305735661853	-0.015442656418197635
X960666	-0.012197179709017215	-0.050175099432890974	0.02654711721597929
X960667	-0.005734120601160097	-0.0067962368605015725	0.024647378653161894
X960672	0.022573665197478977	0.004709165532941277	-0.07013507607686371
X960673	-0.015208246703873128	0.06551637064614642	-0.03550493073516106
X960683	-0.033823740631985615	0.0016121030474600757	0.0383676546554994
X960684	-0.023490750335655033	0.00704404257246159	0.011614616115547805
X960692	0.02551986226104064	-0.04586861363664674	0.006181884165408886
X960693	2.1543026830144846e-05	0.002605749789732216	0.002983459021377366
X960712	0.04577343480174955	-0.11502998481524584	-0.019059473645936444
X960719	-0.011944465048230823	-0.03152757493224886	0.0033363974735049692
X960720	0.0016231926264316122	0.11452352217921119	0.024659430304000602
X960726	0.09971271295468198	-0.06415180482607757	0.022761522868213598
X960743	0.002241723295047447	0.11655552963798628	-0.002176306303702961
X960748	0.0015525025035983816	-0.028811409781347875	0.03257148111051805
X960751	-0.004923977129502694	-0.08416028000764414	-0.014218999151002828
X960760	-0.010066881066220846	0.017565197382498923	0.005521838547923828
X960764	0.006370923341866515	-0.11225452350549944	0.05743504531086991
X960788	-0.009381465314734909	0.058773614863825055	-0.011991607407245091
X960792	-0.008647507164038434	0.008460667211940207	-0.0062062520648110235
X960793	-0.009681909941900248	0.00434724957857484	0.02682252832984423
X960795	-0.017987939449733575	-0.019191853648843425	-0.011339515120341419
X960796	-0.0036473460772475006	-0.009595362883297369	0.014272679440404315
X960803	-0.008541177872154419	0.007950404265732151	0.005182816216974217
X960807	0.003384136454745402	0.019056738284890004	-0.030510854948911332
X960837	-0.014401160900374313	-0.006434781462328328	-0.009740530761606494
X960841	-0.003026183278190421	0.10561306326247043	-0.019364997336271943
X960843	0.003927598975109809	-0.030219210062234585	0.0074786346995272136
X960848	-0.03428661910815948	-0.0746362789610895	-0.03108699326125167
X960850	0.025699378242510503	0.04942214333654115	-0.020537862650083605
X960851	-0.0027690013056250145	-0.02079281178422733	0.013122811290788116
X960857	-0.028434812800915293	0.011561787828865983	0.0350258332201818
X960865	-0.021798645241352374	0.024513431649759675	-0.04283382075757388
X960870	0.0035632343941571928	-0.018026625274214562	0.01890955610003504
X960875	-0.013527870776342142	0.02615511280600353	-0.010020437104894279
X960883	-0.005234182576505679	-0.03401635189186805	0.012004595494217769
X960884	-0.017236148312639834	0.03511458403399111	-0.010208262113991888
X960892	0.010655043725313791	-0.009384305716718158	0.023648557281834657
X960894	-0.006934750919387904	-0.023635605334182668	0.01940784274584257
X960910	-0.033151873625460675	0.00189705658030744	0.011020609313943998
X960911	-0.014563806585850879	-0.023488419971843595	0.00978767018353492
X960920	0.020365375608556908	-0.015754451059130353	-0.050223057133803005
X960934	0.09856355540717765	-0.04465907717083787	0.05582645206236998
X960939	0.0012821717047245005	-0.0005592089047205954	-0.021831742611515423
X960943	-0.013699176059889106	0.03243737854892038	-0.0346570217118292
X960944	-0.013211965006032314	0.018317689692553315	-0.0537580206533007
X960969	0.03539741096702541	-0.006992001845237801	0.019296416331790724
X960972	-0.00661391504006163	0.007265230020792054	-0.025725962756514537
X960974	-0.0018627758641800822	0.0018169717914192246	0.0023814119477976047
X960981	0.02949053541976274	-0.012830767610465992	-0.029109893914165026
X960991	-0.05171550678777211	-0.037533580293075	-0.011724585305623888
X960998	0.0064911679615610824	0.0016152275990755104	-0.009056717067332435
X961012	-0.007322108834747775	0.047688974211490466	0.038838826320408824
X961035	-0.001959044018389155	0.019154645248791798	-0.013337271445933318
X961077	-0.0055820828612998695	-0.017918539672673255	-0.01173334563044253
X961092	0.03836081435282128	0.014749624833295345	-0.004920872556389697
X961096	0.03184347488592803	-0.03826161936409618	-0.0027733930914117778
X961105	0.002245274456301858	-0.01296205519770789	0.007118480035086408
X961124	-0.034720316181653305	0.02598626066293677	0.04801403122546165
X961128	0.015464671263487956	0.01607152395080982	-0.002132057429877493
X961151	-0.011451840550375944	-0.1539679735247465	0.03776249805817991
X961177	0.05129945941232581	0.02968926588931881	-0.026777085995874833
X961180	0.04897539277844231	0.06469652419626683	0.06512718445397095
X961193	-0.032430343825539304	0.0539904962702973	0.012948241680569355
X961214	-0.02051125355952819	-0.020964008054201726	0.043398242128264805
X961221	-0.00939665347143758	-0.003396661195264965	0.05348813102552039
X961226	-0.024358658224362468	0.02304211888196236	-0.004431047179469476
X961240	-0.014610482665928159	0.044616226069821276	-0.03544360427485165
X961242	0.0026080266052150494	-0.004253154184969122	0.007037285010785329
X961243	-0.11779050844641072	-0.14345527751512552	-0.018822111730867234
X961246	0.006386643218915192	-0.006954903627519345	-0.007465340516622369
X961263	-0.000744497384057116	-0.004799200813501219	4.06767903043645e-05
X961282	0.005009174173370174	0.00666620062233648	0.052755775815959347
X961321	-0.013615361786082733	0.0038486135826472268	0.008354791185473916
X961325	-0.08556754184366362	-0.18121589908180147	0.0026542258727985492
X961339	-0.0236840890856525	0.05495005543419493	0.013889827857102214
X961365	-0.005414819587533432	-0.025090699924087682	0.009391464014588473
X961417	0.005033179181813091	-0.00929037275361314	-0.005251919553316363
X961423	-0.022678892147085003	-0.007805971245086637	-0.05556652775449557
X961434	0.03184900995852245	0.0012280795865995875	0.019968087100414995
X961485	-0.009071536515714771	-0.01675059093428966	-0.011616376093575345
X961553	0.0879058767636043	-0.012810053808078698	-0.005692402816821393
X961577	-0.01235297168569754	0.03257243697916025	0.00438893841527582
X961634	-0.005448020399754894	-0.007229489737205885	0.021218273676693745
X961684	-2.4774502078456068e-05	-0.0037951630531203977	-0.0011751981817817892
X961686	0.12602021482563644	0.010103729120742132	-0.040684910507198635
X961738	-0.029890748852414842	-0.019111428566223127	0.020326077037813882
X961809	-0.019895533570368988	-0.0008214091477139446	-0.05770938513718543
X970002	0.007973107998986623	0.004927030481482857	0.010244399414013002
X970003	-0.015590218647519166	-0.007463838642322986	-0.023727522331092488
X970007	-0.004467255594703569	0.019283607422306424	0.04116483868278029
X970008	0.0012642900385564744	-0.007690841338486673	-0.0181119731699368
X970010	-0.008248118224656624	-0.008033947115612065	-0.0005343528190182804
X970011	-0.004213307751607033	0.030506452549555228	-0.011945583384197395
X970013	0.0005212406891405882	-0.01657050488557176	0.02331543238986015
X970015	0.04281248173113425	0.0065118141553765115	-0.02018821745066562
X970016	0.010068197528471708	-0.009096443040284624	0.02883706016781529
X970017	-0.03337330010244504	-0.032045890975112984	0.0014210769391417566
X970018	0.08246638124211514	-0.04009345589809874	0.016739119770160956
X970022	0.01880640424862013	0.00848403145453364	0.02060822941881675
X970024	-0.0001941591137196658	-0.0032038988659241928	0.016483634117111567
X970026	0.0011927985930327532	0.003064601210952534	-0.027872166832894365
X970027	-0.0012523467272505654	0.004716721092371917	-0.02656622418883184
X970029	-0.0003049414420692365	-0.010173658870126166	-0.0735551517833124
X970030	0.016894410552130305	-0.028416407210479742	-0.018151488215960365
X970031	-0.09154948760357122	0.0005971255037384758	-0.019877772122588747
X970032	-0.017782115781540132	0.04041093595433056	-0.00939993123197101
X970033	-0.036135784904324716	-0.11489771398128305	-0.011175754662055525
X970034	-0.01758357757491586	-0.001129036222800923	-0.024336411355047067
X970035	0.0128435264871133	-0.01482466467769655	0.014469294347496586
X970037	-0.0071413388087662	0.006861502258048613	-0.05797309861137917
X970038	-0.022536036187838844	-0.016146854735555348	-0.010625359192344263
X970039	-0.008491951355324176	0.001349044297818897	-0.0151697643156638
X970040	-0.022005964474833488	-0.00813841012664295	0.010321040584233908
X970041	0.005324688227356249	-0.0070762088406967506	-0.03112634900885443
X970042	0.031911138319808435	-0.04517137784116953	0.0007348768885369131
X970044	-0.012774548788614469	-0.014953367972062677	0.05948793087936456
X970045	0.02768660883976527	-0.03399890418566698	0.011606539037935223
X970050	-0.0115548987663446	-0.003732697700525655	-0.008470915563802105
X970051	0.028993016049791733	-0.016806439304875635	-0.014971175642408659
X970052	-0.020178569759193115	-0.008120453011965564	-0.029809963711119384
X970055	-0.004230964495625377	0.017075144771654574	-0.014717262731082604
X970057	0.005639749670372927	-0.005221573295134389	0.009613021629941277
X970065	-0.0010603093888640622	0.0032549698104622406	-0.022394508433123572
X970067	-0.013782629249653799	-0.011115727617846696	-0.003287156975447437
X970069	-0.07664389429467797	-0.026142729524009797	0.025113914111368384
X970071	-0.009945971769961013	0.004156041304006468	0.004196270584469065
X970072	0.02318533089901576	-0.007863863105762403	-0.010692425901506066
X970075	-0.05320673207221791	0.050226155463136156	-0.03241819008877876
X970078	-0.006100414984413838	0.007878358584319718	0.030876545586006304
X970079	0.01954466701403335	-0.025161913945732636	-0.028849978289359243
X970082	-0.022441173909601025	0.0010545844811533846	0.0590883338255965
X970084	-0.011065065324342626	-0.024537033263736643	0.03674210122513966
X970085	-0.034040318805682784	0.02643890354275587	-0.008988483446119059
X970086	0.01270164075571518	-0.013037391351330942	-0.01590725929341134
X970088	-0.007292509669747799	0.003138971094020399	-0.05007749722127106
X970089	-0.04403436284191295	0.002335490947366931	-0.007145105388490078
X970091	0.12545437199149057	-0.04086505327935069	0.03785299150908991
X970092	0.11953415608570968	0.04556535991548288	-0.004841634853080724
X970093	-0.0022843828146785518	0.003987137481332455	-0.0475288072195711
X970094	-0.03349256807020724	0.011698198859399035	-0.027384000063482565
X970095	-0.02606019328989543	-0.027553198082391886	0.050803471607229936
X970097	0.022059613778188807	-0.008933464067984287	0.011514157109961029
X970099	-0.011273536157977543	0.019383744691298773	-0.011074956464421002
X970100	-0.058995114639690635	-0.024852042497972255	-0.04310449213691802
X970102	0.03935801016996334	-0.032839127489757904	0.05010214917442255
X970106	-0.021892782890682673	0.0019155780130027179	0.02315478587540459
X970109	0.009168434899171969	-0.00796241297984233	0.07433775260974054
X970112	-0.02284725242164557	-0.016633099473620547	-0.04039165757858155
X970113	-0.012314079964064363	0.0288205368529464	-0.04463878916910898
X970116	-0.014374527077829338	-0.006101749541518621	0.015940106912445354
X970118	-0.004479232542162799	-0.005126571402163863	-0.026350110440585228
X970120	-0.025825891423184175	0.023605322004954545	-0.07680221777540534
X970121	-0.03891032786906642	0.05013254380682346	0.057121219676930214
X970124	-0.018384851989911823	0.014791315326122717	0.004227081789107529
X970125	0.00035321609163734615	0.0029056809905977717	-0.0389555619210207
X970128	0.00573866671347794	-0.009454521781284472	-0.0438731513994199
X970129	-0.006065024700916735	0.0005040963389128699	0.007439016085472204
X970130	0.01686728559642603	-0.0025415645489926778	0.026525387508171894
X970131	-0.025471503260894448	0.0066988812115811565	-0.022043896787419026
X970134	0.0014474843490660597	-0.0028008621069545766	-0.05883751633533814
X970135	0.020305935302228663	0.025521512691921457	0.0024110090857250343
X970140	-0.005257260265406227	0.019647450756746253	0.031115170958956766
X970141	-0.01037511185583343	-0.009028286611314674	0.02015527935425413
X970146	-0.004091631054818024	-0.0022496564698423426	-0.029749683052016116
X970152	0.03947457518610134	-0.010259336286133642	-0.017800765611513326
X970154	-0.014714688467260924	-0.009221995819715417	-0.002865384964452877
X970156	0.008835880600477193	-0.011650715263047515	-0.045466421562586845
X970157	-0.013290910159988458	0.004953188950508149	0.009535467930576857
X970158	-0.01116406245290906	0.00018277024506503889	-0.023958877929526293
X970160	-0.006765525686978843	0.007620255034127741	-0.06737805120659936
X970161	-0.028449444540249055	-0.018416594253467974	0.027720805848754235
X970165	-0.004753180688055328	0.00203618068119422	0.0009228140332738585
X970166	-0.04619704255310269	-0.003947123775331668	-0.030321949198977724
X970168	-0.015644058947181252	-0.007091528230471351	-0.03154987826037396
X970177	-0.008458520820115202	-0.015868819301685023	0.013762380048453725
X970179	0.0014114098112541806	0.04647047339758256	0.018337594425355937
X970180	-0.012022913774795583	1.2431026885105758e-06	-0.00011003065129731537
X970181	0.007674990627596793	0.0018328049763206209	0.0005469340518388622
X970185	0.007743884622916071	0.04047160368808562	-0.02673958360772067
X970194	0.0031092174255538223	0.012425947209596144	-0.0019041335424475154
X970197	-0.005297433960978835	0.01961861219720619	-0.006093056769459806
X970199	-0.0010586307051876215	0.014745309290573315	0.00236356710359707
X970206	-0.008343047512439668	-0.029211738788443648	-4.2693232194904986e-05
X970207	-0.00683879015334553	0.02968846897808981	-0.008110889025801525
X970209	-0.0017743014774450297	-0.002419493767885944	-0.013062039828992785
X970216	-0.015707539877572577	0.04921856642196663	-0.02666474796689892
X970221	0.019454604507624196	-0.029605023189188593	-0.0469074828983726
X970225	-0.008712163752181352	0.0010288862842970316	-0.006149507263232511
X970226	-0.025037576274442655	-0.0008200098917798337	-0.023887085193614686
X970227	-0.02069335166186597	0.0016955292642587348	0.053581926555983095
X970228	0.009749869555789926	-0.014124188324384928	0.0005828516899805836
X970232	0.05916862903758723	-0.06518040714760913	0.018250806615036464
X970236	-0.034886448802121335	-0.05672154855634694	-0.003911183505590758
X970237	0.0063672335621857735	0.009528522592276269	-0.02084841456111321
X970240	0.06003450099066178	0.06559512755624719	-0.04369486800805989
X970250	0.00907367297763443	-0.016479180511159687	0.011146400865320216
X970251	0.011386692451333615	-0.03249668858600481	-0.019051580605905477
X970254	0.045526710438068115	0.013733975042037142	-0.010436120075632542
X970255	-0.025390541098981236	-0.004219318645100966	0.01574234497156831
X970257	-0.028313776628250523	-0.029550313778069267	-0.02849477749509531
X970268	-0.007788613286801186	0.01691009449281676	0.008447005747544952
X970269	-0.02314777314841938	0.03543328378781929	-0.017484320006258394
X970271	-0.03920527232113825	-0.09269016544872037	0.004732728101031968
X970277	-0.027818672241980733	0.012717534732147014	-0.0403728049689604
X970283	0.1230254251670082	-0.06117199051832748	-0.02528508843403821
X970288	0.03641864344064699	0.01009994890070907	0.026180935874765415
X970296	0.05200969152097437	-0.014299037642446518	0.029031871344067223
X970299	-0.0054708211293188645	-0.005372665537026	0.04339194966220076
X970307	-0.00257285981423796	-0.005462404935805594	-0.03698381522841643
X970312	-0.012428480196782297	0.02200109731515105	-0.008976416464005398
X970323	-0.017316944736699487	-0.011265444803778195	0.013341990118398211
X970325	0.009093311345074245	0.01720671848584463	-0.004981898130444132
X970327	0.06123978998753973	-0.01552408425256699	0.00554446829113512
X970338	-0.01917573057706253	-0.08955469428455118	0.01097931163662663
X970342	0.09534985553240348	-0.04731206766047508	0.027647264998346754
X970343	0.02946076420161062	0.001127943602691734	0.03046343989705685
X970345	-0.016997681441829768	0.003988134119159381	0.028255437917101972
X970346	-0.03164303266044687	-0.02709676379248638	-0.017266691180523274
X970349	-0.010465882483399788	0.010905161948172317	-0.015273663469279159
X970350	-0.023928214181010207	0.0028039003109442628	0.057910497397337
X970358	-0.006559123355434376	0.006640633595440842	-0.008013518192425337
X970359	-0.023037425769163074	-0.02203365814735919	0.023073456949250868
X970361	-0.03603513342726141	0.016776708277763452	-0.03128559530803916
X970366	-0.09070782574467455	-0.09455381174750642	0.028482554206101292
X970375	-0.005121696557149139	-0.023469077264098605	-0.012583958276037631
X970380	0.02861643726227987	0.08074735788687752	-0.009578516368699858
X970381	0.023341032723288163	-0.0039543544684668185	0.040100342280537396
X970389	-0.019981304511411682	0.02783146315302329	0.00914166541380389
X970393	-0.013652060737322887	-0.10879969675530139	-0.0203156472816528
X970411	0.01304718192579385	-0.03614359622945316	-0.019532223094687464
X970412	-0.01097037414392284	-0.041909776224878	-0.020232367573535383
X970414	-0.018884498146298	-0.00859479849934789	0.0362475881176864
X970425	-0.011538015365922106	-0.004602277779921326	0.014357594097616
X970428	-0.011043982034562078	0.029948238193803853	-0.003223933634753491
X970432	-0.009210444198707968	3.7634626224499e-05	0.0010999019955688415
X970454	-0.010505416958706718	0.0013766517076475	0.02247764489355835
X970472	-0.01277426086641311	-0.011172067351917869	0.011592295551054241
X970474	-0.0022756710063549478	-0.0030670571031496522	-0.027437673529018068
X970480	0.00772723432380072	-0.008809643258216171	0.05731115497170795
X970482	0.012901820857156571	0.02358490426531823	0.04632878144782003
X970497	-0.0064253430015392635	-0.0479055303406451	0.03983530488616805
X970502	0.01606855920690144	0.004924906399401059	-0.0982455910649104
X970504	-0.04005093991973164	-0.03241289116532164	-0.006125942362656142
X970509	-0.044663594883462686	-0.014127858028807618	-0.04699785242326774
X970512	-0.01747632154603053	-0.006448921825797818	0.06428644410018007
X970515	0.002018272164463257	0.01300057648586585	-0.012879050359980885
X970517	0.016351033172599477	0.02411189773546797	-0.001147493279196967
X970519	-0.004234606672073543	0.005934806101571558	0.017250638564388077
X970522	-0.007845013843116849	-0.03267707308793849	-0.004565842431020601
X970524	0.0026416102982208195	-0.01570907732015389	0.05775303981001961
X970533	0.0004384134242738906	-0.007787365645561016	-0.00905578862646681
X970536	0.0023094171146735534	0.014178514422883046	-0.02739226738933521
X970538	0.011210743498577503	-0.015597557068259521	-0.051548259277697066
X970543	-0.010256533085699552	-0.003783434982515016	-0.07696504594343133
X970544	0.04826121469415422	0.02589857374026243	0.024515854359552183
X970549	-0.020782333429313717	-0.0029762604172779857	0.04098585420273296
X970563	-0.016595280101275454	0.026069420770625507	-0.026958380452130216
X970564	-0.004195152366702176	-0.006683586265169269	-0.03599122744105991
X970573	-0.020608339627606467	-0.04280647077587472	0.041903780019698064
X970577	-0.01654436288510637	-0.0004922351504713762	-0.03922993277878605
X970587	-0.007926945732772368	0.004311485307264143	-0.00696721184544024
X970599	-0.01086684172481867	0.05300178676583069	-0.010283513206249739
X970614	0.0023864696626427597	-0.01419258969705128	-0.0023483889512336004
X970625	-0.013122873773429104	0.030543981632001418	-0.008887605216880005
X970633	0.06610835757696726	-0.05975872711545907	0.020080588877178524
X970638	-0.004446830745053498	0.03598129788382193	-0.015541543597341452
X970649	-0.007812408603582728	-0.02726701850116321	-0.005956585769411266
X970659	-0.019248776333909087	0.019396082437749762	-0.042903957538039494
X970663	-0.015363940700032086	0.006503733745548088	-0.025711466120323788
X970664	-0.04829876412127092	-0.033485918350161556	-0.012818249015715726
X970677	-0.020507322012633798	-0.002398774577532641	-0.0067453058173739784
X970680	0.08681391135439535	-0.0762199688303312	0.021207507728131774
X970687	0.0019475938758902187	-0.016905143678852166	-0.013192384509868538
X970688	-0.003982877278673528	0.018770210980531558	-0.02983771735270157
X970692	-0.012355666342265039	0.053218864644917076	0.04991266992400038
X970706	-0.01397533519587477	-0.02354377700529621	-0.03050172204366898
X970707	-0.05534165972791273	0.0955482596217075	0.02233838696336315
X970717	0.005080503855726258	0.012553231370008959	-0.03251155736556761
X970718	0.0003991207095663334	0.004503713432207841	0.009166844260041454
X970731	-0.0177741830958202	-0.010301412555841065	-0.05152806372854514
X970732	-0.02275433378349701	0.03628816750310683	-0.006168908008879818
X970737	-0.019613253990133334	0.0011609495842381157	-0.03493719530381149
X970745	-0.030182581175049017	-0.012445774504907787	-0.01297329534293349
X970784	-0.011553481564137082	-0.008422950399247262	0.013351539264991634
X970791	0.008100916370900258	0.022232233444865104	0.028666005117448972
X970813	0.017123729604959875	-0.043430858684435	-0.011437196322091055
X970860	-0.007107109517304703	0.00034576983894269304	-0.009449546564755955
X970932	-0.02705564127999295	-0.0157397181526037	-0.017225264486653447
X970960	-0.037502916920882645	0.019909602850706226	-0.06654500220184507

Biplot	0	0

Site constraints	0	0
