Eigvals	3
28.16247664926178	23.16596425518565	12.496097283453524

Proportion explained	3
0.5337533082609877	0.3611600083236981	0.10508668341531427

Species	12	3
Propionibacteriaceae	7.4475437255081385	0.10240948810512995	-2.738397273160339
Staphylococcus caprae or capitis	10.352225997584465	-3.441158514225164	7.340365310682037
Staphylococcus epidermidis	-7.183703103496567	11.006343527107902	7.236424471435064
Staphylococcus hominis	9.03688153783673	10.349424321772727	-3.843584960700692
Other Staphylococci	2.909543577281029	-5.604979803378261	-2.8444447198722815
Polyomavirus HPyV6	-11.056127324094064	-14.316280902856432	1.0382085170322297
Polyomavirus HPyV7	-12.146788619984385	1.559015705334034	-2.455367108367804
Merkel Cell Polyomavirus	-7.287923782318758	1.768706044244819	-1.8305760964228268
Malasseziaceae	11.388719764019871	-6.5746809171860185	0.8663099968394097
Corynebacteriaceae	3.35238141007755	0.4132525561709179	-2.088444538548301
Micrococcaceae	-4.331005746412646	2.4315253707478086	-1.7079952733220685
Other families	-2.4817474360013736	2.306423124162528	1.0275016744055736

Site	1225	3
X940001	0.00021825260501457554	0.00028872559422370825	-0.008432601545343256
X940002	0.0021682596398678103	-0.004240514684583512	-0.014074288224493681
X940005	-0.01636761079591386	-0.028256894288829673	-0.019768492733635585
X940007	0.009512007449074789	0.0037476234954935063	-0.012284427098557888
X940010	-0.03739084957509973	0.021349761364030106	-0.03347004186469995
X940013	-0.007483649885234319	-0.00865272495964061	-0.005196072031110287
X940014	0.08118605616151388	0.00427268149720983	-0.04693534787973502
X940015	-0.006022488766889701	0.017671497386285425	0.005819305351875753
X940019	0.08994301682425737	0.03574923128007011	-0.03208275103648111
X940021	0.06450808242933105	-0.006399693378341628	0.05774781804557969
X940022	-0.007715311501585685	0.018603015096294275	0.0024585029566387934
X940024	-0.013895289672894402	-0.03212292298920286	0.011096276974987353
X940025	0.003584410665333209	0.00044434133065811277	-0.022165225397798194
X940026	-0.040299348738962924	-0.038750395535594784	0.01229310272037242
X940027	-0.018083753960117823	-0.009182258069423063	-0.016355255567543314
X940028	0.0020544981372676192	-0.011592851329016886	-0.013942250865219358
X940029	-0.008652202702645237	0.0012157474398420002	-0.000249324536769589
X940031	0.0008570497338016989	-0.01780934836137678	-0.00747280638945526
X940032	-0.012297338210460747	-0.009194175363138457	0.006419390203848469
X940034	-0.024163586435407818	-0.01567204599347437	0.0002292731333396642
X940040	0.029063223562438734	0.007434982335013704	0.015466496901323172
X940043	-0.00040367188130124686	-0.008116835475420177	-0.019256117200338953
X940045	0.028686981537689636	0.032754452344742314	-0.04909893081785365
X940047	0.0707046933663922	0.002908703275536118	0.06640771434683335
X940048	0.01883032691359514	0.0041712444308410175	-0.001430683689547529
X940049	-0.007221755449147809	-0.009411784001269862	-0.011463413170907355
X940050	-0.013879894492192719	0.02849659629176467	0.03515847050045176
X940053	0.025351277044139572	0.017600147361772338	0.014533438917199628
X940054	0.06978779943082289	0.0273859463646446	0.018865707109077767
X940055	-0.01617155651465169	-0.01696469756779974	-0.03880960236246689
X940056	-0.042608586074793765	0.015784126732055936	-0.004608985966882281
X940058	-0.0027757338632724083	-0.01523370927532739	-0.021044130344585542
X940059	-0.008007345159564026	-0.014155931011975475	-0.007427627764466071
X940062	0.015788041122755662	0.05520878442216346	0.04569038203471386
X940069	0.0034779444140635917	-0.010885008908293406	0.008556592029713915
X940071	-0.001094672909614397	-0.005879641659970703	-0.06863073573178538
X940072	-0.004133774910415345	-0.008904201162760647	0.007953510260536945
X940073	0.07347976595901981	0.000951790212881508	-0.027313099348168234
X940074	0.02044936038381015	0.0016589130278739314	0.027771276020390562
X940079	0.07334349511721776	-0.008698686536206972	0.0532129448795759
X940080	0.006488851689800188	0.0011958896198564397	-0.0030865662198477405
X940082	0.0029933037568813533	0.03008236618376038	0.04827377992196512
X940084	-0.0016603634447864301	0.03434877022891611	0.01861840834858929
X940086	-0.044435594852691024	-0.043940656044220136	-0.010254936635885331
X940089	-0.037881682720608566	-0.0016467083847709763	-0.004066011531978046
X940091	0.07752011851711665	0.12128974822522497	-0.051656729214417545
X940092	-0.04368035377555905	0.023412976497099534	-0.010794215799672494
X940093	0.0034841083967721382	-0.0021119198591895766	-0.006640014474398394
X940094	0.0003212092837836654	0.08823304453026712	-0.08014413055563142
X940097	0.00995282311400625	0.005127551759954393	-0.005303920972141719
X940102	0.004231534215165075	0.02155199978071582	-0.00346581744327635
X940104	-0.011954441733482719	-0.004155773002604513	-0.003286749003845686
X940108	-0.006685407489434316	-0.006805076741984894	-0.008151738273310229
X940110	0.03697755501883314	0.024971442271803656	0.015229285359357685
X940112	0.06301634385800467	-0.028224402503309143	-0.06194030808737727
X940115	0.014996127164001938	0.027960098349744143	0.01287532897918226
X940120	-0.005431180706497461	-0.037225569323698776	-0.0076624003165982595
X940121	0.04919496979038091	0.0600606320834424	0.05499903813921118
X940126	-0.00589344159509345	-0.008091122788266012	0.011613715843379353
X940127	0.029292058904386246	0.010016027380135935	-0.0012490692338390076
X940129	-0.01860196850908243	-0.044867840921711005	-0.019043973269963398
X940130	0.028378401340518167	-0.004138057504584969	-0.037008607154870976
X940133	0.014057572717037536	0.001407960876493177	-0.011828689925556269
X940136	-0.016204629924001922	-0.01648076120304068	-0.00014520953215419006
X940143	0.0005782139676894047	0.007658242280265499	-0.0024878393930715618
X940145	1.2405818847870735e-07	-0.008041507237677797	-0.00023565884021725973
X940147	-0.02138940610276424	0.00788686294452121	0.016072404358715073
X940148	0.0043338979949176385	-0.0008287689809686917	0.008101136110919071
X940152	-0.005958606933067503	0.020183393819546307	-0.001002693423504418
X940154	0.0011735657153444678	-0.02733786090908676	-0.0036748797218304334
X940156	-0.008632546746059466	-0.02313783122003406	0.022663755278586998
X940158	-0.004865566492272769	-0.017370739629046717	0.024347426723077353
X940163	-0.002239154045029233	0.0021122088931936197	-0.005014039020112466
X940168	0.039076796020415715	0.03272898271974681	0.05440299286986356
X940174	0.08258784851002293	0.021255942239595666	-0.060770844186185106
X940176	-0.009017395451865473	0.006881619654537612	0.04024886169233931
X940178	-0.010345880231176547	0.024283942161553666	-0.014837767039326833
X940179	0.014889878850395215	-0.004194544828246321	-0.011950602903639704
X940182	0.004930183536926196	-0.03553003533982145	0.009179411864095672
X940184	0.05122770439715036	-0.0017070720120404487	-0.03251762102508816
X940185	0.004914567694004111	-0.05223504082245316	0.02028604274962316
X940186	-0.02126856392780009	-0.00825884095307728	0.011853721416531246
X940189	-0.024991010458281157	0.024029694156564623	0.010689752933133637
X940193	-0.007117308880598304	-0.007784851962911831	-0.02010189879083021
X940203	-0.036548993482080135	0.05316345603105811	0.015221307513468642
X940211	-0.000606988926826072	-0.01289822783832582	0.003026170020125324
X940213	0.005052688379625227	0.006418993476387456	0.0430510517464641
X940214	0.022708834264727064	0.012291070591923537	-0.014251256273773995
X940217	0.0016731111687786876	-0.007989019629963305	0.0070696697823759685
X940222	-0.014217305098760322	-0.018829904734772467	-0.017282791250204314
X940223	0.06211450924277635	-0.020690254777670884	0.0753655151402041
X940227	0.03283749795757219	-0.033314460716207715	-0.0019250232130346187
X940230	-0.02936278253500005	0.003910828766769676	-0.002425077405765825
X940232	-0.021055979231037483	-0.013234028590489883	-0.021016837945478893
X940233	-0.01761998885015484	-0.011506229440528388	0.0073487835594125825
X940237	0.003247679185499236	0.007619789578983076	-0.016644303705260474
X940239	0.07191695907587389	0.13398871057507597	-0.1057316784566636
X940244	0.01760615776466073	-0.010701867020390124	0.018613184943365984
X940248	0.01548126113313504	-0.031090016252102524	0.011070181634573397
X940251	0.000303102049706599	-0.0416172297424502	0.0017848296549374599
X940256	0.027719658994713754	-0.020233812152657862	-0.00013369236643172189
X940259	-0.03767999316402676	0.003211373691528575	-0.014221423118873328
X940261	0.004925471016505212	0.025000740090503046	-0.013518997178150227
X940264	-0.034119811997428605	-0.02229703293242438	-0.011542132134939693
X940270	-0.010828571959700191	0.009945005785681261	0.01133684855708542
X940271	0.022161184312105568	-0.01563903872455619	0.014070657109205425
X940278	-0.014603502733571102	0.02019888094974993	-0.019688693782628358
X940281	0.016131837177148323	0.003143508541432231	0.0012958652700528264
X940284	-0.015761027333924628	-0.02400472883601513	0.008637893153414029
X940286	0.04355342000930689	-0.02166982449320784	-0.045426668457962734
X940287	-0.013519931172944276	0.02594154406728698	-0.010315945380859157
X940288	0.01610910093683429	0.0006520785335265138	-0.012681190100998765
X940291	-0.009719973931846997	-0.007195667105462902	-0.011206568324732082
X940297	-0.012739044758972307	-0.018837659295933888	0.007442583672632914
X940301	-0.0016463309364341918	-0.021964444403653686	-0.0020891583500025537
X940302	-0.0029356049372929157	-0.031274835463993435	-0.011467179934023183
X940303	-0.040954488670723856	-0.011225807937683801	-0.0018228733298263301
X940305	-0.009072651057159015	-0.013663471872620354	-0.012586777550298252
X940306	0.05004073282523031	-0.004373021727325357	-0.06059336418124842
X940309	-0.00733944360673556	-0.004567169613104704	-0.0065931719986014855
X940312	-0.006847705028417536	-0.017043826143183262	-0.007664930767965951
X940314	-0.004669660619504132	-0.008216447740539262	-0.006084817138091506
X940322	0.021129841713764558	0.015191402915811744	-0.062115779615172825
X940324	0.022865765593272077	0.007886430757517026	-0.0010596079655711297
X940325	-0.04450413029520605	0.002676752701994992	-0.01968012545528879
X940329	0.0662371411527586	-0.00116522700592524	0.04320378487138657
X940332	0.00929134692798936	0.005057475149039113	0.03380256633780904
X940335	0.03195695174009155	-0.03967947750570037	0.043877793006494845
X940338	0.00947379892364151	-0.002069072748274215	-0.00040456373519523014
X940339	-0.0417522835500117	0.009097771129944046	-0.02916879216852256
X940347	-0.01706707826703939	-0.018254886290248032	0.004001102628036827
X940349	-0.009367457765929142	-0.006973896435704903	-0.019786642064467785
X940351	-0.00046993810033613533	-0.004749683451100681	-0.0017257508342385646
X940353	-0.02390816264572169	0.01165691395326142	-0.009181684517290685
X940354	-0.007452982478435566	-0.007078939227851577	-0.00332662997685388
X940355	0.04198708335599145	0.019214397109194693	0.032563354175335436
X940364	0.034671505160306516	0.022867383875476398	0.0307144651572254
X940368	-0.03083312540594453	0.02168556409018008	-0.007488604466892477
X940374	-0.03633424171801301	0.01804311018499323	0.02566313160573645
X940375	0.0001918792348155832	-0.023647699215351335	0.008196896237867216
X940379	0.001578072985166568	-0.014087866145917107	-0.010440554471768925
X940383	0.043503367744957396	0.0553488763638391	0.030371910647442466
X940391	0.01196554222213093	-0.02919564503440528	-0.003315922448965591
X940404	-0.01417757171264206	0.013922341062953808	-0.007460923991026264
X940411	0.04306147013014424	0.04790330691328093	-0.0167388268509052
X940413	-0.05337136443723626	-0.014754954171412758	0.03645420244453129
X940420	0.0010354412999498703	0.010101652193525159	-0.0027307686586051844
X940443	0.025100939567675066	0.03628235997090927	0.03613122157916922
X940444	0.04713017636166208	0.0037238283215244145	0.040363873634564285
X940445	-0.004074220468744242	-0.01454081310520159	0.01195868826618738
X940450	0.01622327303726867	0.000363864044626155	0.006678974798784915
X940451	0.09846300735414258	0.0017989297934092124	-0.10596462790371229
X940456	0.003263021877668585	-0.009989395275001228	-0.0004057017611258431
X940465	0.001265142277424233	-0.005371005929563759	-0.008895425041700015
X940466	0.004003756190132431	-0.019928061048791634	0.007729812980684337
X940474	0.013901371775624814	0.023098254461560736	-0.0007953230058439381
X940481	-0.03383872619825356	-0.031923794069054136	0.017860168722454342
X940483	0.01542075659822387	-0.002133439401285925	-0.0020615825004251204
X940484	-0.021762027193891538	0.04185253685710339	-0.0016571863306883477
X940487	0.002294750002772691	-0.030862876901522715	-0.013654183228341731
X940488	0.06896536241121583	-0.0069742852911553474	0.0549803283920622
X940497	0.015036481930003962	0.028013467725378167	0.04743367145430718
X940498	0.021577628606170945	0.03091535837680097	0.031402916568803646
X940501	-0.003826214955155514	0.0415523322321862	0.055756750441200015
X940506	0.017043421662062984	0.046002200565338804	0.06278149735771216
X940526	0.0262201299366731	0.0073321708657247	0.006103386208217468
X940529	0.08597024755545406	-0.058271478260094094	0.11592800390487559
X940532	0.01261159929830279	0.002588117573310956	0.00011707759144004831
X940534	-0.01991107456494637	-0.0076335058587588935	-0.014586233960099443
X940535	0.01476608954602814	0.0012143925136757273	-0.007480131008700587
X940540	-0.005733785632211436	0.00956096360399298	0.016086291873959355
X940547	0.009246081379958632	-0.026398120326573904	0.01598479099749559
X940550	-0.044346101859385804	0.004421833481622868	0.01789670218072695
X940551	0.02155583269536426	0.0021546325104469482	0.018044313874311765
X940555	0.0037310894870025302	-0.001984875771815465	0.036340231314766144
X940558	0.008195937892006327	0.008432926320935405	-0.0026786391302901884
X940560	0.06936545102839105	-0.031348232739631464	-0.044196610621107406
X940562	0.043717033493774406	0.011762673336128258	0.03483870131103729
X940570	-0.03936235047604294	0.010107637743742175	-0.020124482536367186
X940571	-0.038290119043066076	-0.008381616209414518	0.03931451373787908
X940580	0.002412640946454658	-0.031941249591331565	0.022666019204807198
X940584	0.032417481491908526	0.05530785634873174	0.05452837428945287
X940589	-0.04779056887829601	0.09347524925312051	0.06811372244807734
X940598	0.004807956970449621	-0.0005951128807602634	0.008571165933161215
X940602	0.09507857900898486	-0.01836451155139886	0.09001203888391729
X940606	-0.012325121630942976	0.013160574827544137	-0.025228216450303778
X940612	0.012474109571783097	0.06301728489011751	0.055386158305646346
X940623	-0.014937339053220278	-0.006351976302627123	-0.008354173879455447
X940625	-0.06849485410447421	0.041471765825311944	-0.020005324355358796
X940641	0.010668313417807248	0.009556791849943293	-0.0035427303247115337
X940642	-0.024492567734786874	0.005029796749176385	0.004515143642021394
X940648	-0.03158431236723251	-0.05758818100755334	-0.029207323612744283
X940649	0.004008303177645373	-0.02722640468620389	-0.0039167509851406315
X940652	-0.0009341541360573819	-0.022822477868285368	0.003045746593780288
X940662	0.0010662348382430135	-0.006537135814874296	-0.011519834249161769
X940665	-0.022172552827803	0.009541518207951736	0.005126258615121692
X940674	-0.0018675390073166162	-0.01494240718171668	-0.0023689708213786827
X940689	0.14087166235908702	0.011932533112210562	0.0863755678579121
X940690	-0.011418052170948935	-0.04092269794012568	0.02151121571342574
X940692	-0.0057285966219094864	0.0395869444356351	0.018334853917259957
X940696	-0.03931291720708784	-0.01159972230446874	-0.014512086376328942
X940700	-0.023479621545584684	-0.01585637216506418	0.03441876632535497
X940714	-0.02770248420386146	0.013948869303879783	0.0008965814803931363
X940721	0.07842570991235716	0.03438277755164601	-0.06613344982772214
X940727	-0.03534408433262784	-0.007256201072601218	0.014805450242513311
X940748	0.04458158165320739	0.022651776294926786	-0.01755734667735254
X940756	0.019031005601326208	0.039493308320148135	-0.018718095892986644
X940761	-0.02944452730291142	0.017696937983515477	-0.00100284922540898
X940763	-0.00024410259316865298	-0.03911946397275042	0.008125251529650811
X940766	-0.02968766009290214	-0.012951163881315808	-0.0294213012749913
X940769	0.046426072120263194	0.04417765643416034	0.017722419348222187
X940775	-0.026196812208336456	0.004444081710208348	0.0017491800100503387
X940778	0.0014989322079861404	-0.02472108624136863	-5.15280057352754e-05
X940786	0.0009540950540523365	-0.0049695654723592025	0.011751847767107549
X940796	-0.01434941003417569	0.012376803867705385	-0.0418131408131981
X940816	0.013271706617694655	-0.009758554052183663	0.017772694366877118
X940819	-0.015109939636420102	0.00617216150302417	-0.0012893993537795023
X940820	-0.011140208155925025	-0.001991619500644107	-0.009971201061184543
X940826	-0.027264851440993592	0.04009483177741087	-0.0626994867860991
X940827	0.038584833961106055	-0.03874522153510769	0.014658985039496697
X940833	0.009767405297067659	-0.011399321434209686	-0.02043672063971364
X940843	-0.01959457684768655	-0.01392431994661925	-0.00901670595200873
X940844	0.019564477170166295	-0.0066899051185574645	0.026487264611235253
X940845	-0.011344870175634453	-0.04713809820532239	-0.020473060537781692
X940847	-0.03511123549780435	-0.04042922390703902	-0.033251916504576914
X940852	-0.016448142385559226	0.02136790267633028	-0.0017053594774070254
X940863	-0.019319063090517695	-0.03094303880043414	0.004149624556499894
X940871	-0.021912471040006737	0.025301632106565365	-0.02300453903840246
X940875	0.0006595462246339138	-0.010511805731229614	0.012860449018342842
X940882	0.005016480734586013	0.04116237689489541	0.03147341222778739
X940889	-0.007602129803693254	-0.01089413198967453	0.005125286119080589
X940892	-0.03924030457699535	-0.05303734043836407	-0.017833042030724774
X940895	-0.007116867194479299	0.006589275021076655	-0.006575028447801131
X940907	-0.02911483431366712	-0.029767098648316375	-0.03436311365771623
X940912	0.01790086824462769	0.003327237323585314	-0.01307438507875641
X940917	-0.026437245818110508	0.01608829311050842	-0.021779629275746518
X940925	-0.05418931256976969	0.028982273901885562	0.08615188114718497
X940936	-0.04799152751754848	0.06640520621036948	0.01616414834580605
X940941	-0.05127233959520921	0.016113171046258746	0.00016239657027449346
X940946	0.0011923701773439844	0.013368385100457179	0.004369204843946131
X940961	0.008362687061966603	0.003159607978935904	-0.0049272787844489765
X940966	0.0014655776317253936	-0.013224057229208122	-0.0014427591289854532
X940968	0.024401211784704748	-0.011892764556655193	-0.012440504631279948
X940984	0.0039186986345279735	0.008555881531648225	-0.021617617000992104
X941001	-0.03554923623710559	-0.0003407128173656677	0.02546342136504524
X941014	0.06370479370996389	-0.03306724794262785	-0.04291210591121197
X941019	-0.02146376752071187	-0.009679693145097954	-0.026699060283935896
X941024	-0.01637599380296093	-0.010563519352728324	-0.024788683641189916
X941028	-0.011499543139848098	0.007310750577783457	-0.0019993973469950607
X941037	0.1062709405020674	-0.014415206454274323	0.0888184141306916
X941043	0.028372352256624142	-0.01588643804660822	0.010693470813912134
X941046	0.017911228934396124	-0.02374252632662962	0.01041661511004391
X941049	0.006787686915028431	0.009790912157781483	0.007658768749351607
X941051	-0.025904549109593385	0.02050069331552073	-0.006309250137650148
X941066	-0.0020155338752580374	0.011488486804711194	-0.014612616383646054
X941074	-0.015380829005801804	-0.015634515423305673	0.01656150416219666
X941079	0.015581228930036557	-0.002599658246679381	0.0028618552230335434
X941080	-0.025725669819988733	-0.02651405744925017	-0.08848076942632178
X941091	0.012011534346753	-0.027622942108825124	0.032515392646079194
X941095	0.03570329742980555	0.0019543952771610383	0.03819803168745855
X941106	0.0014850244439058775	-0.024847017936124607	-0.0187492878144286
X941118	-0.0005405593937818172	0.006764841174184113	-0.00039781427045044825
X941124	-0.07468717001764408	-0.013195462105415551	0.0007656077206880588
X941134	-0.020811298670763978	-0.012500445027961262	-0.003617038399614075
X941144	0.01753573490280202	-0.012101206830610606	0.014643914632236674
X941153	0.010216230564951148	-0.006188691151767973	0.013726595090252912
X941154	-0.007483077214790038	0.018062532342463057	0.0001709079378454037
X941192	-0.016081205837285582	0.046765906681580253	-0.04840635524724518
X941202	-0.027148939497127104	0.01652982246598414	-0.012703319907416284
X941204	0.021308512075255127	-0.007673388033177688	0.016567004971529155
X941208	0.04605343845179412	0.0183238463260571	0.06106201379549135
X941241	0.03021028337890001	0.02210587549584982	0.11512369959629573
X941250	0.010584563517722594	-0.024889707719972315	0.021917296022703307
X941253	-0.015343713400968859	0.015554755806142817	0.005478791053066757
X941257	-0.01353483050681122	0.044502041709031284	0.0018663748758724066
X941259	0.01201554908707867	-0.016906977907627564	0.009351381986040457
X941265	-0.018016550002116858	0.049860136087052205	-0.0349824516181854
X941274	-0.0008239353097114619	0.007185676260770845	-0.00919858772639052
X941308	0.02823770156276105	0.0009519814717418632	0.008557262825448355
X941315	0.04676399092844207	0.025705520509732824	-0.0419567914723661
X941320	-0.006950172510519951	-0.002083953527333705	-0.00038387652628147457
X941321	0.02053913183730503	-0.009732233249444578	0.013616000909460892
X941367	0.01558894114227065	0.03776894089457838	0.039073037012227536
X941373	0.025043021898802465	0.006601061110221661	-0.024391993225943355
X941384	0.05608606698227983	0.007649703824988188	-0.06375311299120041
X941385	0.010666116582575415	0.0005377898035058271	-0.017467708655780383
X941392	0.07955718917334152	-0.04262722629771545	-0.09520434826160382
X941398	-0.02614558720123963	0.02891112829327571	-0.054967485923068334
X941404	-0.009293787746762056	-0.0016637912942351863	-0.017174489776340347
X941408	-0.00048777013392658217	-0.016477718334455597	0.007258249056328172
X941422	0.03264643620935662	0.006768880092363406	0.022613550804158906
X941439	0.0017065331736768482	0.0026603932258316143	0.004477655655320584
X941445	0.07460585454957916	0.016563452633832878	0.03175809038009494
X941454	0.014683905080206842	-0.002191231258643871	0.02151290785403244
X941460	-0.011994273948329531	0.042187503141066215	0.052135820577898256
X941462	0.04231157159453225	0.012562075034267811	0.016449192080751057
X941464	0.011976126945562786	0.014254604782382507	0.00019211246136161496
X941503	-0.00958205781082026	0.011389528039549755	0.006622599540075469
X941519	-0.008835634906059884	-0.012588223030761835	-0.0069768151817150474
X941530	-0.005796441982635514	0.030300558847339176	0.020276346275068635
X941547	-0.003503358177171	-0.015922197929640603	0.002215023274867689
X941582	0.09237786736704655	-0.006751258731045067	0.03452135999978041
X941617	0.004234301652618642	-0.0011553427652626722	-0.017759033950838513
X941623	-0.004883440156606651	0.0525541961159036	0.04887432150307529
X941624	-0.0018493786892011131	-0.009802047350797694	0.012475151591258489
X941639	-0.02375647760225591	-0.005187462605963383	0.018261840438598815
X941680	-0.023865645896932554	-0.04770864154073691	-0.0258546674702114
X941684	-0.0343819068892434	-0.008228109968465208	0.011062922996411116
X941709	-0.025388625867568317	-0.05301941716422713	0.04281908876517785
X941714	0.05840672066815335	-0.006377289914404436	0.08011532787967336
X941715	-0.020838472144518158	-0.02488539120938759	-0.0048650318029616986
X941738	0.010344748236404465	0.0021086278479397467	-0.00457846319459849
X941759	-0.004238700249533478	-0.004322709252376791	0.0160452094797166
X941772	0.057000806777950094	-0.03175146089795721	-0.05435290019115534
X941774	0.0026464818427140474	-0.024389116695975068	0.016555066227879927
X941807	-0.03390814826067995	-0.05026511722111456	-0.014434073770253438
X941813	-0.05058134269313487	0.028877854926757554	0.005833684464228331
X941817	-0.0042608841023168776	-0.04477273724049685	0.013729935981708831
X941887	0.03125867586331859	-0.004104827593403749	-0.005784095100811524
X941902	0.03528110450183359	-0.0006319433430232752	-0.017614039388335608
X942011	0.009438138682319632	0.002162450872490093	-0.0017755579301966021
X942026	0.023192050329126673	0.03282655262132878	-0.0437520596966128
X942039	-0.01585531024101256	-0.020763056262849768	0.004687945437790584
X942075	-0.027773785273004482	0.0020716209435878946	0.005494019260748974
X942094	-0.008515301141531258	-0.016711907940155542	0.006592815644256126
X942128	-0.010257118121196717	-0.006134361187882526	-0.010013395798729664
X942191	-0.09109150810644391	0.07362353805202218	0.044430553059577424
X942237	-0.007145826519201101	0.044849807475972926	0.06482558889673722
X942303	0.013089004796539641	-0.037329725387452585	0.025032545891007417
X942319	-0.034220655657834116	0.08124338085892918	0.019453961070417868
X942359	-0.008093219744628753	-0.019434531139106696	-0.006520471008076163
X942398	-0.015111298397375138	-0.01486815233761135	-0.0014341555122921515
X942402	0.05075971206878164	0.008101981062366393	-0.031800984120128474
X942429	0.0328285139591646	-0.003732260170821128	-0.01860422451830892
X942467	0.028024093844541843	0.01169131632142658	0.02161407211814838
X942487	-0.02831646632112286	0.03654398044670982	0.0032025720017252487
X942489	-0.014398711803305283	0.033452542878608084	0.03469238770874706
X942490	0.03361675569038726	-0.0024356970502925246	0.015725588115949325
X942504	0.01089352383757809	-0.022917481190322865	0.009272359047349384
X950002	0.0062166675337423085	0.001083122558836022	0.0016715984588210643
X950003	0.025776735372329017	0.012210243625871482	-0.01985209866830393
X950005	0.0018152563622196808	-0.014939372602347543	0.0002444427005994747
X950006	0.01454749014039775	0.01014470799288907	0.005434292597982173
X950007	-0.029391784763514096	-0.05701397656409081	0.0019183991041258849
X950008	-0.017511064932920435	-0.021186858939906572	-0.026139819670627167
X950010	0.002956081589579619	-0.015684292302174104	-0.0027472142164661037
X950012	-0.030326442683870407	-0.021414121767463757	0.012665253686470989
X950015	-0.008014780535834208	-0.0011480786864290179	-0.021084202166246423
X950016	0.004033535027791656	-0.016203383637909897	0.009944650136309439
X950017	-0.007422879128995603	-0.01245229743333634	-0.0021495993739339514
X950018	-0.008995477133769551	-0.019840838570946866	-0.001559609351647337
X950020	-0.011783102322827968	-0.0056344122073382396	-0.005794210353436948
X950023	-0.07608497389565544	0.09248248313176728	0.035199262805954624
X950027	-0.008475044756649442	-0.007469490742835292	-0.009880348944403804
X950028	-0.0889419892908603	0.10908870895529682	0.03239750743176005
X950032	0.01112375080232256	0.013389120720058325	0.0007074482917677142
X950034	0.009067795189769532	-0.006024183840347843	0.0011368224535254047
X950035	-0.008683130099105187	-0.012597744763875342	0.00420125187090728
X950036	0.009191207240576893	-0.009720379655678757	-0.005951242435813239
X950037	-0.00595455965695671	-0.02236289177550359	-0.012270628617754215
X950040	-0.00011023750488048035	0.0029675486465826975	-0.012323817435962316
X950041	-0.0010271103370615524	-0.01102297060865022	0.0006786379360812657
X950042	0.01273838850100566	-0.036040678236117604	-0.038993797429063275
X950044	-0.006638984889414241	-0.0073860938057455855	-0.024143496883133993
X950045	0.0008312394263703249	-0.006657866068220573	-0.010556824488311427
X950046	-0.01158466802392617	-0.01398666850911869	0.0028924104372772723
X950048	0.017579115690831083	0.0054078308874447294	-0.016858566079676528
X950052	0.04329812302419947	-0.01070868038697626	-0.07886180028750056
X950053	-0.0017189533551349302	-0.0017716130465549552	-0.026466875276655435
X950054	0.00031383799907743864	-0.011934458145901885	0.0014153506753443717
X950055	0.02056617636704552	0.00994175053278134	0.0067390704166337126
X950056	-0.08632577429256362	0.08883037780732632	0.035174642704129046
X950058	0.09760880890374612	-0.005805704495513406	0.038170515278692176
X950061	-0.009159695205260238	-0.011932776015417987	-0.020459821049040722
X950065	0.008047771653925489	0.00898423913750892	-0.009908752672912875
X950069	-0.016504703868612417	-0.013783530657333374	-0.008642514454582006
X950070	0.014786982773423992	-0.004136454755964396	0.021928643812879952
X950071	-0.011443024617111197	-0.002214745628775691	-0.02559787225116897
X950073	-0.029703429356063273	-0.06716816127054054	0.010227283088680438
X950074	0.003585384046640682	-0.0004438202621739422	0.01090544495189611
X950077	-0.0005232414127079164	0.008101089649882588	-0.009961107548433695
X950078	0.000984682089545396	-0.0022119884080465347	-0.016721023601471607
X950079	0.0063649203552544045	0.0015725444896513693	-0.003529295295459265
X950080	0.006219876311654583	0.0038179685941253406	-0.018336948027991278
X950083	-0.027647846673646725	-0.0012136670432693127	0.0010154820900248798
X950085	0.0016557410570376457	-0.004630137252321859	-0.005183369298160075
X950086	0.0008804612402714088	-0.0020997472255282453	-0.017488993750469754
X950088	0.013069127075244411	0.0007524736946811732	0.009774803794513984
X950089	-0.014762338070193422	-0.03975547604885852	0.00696009646533204
X950091	0.007338265084283914	0.020966447600842698	0.006357559783178858
X950094	0.0873916721278938	-0.005206432867491106	0.041558027238278145
X950095	0.0431427484505091	0.014553492273257442	0.002837163486256572
X950096	0.004646771313238074	0.003086788135369298	-0.005300325166177188
X950099	0.025763260313453093	0.07395195220229785	-0.043636663390461905
X950101	0.010431380013668508	-0.012141784596989657	-0.009779011170004364
X950102	-0.010164539291914767	0.02058120719379878	-0.010159599917419632
X950105	-0.01493053131860327	-0.028407749921790803	-0.010607378710158322
X950110	0.006162610826263131	0.002253586905181685	-0.018500522608459642
X950112	0.018816261123683894	0.005263805623057007	0.025472088346314623
X950117	-0.010680722201107457	-0.018479650272783366	0.0004833969568319796
X950119	-0.007959177740357154	-0.0041711971658507895	0.00022971516615081405
X950121	-0.019113022593193307	-0.006819517261379046	-0.008632698069400983
X950123	0.039202929788271196	0.01731025546353596	-0.0027545864909328645
X950125	-0.013713829648505994	-0.013504575327739951	0.013691106395689222
X950126	-0.019111578461843266	-0.022007839603524107	0.000329061253736005
X950127	0.033821623533282934	-0.0005506946738701946	0.008031368367364938
X950130	0.028300119802496405	0.018437204936334994	0.06300188843564847
X950132	0.012974839809053128	-0.005426474372546864	0.0009595825945633368
X950135	0.016498457082118494	0.001646191004114642	-0.010069812260568356
X950136	-0.016609207373202105	0.06539386519172763	0.02123278711781515
X950137	-0.009802012507232942	-0.0197580369125288	0.024697502761217904
X950138	-0.005987982277065183	-0.008377918277862372	-0.005755369322009007
X950139	-0.026004800454736122	-0.031436165693094605	-0.03206468484462673
X950141	-0.015943319028981523	-0.035543617231584966	-0.025519209397618325
X950142	0.03658848088618306	0.010630649052711914	0.000904365982874736
X950143	-0.021615313065712193	-0.01711865597934711	-0.003269245495174863
X950145	-0.010231568545814185	0.008564354515568926	-0.007663483480984081
X950146	-0.007043854564411229	-0.009902545062866657	0.0046750899140825435
X950147	0.01431980540873729	0.015603391984307314	0.00757383605752327
X950148	0.04887421849258277	0.005014760309371937	0.014749721613977201
X950149	-0.009090511354098326	-0.010675374371432369	-0.024536557562795137
X950154	0.0005735801865438782	-0.005236743745236837	-0.007391420094830807
X950155	-0.017080293158049646	-0.01468518426910235	0.007703743353182051
X950157	-0.11361806205510167	0.08932275763678577	0.03850486708341548
X950158	-0.004335816286706877	-0.008842909947094621	-0.0023236707877417264
X950162	0.005003898649788531	-0.008267058122034097	0.00986628766856201
X950164	0.002383337920508013	-0.002852937524818015	-0.01529927149579687
X950167	0.033516672505523294	0.0037507924674956812	-0.0289153231682871
X950169	0.0030424708690388754	0.006844851465537518	-0.014979047281166741
X950173	-0.0740859497353056	0.04476370811366626	0.027700244022531254
X950176	0.002271051106263531	-0.00559701404301067	-0.006396207720959048
X950179	0.03441177953149655	0.008541977797998354	-0.05357640715959355
X950182	0.0024787896531910793	0.001711272129174116	0.0052652468825287214
X950183	-0.032054782124411804	-0.022658240512360303	-0.01709010255725228
X950186	-0.010401257736172263	-0.04138605340473207	0.006397939596851938
X950187	0.002776196055529965	-0.006081959497815308	-0.003048166398519978
X950189	0.026168254030529758	-0.007507727475805647	0.009872700612688646
X950190	-0.017022464420393013	0.05407999036717556	0.05228955840136014
X950191	-0.00789973342631831	-0.009944897854322834	-0.009314799996911153
X950192	-0.0405854901612578	0.043634650524577615	0.026875153061355538
X950193	-0.050645655210711245	0.09140318792210933	-0.005483156261121618
X950196	-0.02919663450899925	-0.00271193492500738	0.006872234324978887
X950198	0.009261857825993541	-0.002253877730655597	0.0145889406119834
X950200	-0.005676417090143834	-0.011701515174883137	-0.024124765657079553
X950201	-0.014398702182447123	7.112330367457228e-05	-0.0041869524558677115
X950202	-0.012033646870176983	-0.004078398239378096	-0.002684829808960114
X950209	0.006048084901801421	0.0007474324808247912	-0.014841320139716818
X950212	0.018347483677782103	0.05199995854036312	0.03130773840200015
X950214	0.002782981112481288	0.004689469025899511	0.011911494971172472
X950217	0.007238412491562271	-0.011264107292660624	0.005429918298060882
X950218	0.00014143797885236514	-0.007683812932109455	0.0011897644870833865
X950219	0.009789056260639764	0.0046000502511187955	-0.009780189560810785
X950220	0.00933867813190258	0.007765143235858058	-0.010345069837471172
X950223	0.006904189940170583	0.02620585511774792	-0.008712048685297282
X950225	-0.09791358835258245	0.10472998397023056	0.04386883408919954
X950226	-0.0016067836729189667	-0.018836771767031888	0.0007310625008591595
X950228	-0.059513945765061776	0.11647272100291928	0.05143527255401559
X950231	-0.008004234084062516	-0.025617395416917637	-0.008032235890933926
X950233	-0.02895031491115094	0.05829182284895413	0.03368782831686676
X950241	-0.006150239172293308	-0.0035915710537339613	0.020534334530100378
X950242	-0.00995155649024599	0.015156633244272641	-0.0012860673566052387
X950245	0.01921714556195521	-0.010135680215560971	-0.03063992756758269
X950247	0.007054877253647932	0.007825355551574993	-0.01496054602501848
X950248	0.007774813336208956	-0.004793883150475244	-0.0025823561897848125
X950249	0.019640339396793077	0.014697448806337875	0.015014384874117229
X950250	-0.020048133472086713	-0.017994421814238406	-0.044200349069969926
X950251	-0.0030754500966753613	-0.005816019620519325	-0.004555605529612729
X950252	-0.02587226119006704	-0.0063159398895361	-0.01659877724060702
X950254	-0.04551037944806034	0.027019009116406634	0.04532442544071949
X950256	0.012895330910109876	-0.011430452743909848	-0.008090382420776265
X950259	0.006659861478356984	0.00027688252189323983	0.014981215498672613
X950260	0.002545337684364386	-0.0016824982137579657	-0.0009725137462593543
X950262	-0.03064527606796784	-0.045731641276846924	-0.05366919124156405
X950264	-0.01800370271052365	-0.016742941462685075	-0.00809532870824237
X950267	-0.008360133879920456	-0.015190381194796028	-0.004836444932539713
X950268	-0.0029144842467178846	-0.026924418631644575	0.0012047553990616668
X950270	-0.016962114203564322	-0.021970920490518665	-0.001973656157243017
X950271	-0.012149754151341846	-0.013066081508031917	0.00019755154652600888
X950274	-0.007559833059353758	-0.008382320129259694	-0.02239078876947162
X950275	-0.02123610911598056	0.02724567513681471	-0.009644546084086821
X950279	-0.020530900726181477	0.02877136009743248	-0.02842045719111004
X950280	-0.011857889162641638	0.004113716167605875	-0.006357416069951369
X950281	-0.02628491902733911	-0.00382502750365032	-0.012894251027060898
X950283	-0.005187509759357406	-0.021544249857315154	0.011307746296972045
X950285	0.0018285591097198753	-0.013848815610804557	-0.007121240139594551
X950287	-0.007671951988035316	-0.00012035950347200996	0.006044587516662727
X950288	0.007408852991540363	0.0023751046944315932	-0.016805207023877413
X950296	0.010795197409281374	-0.0010032849324841805	-0.013715467529638342
X950297	0.02356761535380181	0.004949322127633922	-0.01629069986574695
X950300	-0.009283054290842113	-0.025731246685018225	-0.017995501853672935
X950302	0.02864184847038059	0.0033616084000779372	-0.02747713360722992
X950304	0.007998636299266	-0.008168432193118365	0.015792706024432907
X950305	-0.006321947714013807	-0.0251503937483041	0.002629420721715846
X950306	-0.002546327592419643	-0.016405142429343454	-0.0002965910414413613
X950313	0.007638896799743761	-0.00534778884726596	0.0018137869175016371
X950314	-0.0018280107139239778	0.024977119952750072	0.02015992419094951
X950316	-0.002065119512966074	0.0026573824363020754	0.03703139838500969
X950319	0.002674646837915776	-0.007043900095819698	0.005036684837455155
X950321	-0.02958577887434236	-0.0018837705096041788	-0.006951712318911083
X950322	0.02177017229846755	-0.0077338198462622255	-0.004369825176143579
X950329	0.012896563277676285	0.008458553165614705	-0.02635092216722954
X950330	-0.014924874854249218	-0.012381524794598829	-0.0005827742735297188
X950331	-0.011043597108624419	-0.01636906504678243	-0.022859462144890687
X950333	-0.02795504790233084	0.0002534137369724392	-0.001335877327452454
X950340	-0.002075902483248831	-0.031241530506687386	0.007166044952638348
X950343	0.002683505553394162	-0.00014590279952794244	0.004358019039722759
X950345	-0.015507859536125322	0.021451052676099654	-0.010015870043860968
X950348	-0.004862105156329758	-0.012803548655064757	0.010544199219665007
X950353	-0.011089507715735464	-0.011036207274481156	-0.013637539696824817
X950355	-0.012396254190309288	-0.011227898886209394	-0.016338325930197666
X950356	0.009895721138024173	0.045702398998480866	0.04662662661878038
X950358	0.017821910397065824	0.054710625205648365	0.023525328643168367
X950359	-0.01036792957533625	-0.013931014265447897	-0.012544083823495939
X950360	-0.015997376272894177	-0.012417807988193938	-0.008589617164868104
X950361	-0.008395114763103586	-0.01016311512154308	-0.008024675916375994
X950375	0.024838162834046097	0.014231491514480726	0.021075421014201245
X950383	-0.0036290498817715547	-0.03362572297566717	-0.006027355811399001
X950389	-0.014031432503443778	0.015762242491197353	-0.009020384333750036
X950390	-0.020756051950947502	0.0008510857964005073	-0.006120339640922264
X950391	-0.001038323233110224	-0.005155363165611397	-0.01540928205310902
X950392	-0.006153534531633282	-0.013687571861708447	-0.006035096098580623
X950396	-0.1254110676419469	0.12620744417936264	0.03555865167755873
X950400	-0.01216172123296823	-0.017360959081725625	-0.007665578201543745
X950402	0.0024447381843392124	-0.007679611766935518	-0.012819643449051224
X950406	0.009023435032341926	-0.08511909010688593	0.14930757868708178
X950409	0.0015127706637794644	-0.015840134793086953	-0.008996360129132823
X950410	0.010050249962275035	0.01764392613285126	0.0072473727351881935
X950415	0.02131914787586416	0.1227895865367042	-0.06492648488198506
X950417	0.00647802053707701	-0.013515810968284242	-0.004829113634803983
X950422	8.151676472521197e-05	0.0007591215880363564	0.02670150096701996
X950425	0.0010229364040075248	-0.01055202259966568	0.016549929717026752
X950428	0.052952220557200745	0.01070253988952059	0.026794965835166946
X950430	-0.0211308022744038	-0.011193738920887975	-0.0021723250641949273
X950432	0.00039451104864526236	-0.0014650676709179686	-0.020351857245586556
X950434	-0.00929101986333971	-0.00252574280407032	-0.005552215923615903
X950439	0.0022652181561446205	-0.0061530006544315225	-0.01398061713678575
X950449	0.0019061493488523671	0.014147020650620547	0.002669133685934239
X950466	-0.006836630811424687	-0.008440732114894807	0.013835334603573158
X950474	0.013622035627445862	0.007031373275336615	0.003622868214990837
X950477	-0.02790694292309446	0.008249796125249653	0.022378092497300273
X950478	0.001980972322963388	0.00253366196428384	0.0001495098649574472
X950483	0.003768955956959066	0.007617763876858358	0.01377263198319534
X950484	-0.019785083569928134	-0.0006865274352005063	-0.006863950969521742
X950485	-0.07353413865324916	0.035207333801721065	0.061672293937567284
X950490	-0.021509415967510038	-0.005482909949144507	-0.007571761712896836
X950491	-0.012480273899650455	-0.016642139214504515	-0.004537858953766349
X950503	-0.0006120472889583323	-0.012193137488167551	0.005286698095626036
X950504	-0.0063812450104839035	-0.02091901057078318	-0.008954701671138156
X950509	0.010107066212983379	-0.005042314629814192	0.004763911134571887
X950512	-0.010605189400790443	-0.004709517760780457	0.0031759124730896997
X950513	0.0042417176149893605	-0.009490846522952977	0.011873464882620094
X950516	0.0055169894811814444	-0.0019494418055258401	-0.006538428080670643
X950517	0.001190530836703155	0.00986324604029132	-0.0039032722201537903
X950521	-0.031700522019273106	0.004137176040463877	-0.012980179140339332
X950525	-0.005516576925673136	-0.010919391789502068	-0.01721492708864305
X950528	-0.011997565714467837	-0.016673218580089702	-0.006888081726219404
X950535	-0.007486902600521518	0.010343544406627327	-0.0033528265132496383
X950536	0.0028769392837028345	-0.019107119893746482	0.000941883116934901
X950545	-0.008765158448174245	-0.004339810529768301	0.0019246280777232162
X950548	-0.030034772192438677	-0.027995851565456184	-0.016692592802571026
X950550	-0.0014156539407564677	-0.014782995180632185	0.013847572639709238
X950554	0.0431003740134878	0.04456057362288628	0.03317872088044713
X950557	-0.01919879622678445	-0.015840715620383625	-0.005621219195926153
X950559	-0.008926204179839109	-0.004364346930080557	-0.01181615887444261
X950563	-0.009961669873489561	-0.006001109113625513	-0.0028994760077311306
X950564	-0.023734561572239448	6.816864776290598e-05	0.0005359780056803161
X950570	-0.017896498985755373	-0.008789493151817325	-0.0012325023043583694
X950571	0.012659143491131519	0.07038102524270426	-0.06108203157766782
X950572	-0.005546651186810902	-0.01501505738934109	-0.01183796084809041
X950577	0.009164054146976538	0.0030200565578164685	0.009710868901826382
X950579	-0.02691665674104416	0.025589815779236795	0.011659317932624287
X950584	-0.05812085412526116	0.028967985483242226	0.06058906799429663
X950592	-0.008250201031567364	-0.010806636144953963	-0.004520417897543075
X950593	0.0008972298838989643	-0.00613436912888755	-0.0027944283474984435
X950594	-0.02160610211950484	-0.029346122787167025	0.0060950004202756924
X950598	-0.012266551087486869	-0.012015737275919073	-0.00033742300184567416
X950602	0.003990516153391487	-0.006170213085328864	-0.0023808605704220133
X950606	0.030863246195922157	0.01615931419712794	0.015351190610350842
X950607	-0.03326010544849427	0.015230208165342157	-0.025430817704814604
X950611	-0.001269038318697642	-0.03095186271772611	-0.0009277836291579937
X950613	-0.0024349942169206874	-0.026700635572065593	0.0010210311014480235
X950618	-0.012755247923987838	-0.014334363071985916	-0.02576906000856404
X950632	0.0029710419440778005	-0.006254462127091671	-0.0018943228786674436
X950633	0.05371054043809248	0.011308165563495997	0.022804966482434387
X950637	-0.012507845289414067	-0.02536415858197765	-0.008125457124875335
X950638	0.00026116202700901384	-0.02590985638081843	-0.0011849381079459826
X950641	0.0039057181347851334	-0.022385744075181686	-0.0029375861918569503
X950642	0.008752179716249881	0.002342090377282636	-0.007835119127784538
X950645	-0.017182871219463988	0.001373451686611679	-0.005343571725708811
X950649	-0.003522707151920683	-0.0042560464515050125	-0.01290996382576057
X950653	0.006486638876761101	-0.019710641487203213	0.006540382260040178
X950655	-0.012418859589856373	-0.001962906896446449	-0.010296232939360673
X950657	-0.026700281259495903	0.007294944170242292	0.029432072135303126
X950661	-0.035611902814170086	0.06684332929719053	0.08669267079449725
X950662	0.028739885152600186	0.03270122481727628	0.050113328552322985
X950665	-0.006556417675409718	0.00928717050851327	-0.005144462402017818
X950668	0.014589850099433468	0.012394313180138497	0.01591253842008187
X950675	0.0010279441202401026	-0.0004921916907278448	0.0007656076285765635
X950677	-0.003987762555723283	0.003685582967216732	-0.004037770462828204
X950680	-0.01381024225286775	-0.010264820568577119	-0.029954625691816957
X950687	-0.015867379363291814	0.026666868215013753	-0.01545082960566238
X950693	-0.017417066483366224	-0.001605506557566789	-0.0002912661203624243
X950695	-0.005225189181655326	-0.005879865922275622	-0.003418691834409136
X950696	0.008422250275001432	-0.015014572199202015	0.01471541430825045
X950705	0.00024035453966144357	0.005251554790411226	0.017281739019190376
X950714	0.06336836682387992	0.03488738030576306	0.02419021201182449
X950726	-0.037581269622400014	-0.045783174225132776	0.009686384752333325
X950728	0.008669601067809524	0.015435288797459243	0.045233638284952284
X950732	0.0016902151802727571	-0.006814868601355215	0.009750865147441641
X950736	-0.013425378131757551	0.005441651682494803	-0.009868319640127177
X950746	-0.008998424944943269	0.0071844385316123536	-0.008344417022065249
X950747	-0.014377692622761335	-0.016063161035090742	0.0027967112896166244
X950752	-0.010806691046261736	-0.015010078301520515	-0.00909471663818664
X950757	0.012225314081390033	0.002568688279301198	-0.0023879461485731366
X950758	-0.006794968725767321	-0.0021605817826088366	0.002098890910114482
X950759	0.0020624355392146834	-0.008986802502746485	0.011079062603112309
X950766	-0.009258462004072925	-0.0007778096890890993	-0.001261558178289337
X950769	0.029661278165057287	-0.004236420545361729	-0.04761998606815749
X950782	0.017466475514244247	0.008187877726652516	0.013348113944675001
X950784	-0.014636925540756258	-0.010899606722267991	-0.0015188209092424777
X950789	0.009445571140283843	-0.0028219543567866673	-0.00336739363525811
X950796	-0.026525467832558085	-0.023876271899272362	0.0024915757452163385
X950798	-0.008617516226141509	-0.035620242789181196	-0.0108245881883931
X950799	-0.029244136944673482	-0.00527182413301796	-0.01092108747383259
X950803	-0.015994438801755304	-0.034825939906941626	-0.00021140125391170208
X950804	0.000355279781153464	-0.01737111330926083	0.0024247286983267906
X950809	-0.010654077345861762	-0.022954511632751893	0.0020005008186111707
X950810	0.0012455410587439665	-0.004351031524209324	-0.0017899297586249057
X950813	-0.015368418015490841	-0.016557445475779937	0.0253528560118383
X950816	-0.0073361561926975835	0.02683406625599963	-0.035363848453660376
X950827	-0.014811278858993516	0.027946549205520158	0.0034384193318486743
X950838	-0.019681969980587837	-0.021097911294960296	0.00238614280050223
X950841	-0.010718653198434696	-0.02854837102575257	0.013658636690294329
X950845	-0.004761591841144932	-0.024739750706829752	0.025768367084210916
X950846	0.01621731125281174	0.005729770542568213	0.0015705797687595065
X950851	-0.048958307763197255	0.009923697724431624	-0.01861079296345195
X950859	-0.013785113075529572	0.016485031450620902	-0.011718603908653882
X950860	-0.018305428384326423	0.04868917566385188	0.00403921117414271
X950869	-0.008444666518611392	0.015196502158036848	-0.017579586706098826
X950873	0.01076054099013836	0.008757352844838969	0.03289824186032249
X950900	-0.014424901692777962	0.027744894449759326	0.006679619088051153
X950904	0.007844753149372096	-0.00922605430481956	0.0075824046431403926
X950906	0.023481758358648953	0.02017318463594989	0.0032121433462214922
X950911	-0.011675205442086098	-0.017620622504807646	-0.008569827745564765
X950914	-0.006071393029220284	-0.007528834009926538	-0.03417339788376277
X950921	0.04593124398117218	0.0014701991622625451	0.031146191891873887
X950925	-0.019995195345805152	-0.04114582009617059	-0.004166357841705111
X950926	-0.0229358923812829	0.022993947276484822	-0.019563824289232878
X950929	0.012597624663877467	0.006619236297086126	-0.006463572284958895
X950963	0.012913904544588444	-0.008484987657339738	0.014502141194521331
X950966	-0.012005222336725546	-0.009305384703448293	0.006631011434776232
X950968	-0.025882977449820804	-0.048914404453675564	0.001759338768805248
X950987	-0.003433561722912694	0.003308647170578109	0.00261647379442703
X950995	0.028677458260202127	0.0006758305009243617	-0.000495928120087963
X950996	0.016354459248085394	-0.002728269278090687	-0.004134760232788264
X950999	-0.06447682797689445	0.05355952868159517	0.006751152516880031
X951002	0.0093772976069081	0.014546463190798076	-0.005859144043441627
X951018	0.0029633350134525348	0.002975892209725898	0.020826604112899758
X951019	-0.00043745851848757346	-0.014218304439930171	-0.0049512454217752275
X951027	-0.021011693980076945	-0.020741463638141507	0.00853671217047732
X951030	-0.004866689544133529	-0.004029899095695851	-0.01953826508381404
X951041	0.006543203862354787	-0.011679360355836945	0.015713488058988197
X951051	0.029484058154906775	0.01790419593963662	0.015758406054874986
X951054	0.0027009834120442443	-0.002414674988156879	-0.00734030108956928
X951055	-0.010153470632581322	-0.009083376320649983	-0.010857673456706109
X951067	-0.006401382855443535	-0.008601104190227492	-0.007727980381392642
X951071	-0.002725076292355086	-0.02226296007344579	0.003620700919326469
X951083	0.025292006012409995	0.016903362606872842	-0.003964563498154272
X951085	0.023975051784641255	0.013335879911174487	-0.01222359619176646
X951115	-0.011730147554096666	-0.009140834474615396	-0.002694799806688808
X951141	0.003156122128604426	0.02695543175421368	0.0002371750314067341
X951144	-0.0009419858709315661	0.020275284252565775	-0.009778216312935429
X951150	0.022264005605516436	-0.006864543524814124	0.029209377746287447
X951151	0.0123834368788709	0.007361034272626232	-0.012897880403922687
X951154	0.0013206601661547293	-0.0065955548038596256	0.006245064119502277
X951156	-0.0055772359066126025	-0.017643794070726436	0.003011469063767004
X951162	0.0009981023733738675	0.011019695135043	0.011090597375756007
X951171	-0.00027465019157091997	0.008634354265636099	0.01746844121386201
X951174	0.01969667176497794	0.023382436892490102	-0.006472964308964602
X951242	-0.012742232989657822	-0.01012873080703895	0.0036335112959453666
X951273	-0.0021618137695802748	0.003660244530512792	0.0067215031976303255
X951284	-0.011379208920896212	-0.016427829842173735	-0.003400990290965414
X951317	-0.018133810152355028	-0.023938669051508106	0.004544635894196211
X951318	-0.022385147341458324	-0.0033273185448503724	-0.002155355954348134
X951322	-0.011934013760076764	-0.01601245767608162	-0.013590022335243963
X951337	-0.02228804469564466	0.004219551204443367	-0.009140992325657151
X951365	-0.00025400389532646573	-0.03345290298226508	-0.022603980246002558
X951409	-0.007251954575151319	0.05413270043448075	-0.007783641580659508
X951429	-0.011803670017438601	-0.01841253592989109	-0.013237407259109601
X951457	-0.02246047670939039	0.022472509718819717	0.011140261014233963
X960001	0.04352285389995964	0.004538679551028633	-0.02641657629527244
X960003	0.004896426821712188	0.0033083412743208722	0.015038827516908044
X960004	-0.004173195593158864	0.015142310669938342	-0.030038861497261576
X960005	-0.001032499659344122	-0.0075582036116716355	0.01258854983882444
X960009	0.011828774555040233	-0.009039392107198816	0.010619099979122982
X960012	-0.014956863689231409	-0.005220060709532492	-0.006186894762521885
X960016	0.03313215331230524	-0.03478501820952308	-0.042297239857216215
X960018	-0.02385487717243021	-0.02923454781928886	0.01533950018553941
X960019	0.03260565517342897	-0.007408961822123196	-0.0612655474617035
X960020	0.006644961395962392	0.01663428133918299	0.020222839185676574
X960021	0.017582498317084104	-0.01861892756406429	0.006765990159486429
X960022	-0.00034070381686229377	-0.010466271610837933	0.001920586752182936
X960023	-0.021455165127203867	-0.03777981459936639	-0.030156366375970738
X960025	-0.011915008651288887	0.002637261525072796	-0.013487849840903478
X960026	-0.012376573777767508	0.0025228594669766927	-0.031183659037058657
X960027	-0.019068989043735253	-0.012295186612617179	-0.008226486528282282
X960028	0.0018716985519746884	-0.03301269029206199	-0.03633081477111639
X960029	-0.0007307005171208855	-0.004390702599904501	0.017971288686679056
X960030	0.008292104209781522	-0.007303110998685711	-0.013795100277743172
X960033	0.035398408007546324	-0.014511119542816059	-0.03821747740502189
X960035	-0.05366191190333791	0.08119144164988586	0.03231197497065097
X960037	-0.036842152866520955	-0.019595094715168286	0.008908504450996637
X960039	0.00039133776728729155	-0.015092344111085775	0.006320001912277032
X960040	-0.014487901759986382	0.031087513859484873	-0.00016356368843556363
X960044	0.010484066519066018	0.012596649815675699	-0.010852464455312478
X960046	-0.02503252600463531	0.04884363822693612	-0.055846840954728465
X960048	-0.005444504605354055	-0.008591436463197917	0.07599849145694235
X960049	0.024993443418148478	0.034221433241261444	0.007761644584342439
X960050	0.018270959004923062	-0.002026500461954248	0.015615917567949089
X960051	0.001986006323004662	-0.028670469462797943	0.0036061984475987898
X960055	0.016991217104052467	0.009830701262764007	-0.010062176164144374
X960058	-0.015501432171482489	-0.002676654088567699	-0.016539744288921687
X960059	0.02115757602609991	0.007523254801766915	-0.02075907340503579
X960061	0.04849161719227787	0.0023285678508046482	0.0006600488930257215
X960064	-0.006248163028604409	-0.020083842250981147	-0.006643893953671792
X960069	-0.004301830312419062	-0.026407715252200075	0.006452968199927038
X960070	-0.00143960490325581	-0.0029866770870444585	0.006766850185603074
X960071	0.010571523456900508	-0.001505435119729586	-0.007648022670152756
X960072	0.04118309920180923	0.013465496629433553	0.006923836322013613
X960073	-0.009619475824464487	-0.023329082067228276	0.007830458891802056
X960074	0.027177570392118548	0.0034114532024144928	-0.030522125610996285
X960083	0.0023177365429026494	-0.002422059094090774	0.0005254454167163738
X960086	-0.008723288018231868	0.07485896551239088	-0.07220072595456312
X960090	0.022012884690917143	0.004638723944648756	0.009284553751289299
X960091	-0.02687060997438886	-0.0178533275445462	0.016857630396553854
X960092	0.027044446637053184	0.00395437391068213	-0.008169129699210834
X960093	-0.0064262604436985836	-0.0004122738149933021	0.01527176359862912
X960096	0.013972252659288975	0.02406696007092871	-0.0071295344732664806
X960097	-0.0036420583354766557	-0.005518277017972812	-0.010005303290587641
X960098	0.0012636180558373616	0.00046784874426349316	-0.012477714520905542
X960099	-0.008729311218022937	-0.014038205304614809	0.00835663481193243
X960102	0.0252419759866676	0.006450450697063314	0.03487677614151863
X960104	0.027990238530111324	-0.0006820026856072452	0.022628239991173884
X960106	-0.005445699886540576	-0.010720879752443053	-0.018072174330563906
X960108	0.010592874719141183	0.006799527041450067	0.010942046402312368
X960112	0.003234897000359941	-0.011118288766636734	-0.04242451838568762
X960113	0.02164415747705192	0.023545627619602955	-0.01237788909530312
X960114	-0.01046017549301723	3.0136588867962192e-05	-0.018571894980235266
X960115	-0.009131420191426116	-0.0014629173075247786	-0.01386386253064582
X960118	-0.00603924686338113	0.01785750506766924	-0.007981744179612373
X960120	0.0061602367554398985	-0.005569327208157807	-0.008708961759931754
X960122	0.044610080502756125	-0.009990305105487282	0.01591164685245194
X960125	0.026865985858751378	0.03110119276755749	-0.0050648072395364455
X960126	-0.012297142748268812	0.02875990350495579	-0.0004842711165677631
X960129	0.0012441995532797032	0.03363009109557048	0.03131421169414376
X960130	-0.015485341145904769	-0.009263651108891146	0.01647564328531435
X960131	0.02463238528333272	0.01668991700644489	-0.0033105437378287586
X960136	0.026109992359895633	0.0035103909346717883	0.005885612153149916
X960137	-0.006879167157706874	-0.014232807416424745	0.014949035710004806
X960140	0.018185439225386547	-0.0014423571428758258	0.00149147663731751
X960146	0.07700720843213843	-0.03663373409883312	0.02817464272353885
X960148	-0.011291331292231267	-0.0066649294303861755	-0.01010200665616348
X960149	0.013536039036983843	-0.0027612740420105545	0.014309290720387582
X960152	-0.02855763879334526	-0.0020538597625337236	0.009126364829093545
X960153	-0.0008025599488533614	0.027033514556476144	-0.040748564077185634
X960154	-0.014754103470668002	0.044247202979961035	0.012430397058662725
X960158	0.0965669665596624	0.01933888171625933	0.03237839431298897
X960160	-0.013371663987365478	0.00945459669789567	0.021596632621010414
X960162	-0.002698322792701545	-0.004451066433457228	0.012023294470770184
X960164	0.008529841859727445	0.002088629296472037	0.004947023410241723
X960165	-0.02655905615101666	-0.026222734916521072	-0.05508026128915756
X960169	-0.0025504552440397707	-0.010146088988275978	0.0016968662277735043
X960171	0.012785741785287075	0.022055596464795133	-0.001359305563714038
X960174	-0.013521125580891575	0.020410488500031528	0.007251845150101321
X960175	-0.002121296944343886	-0.003631351931345072	0.00823624349655731
X960176	-0.024913668540853463	0.00811528512292062	-0.014498426534647679
X960177	-0.033830047231296304	-0.058207696997732664	-0.04588362001277616
X960178	-0.024737780608158785	-0.006544123522374104	-0.0017235184421242617
X960179	-0.006286320425826784	0.0031371901590220522	-0.00969566056137559
X960180	-0.009590589051116212	-0.027049931771831348	0.042218024117089685
X960181	0.010270607248222912	-0.01737247920152348	0.015006580783159987
X960183	-0.03924886271848762	-0.02313351274957453	-0.018278864423848348
X960184	0.007704592340013057	-0.02203629044737644	0.012572548545529872
X960187	0.038843800096111186	-0.002682703324006887	-0.016573650557614113
X960189	0.013632662277018318	-0.05554549886243529	0.08183234574946677
X960193	0.05188315888836968	0.08068607954317293	-0.028303277061923423
X960194	0.006546210760422128	-0.002149852759517598	-0.07244994332497111
X960197	-0.004238146186064061	0.00913807739420118	-0.004851880213072519
X960199	-0.002785480926992156	-0.0008505316556495532	0.0010952632494737773
X960203	-0.0026375582703843793	0.008423132774999443	-0.006756349147162496
X960206	0.0533873303274298	-0.02738968106543946	-0.08047397049332271
X960208	0.00830578728285192	-0.08872149260072304	0.09475899005560261
X960212	-0.005575448173287869	0.0068873636899499996	0.0068071457961198486
X960214	0.027138921416704178	0.002697975497433405	0.029715321065257396
X960216	0.004853108239055669	0.00608876570166802	-0.0038467759971805397
X960219	0.025365490016181432	0.010304398721617845	-0.006247624117578564
X960220	-0.0007861018794723377	-0.025147008117601302	-0.023794005996278043
X960221	0.012242208348734546	0.021281604953436326	-0.015579623115855215
X960222	0.04354478853544531	-0.0006420910595062834	-0.06676969063632608
X960224	0.0015211217882018788	-0.011429477220932108	-0.0023516482827503726
X960226	0.06894338944309843	-0.02025757383792997	0.06848469346045107
X960229	0.012146656646384752	-0.008333863356205144	0.0015439329215439462
X960231	0.031777168791072466	0.025376499898873146	-0.003745778565507692
X960235	-0.02410369644777237	-0.01358229725452134	0.04315178027389036
X960238	-0.021646201460631002	0.014413972270961214	-0.02173302073602964
X960239	0.052127829601947076	0.02227974364361646	-0.03161954670216807
X960241	0.009859040704614826	-0.01347289244468888	0.009561016959706072
X960242	-0.10148232558572295	0.14518377445760977	0.027793323325131302
X960244	0.013353215217058352	0.009785941367360697	-0.019686790467261343
X960245	0.002999675322015157	0.02502678429592648	0.031706188100120276
X960249	0.0009814630408145639	-0.02455068303770627	0.012803683466813466
X960250	-0.0064266728472776365	0.003852937489196732	0.012004437963945657
X960252	-0.007829450669562626	0.009211504209086976	-0.019536870678226383
X960254	-0.004104715346980574	0.004891022612308534	-0.003858921149967889
X960255	0.0003880331062859	-0.01228022118130221	0.009142414425093165
X960263	0.009053466115214494	0.0036189745443750932	-0.0012430845533504948
X960264	0.010166342639193107	-0.005248290781125233	0.002898794861388611
X960266	-0.001173465719934062	0.011462169150227028	-0.01674347576060432
X960267	-0.0037446478887498418	-0.0014341511438582526	-0.012918061762002641
X960268	-0.008841004895465954	0.03106214899519387	0.022501871814778248
X960274	0.015674155328302828	-0.003098934308975808	0.0017980843106502743
X960276	0.0023403627135776036	-0.021754625389144928	0.017771296982812348
X960277	0.017278347404588796	-0.03743225151973781	-0.02580517576242301
X960279	0.011834714812271932	-0.007389214717793121	0.03272868303431314
X960288	-0.0058412162740410665	-0.0012429885354218917	-0.007006362558998799
X960290	-0.021475151668121452	-0.010526463540958729	-0.03113042833108055
X960297	-0.0010396421536417843	-0.012601742492070762	0.01527519578317328
X960302	-0.03955515081086242	-0.052431721292793027	-0.029007523951484617
X960303	-0.010643505091293868	-0.0006143014744859021	0.007704261699337449
X960304	-0.04977782600584248	-0.028913385746607054	-0.0035886654322388246
X960306	-0.03770760874511371	0.030209248641342168	0.03999912315205031
X960309	0.008746493172638259	0.01852697729395544	0.051485150050957246
X960312	0.011089847701563595	0.04766790387612406	-0.0050038421204315715
X960315	0.0023371525344648664	-0.0008233120177286011	-0.005518039147106874
X960318	0.0327836538252655	0.05356067424697547	-0.03377209908663798
X960319	0.02388437736935923	-0.022276441544050486	0.030261892362086804
X960322	-0.015101343439921476	-0.011739689606339417	-0.014159389981912284
X960327	-0.004515052904222396	0.001063748497376678	-0.016313952144486096
X960331	0.013617477236390289	0.010812701329840548	-0.023279300820767682
X960336	0.01081525697995392	-0.0028716737605455783	-0.034497640229335554
X960338	0.029092686891138503	0.023370072280971405	0.01831817960996593
X960339	-0.004861482797826611	0.015354900683614725	-0.0014872502028683138
X960341	-0.007872548980496377	0.013130470318296044	0.00924932066557853
X960342	-0.018477706582021008	0.018589280402111566	0.0035633410121028233
X960344	-0.024009276533598793	0.04491336291705356	-0.04241074674655974
X960347	-0.003687812305866975	-0.0012970228044569306	-0.011504073337747042
X960348	-0.0031839825116066903	-0.012085718601458812	0.004149497200880355
X960350	0.005601007062854185	-0.005921008419725938	-0.008149328500417457
X960351	0.0020543773121143726	-0.015772747043759736	-0.008202209516278147
X960352	-0.017318072872419224	0.03218020042772291	0.0028486492642387103
X960353	0.03875766024138085	0.008788204251698593	-0.014291436229719727
X960354	-0.007686046485915686	-0.011954661143989909	0.01807903327180584
X960357	-0.02355299270542038	-0.03847251549686948	-0.013352952185176504
X960360	-0.014174430627274578	0.0894080956363733	0.009303132202048594
X960362	0.01858939735032796	-0.0005557322473657954	0.012401866725324335
X960363	0.006694441196984904	0.005912825378137757	-0.040661755570789215
X960365	-0.019740798249366365	-0.012573561354882	-0.02445520733543293
X960368	0.002004552584785842	-0.011423611707114404	0.0024418751041900486
X960372	0.0006852487032838863	-0.020475879283524692	-0.042168608723009766
X960373	0.010429406813345574	0.0006106018137392659	0.0039746459556756425
X960374	0.006823669938570571	0.07765472146931363	0.005907160133060589
X960376	-0.0814908187545455	-0.003757182602663836	-0.007135249168812331
X960377	0.010686935242146488	0.006910055090927044	-0.010243744256214316
X960379	0.004257132335751478	-0.006295702341173886	0.0052090771252229235
X960381	0.04144455985054014	0.013361177088246154	-0.011533469665862224
X960383	0.01782188054722319	-0.026148231500237797	-0.03300065697370409
X960385	0.04995065009153575	0.008957433816217	0.02443602836752584
X960386	0.02543777651484052	-0.005260097203810149	-0.07471505176184552
X960387	0.004416176509041123	0.01583347504352841	0.00977352284443648
X960390	-0.02227459687309889	-0.017683678958452055	-0.011433459689126712
X960394	-0.03315212260339432	-0.034765695157550736	0.013711536429260254
X960398	0.036271639698980965	-0.011855789525236147	-0.005701199373708783
X960401	0.0061403615947498704	-0.028381483452203423	0.04749694186628415
X960403	-0.014831447804003368	-0.01632839382444046	-0.015623835170479756
X960404	-0.01200554457788485	0.007240672143671183	0.008737588928622584
X960408	-0.049102957624041446	-0.07805615809700617	-0.003956107550016512
X960410	0.03739396168817372	0.025772428489812975	0.016701299039028214
X960411	-0.03754816727347341	-0.03495896632454178	-0.014475456437616016
X960412	0.024505706577743445	-0.010952707198197067	0.0010924204116888338
X960414	-0.002494671108433605	0.036376219460589145	0.02340587154449581
X960419	0.010222068735868709	-0.0006027502399224285	-0.0025145179471286866
X960421	-0.1195778532695699	0.05773024520701437	-0.1359748756042652
X960423	0.0031429856591123884	-0.02381335385706743	0.025894784915948554
X960425	-0.004551778953382678	-0.00719987991803429	-0.010985941474143423
X960426	-0.0018750704036611847	-0.011097125932234444	0.0027388224560763908
X960427	-0.013040838057587802	0.02309383684104542	0.005740008550344178
X960428	-0.0033641465233738544	-0.011294694603123956	0.02128967348670833
X960430	0.00862150666819809	0.0034160628890602513	-0.00219461555925337
X960431	0.009444368987646907	0.017273296457091625	0.0025299397011175895
X960434	0.007368465951219901	-0.007103789785685861	0.02539625282696484
X960435	-0.012983422667456225	0.05207971295052306	0.019932338804897847
X960439	0.0015503753644954285	0.005353420474584714	0.003886182328881985
X960443	-0.004166990939851125	-0.011591201006182076	-0.06709599270483159
X960445	0.0011385881356393772	-0.011294772126385445	0.005474803953435519
X960446	-0.006961291170515942	-0.011483494796210733	0.010436530793023648
X960447	0.019731256076800777	0.037771099519761	0.015434822733485627
X960452	-0.025413454393680382	-0.004477254268617976	-2.5348214983862325e-05
X960463	-0.07332937801908597	0.09590574018977802	-0.0076220002649766815
X960465	-0.1086471642450191	0.006931640532955429	-0.019093439958110865
X960478	-0.0030123580431857997	0.009844359796221685	-0.0070905255980568795
X960480	-0.01064117447980269	-0.03463155181698116	-0.0005551946997628717
X960481	0.023385942177321112	-0.017214779251810326	-0.0016973657443064985
X960483	0.031701550117786435	-0.018797986729399533	0.02766175482023191
X960485	-0.016632063475079797	-0.12806377113600081	0.07702595852318744
X960490	-0.021686018952232832	-0.009675498884358006	-0.001515734383548325
X960493	0.025962876946506237	0.015745864395599947	-0.007115048240267156
X960494	-0.0005414665231325864	-0.00811021012116142	0.10859172564656654
X960496	5.0515877129705544e-05	-0.009739131184217138	0.004632964461061578
X960501	-0.011802345536824797	-0.004509977910213763	-0.02041875451866178
X960513	-0.005192306914900646	0.005165163846234488	0.01099525379628556
X960516	0.011062707444089496	0.02813774587376914	-0.010682278149386146
X960529	0.007620771943692709	-0.014477563922370887	0.0038022106612067767
X960538	-0.024062709800053515	-0.04551351302473822	0.0012338084938318772
X960542	-0.10132844736323013	-0.08394286444497807	0.03264970763504941
X960544	0.0751819717106722	0.01135879520777201	-0.04465381893048657
X960550	-0.006888572587910666	0.01372098805992057	0.012790342230373753
X960551	0.004387687499958619	0.004770444875255088	0.01584296024401175
X960553	0.0027297709240515465	-0.024803439059219917	0.022662516878606466
X960557	0.055341512971744944	0.01249396585537879	-0.026614028836104017
X960575	-0.028748316030225686	0.0849998904692729	-0.10568344528341703
X960577	-0.0030192058022086464	-0.0029893888427923927	-0.01651197159973213
X960589	0.03349781470345218	0.014957545718300137	-0.01661765578105878
X960591	0.04250372746497901	0.00180613762417779	-0.08009973417690193
X960592	0.04480752639120324	0.049640756213371134	-0.039395013651868024
X960596	0.060878408579949445	-0.010774442486439125	-0.02602912740392689
X960611	-0.008768482959410963	-0.024170107254055738	-0.008844173515094676
X960612	-0.04433022100310842	0.028364414157045156	-0.03393395167148884
X960616	0.00426703786005923	-0.00830240888238867	0.013138227354455119
X960632	0.00046749322753421925	-0.009231854217647302	0.007658209076857102
X960635	0.006973184481267855	0.002343920337836332	-0.005106768084914922
X960636	-0.0037831359098003665	0.0022454132141815296	-0.010549395573469037
X960639	0.015052795758673599	-0.005070920571418911	-0.02562381121646278
X960643	-0.0048299170736409	-0.007581515122361436	0.0014347485248605955
X960651	0.018543316690358653	0.008143390855247342	-0.004928357620754802
X960658	0.0026860769628363214	-0.018481210505265317	-0.023612121243698665
X960659	0.00013463319994214858	0.05850846703735359	-0.007364416309864295
X960666	0.016123742842049666	-0.02288127947925506	0.04824385789621751
X960667	-0.004368092860121068	-0.012766586458452382	-0.010953314793770262
X960672	-0.006368378789560073	0.021922526074652206	-0.0010367076282553499
X960673	0.01728409563537602	-0.017994161034172257	-0.045815450500148666
X960683	0.04987265822789468	-0.013444383930904089	0.022435108605081883
X960684	0.015413987748455158	-0.003398336705271437	0.00930821968569618
X960692	0.019361103686832245	-0.035330232887727284	-0.032151072286952714
X960693	0.01279538015918848	0.014017779384756094	-0.0012941448181841384
X960712	0.01926497865695122	0.03551188167174855	0.12676820626749744
X960719	0.006026605509689681	-0.017532429939319673	0.03617044646028766
X960720	0.06745561904839732	0.12986462009020508	-0.07346252458171249
X960726	-0.08697313353732192	0.017825081535626154	0.07405509209406826
X960743	0.04633244343368291	0.12237689750818084	-0.1124784217569513
X960748	0.015497374747326653	-0.0016839540055887036	0.043754493897403116
X960751	0.030649590017138476	-0.014458899347936635	0.05481143514787145
X960760	0.029353025525543974	-0.0037941518558208685	-0.020186813788185334
X960764	0.053717067109906376	0.030724652551531572	0.11123631045817464
X960788	-0.0021043015913432116	0.022045513409882585	-0.06377349673014406
X960792	-0.022349555879300646	-0.0002442482008123155	-0.053895637704583665
X960793	0.08185379786087596	-0.04244701189795651	-0.09168195789908112
X960795	0.007705066283599742	-0.016481853470577366	0.013358449825816975
X960796	-0.0008621218040501129	-0.014379545694883254	0.02852510145987756
X960803	-0.0014115161238609723	-0.005394112566686742	-0.007245902472886732
X960807	0.009865905020380003	0.0385246964074587	-0.020601271400574345
X960837	0.012331441551293162	-0.011078876403686913	0.009989342150906893
X960841	0.018787212152567432	0.04439557520313312	-0.0695698436830722
X960843	-0.0075379416170039135	0.0018607809074715116	0.006682683172816701
X960848	0.08621844880019565	0.04125580829486851	0.1307384241358835
X960850	-0.025890709700119457	0.03322534647659958	-0.08168618246813168
X960851	-0.00032644787196150994	-0.0001421621415784786	0.023452928728523597
X960857	0.02799835593235198	-0.00012712507952052202	0.015104087519914423
X960865	-0.020946007367980485	-0.05455620507994466	-0.046504875456226745
X960870	-0.022131566387152347	-0.020954772382213216	0.006061737586132414
X960875	0.011427412931621313	-0.00842300607946016	-0.043653397807975
X960883	-0.03360943548416717	-0.04074179184557005	-0.00931678731688964
X960884	0.021379394557473265	0.011418467035923146	-0.013441324257368594
X960892	-0.025128616534598726	0.033781161152965915	-0.07647478914035065
X960894	-0.01188164665631789	-0.03001838162217712	0.013220064012050075
X960910	0.029107667607605088	-0.007962908055222784	0.020981347809012358
X960911	0.003544597349356832	-0.023590670719672913	-0.01000222045848365
X960920	0.004430854447173967	0.017795867554525276	0.026706799461864075
X960934	-0.060662422732154934	0.02561060986446203	0.10845177010957313
X960939	-0.009350002915935407	-0.008454056003513455	-0.003478690500263924
X960943	0.02446422458140194	0.01216038869692151	-0.02024073494039954
X960944	0.08525238218421721	-0.004721757143492989	-0.07700727613546539
X960969	-0.01764774759807083	0.03756940829398938	0.004930505204238471
X960972	-0.03268571360087545	-0.038628699667730235	-0.018124741860791927
X960974	0.0006294899367959331	0.0034828986661773575	-0.00794450717861373
X960981	-0.01950936526649583	0.028117479329156467	0.00784677841174042
X960991	-0.0011973572562052107	0.009417009801424576	-0.03722296818599749
X960998	-0.0070152213886733065	0.0034274799496795444	-0.002201655989443085
X961012	-0.007663608052001056	-0.0017114342165425501	-0.036586795470602444
X961035	-0.04562814645403522	-0.049168387052825224	-0.06490690463540577
X961077	0.019139734304307494	0.01108187023939578	0.02105143019893801
X961092	-0.0451776301489211	0.004622477409472121	-0.00785965960329238
X961096	-0.01822046606466937	0.022243106129774193	0.008239939750386855
X961105	-0.010376921463814408	-0.008242973775637463	0.002222500976966896
X961124	0.051307371141541575	0.013069251071626481	-0.020187085469073423
X961128	-0.011708793884644263	0.020973852208310176	-0.019563501325420635
X961151	0.033613203526896104	-0.03601637773844369	0.141371280705036
X961177	-0.035211124336104106	0.047954417932842705	-0.010302703178791436
X961180	-0.0764982452274803	0.024843392339228575	-0.07011351721768866
X961193	0.04286205598273495	-0.005302792732675429	-0.06347308880846077
X961214	0.009646114678979275	-0.018301890270234576	0.017315072857720028
X961221	0.01409520432148979	-0.0008372338630084966	0.007913614802887721
X961226	-0.033061091630129484	-0.05856991188870989	-0.03136757831444004
X961240	0.0028398374201146	0.0034364259028939236	-0.03879347734965955
X961242	-0.030789609251937723	-0.04403945802815606	0.011675444569385423
X961243	0.0035108946062804266	0.001977201455250869	0.02235608645351672
X961246	-0.010934565932845086	-0.01295082806377441	0.0015886314564034416
X961263	-0.02568993464564947	-0.018661386735544554	-0.005244202080333888
X961282	0.007651949668909428	0.01777473480717899	-0.009691993555010926
X961321	0.0002543242592025972	-0.014564370909359577	-0.014245322864748926
X961325	0.003990828428079691	0.00953602636878564	-0.014434901686020516
X961339	-0.014344597955171613	-0.03190875125278582	-0.0511204903020842
X961365	0.031002021901167836	0.025401971636362763	0.02270672022098021
X961417	-0.011016024846927886	-0.007900949340738657	0.0047899710372177155
X961423	0.02888267797618073	0.00040576344361263237	0.011882330498544865
X961434	-0.013819400821016098	0.024966417386378274	0.01245897406861896
X961485	0.05663863077260785	0.0208572389051163	-0.0191514257108294
X961553	-0.019557025097870984	0.09703349333492617	0.04972800491028438
X961577	0.0013261879422144767	0.0065562328750018405	-0.01748513641141376
X961634	0.0004602645729078487	-0.019239874742165843	0.01846518468668635
X961684	0.006709800214497372	-0.0009973338486354494	0.016898587321215304
X961686	-0.061026986604906255	0.12871355691656464	0.03362637062401126
X961738	-0.015652180899306707	-0.04044531241396885	-0.053505683404504435
X961809	-0.0028859153464451826	-0.03527701511756886	-0.02210666377448443
X970002	-0.022283538753050756	-0.009679043993249103	-0.01700754295136687
X970003	0.004476992091809849	-0.0113239892251698	0.0056818280579073
X970007	-0.005378874896357186	0.002314880484649208	-0.02113239269996497
X970008	0.0017353894718179156	-0.00010259601013367358	0.009963540015814789
X970010	0.004223455984762199	-0.010621619809994366	0.0013684488683087584
X970011	0.010004116354870377	0.022999448288964875	-0.020674445346102906
X970013	-0.01175170505842531	-0.01613336402360601	0.003347279357665078
X970015	-0.011943168326485992	0.05164232146026628	0.009883115797674607
X970016	-0.0033810446451320625	0.012208976856008729	0.006064174039829213
X970017	0.043984117803589295	-0.005130869986347237	0.04396185055232971
X970018	-0.05419307777377177	0.04107397740117369	0.04848960976190831
X970022	-0.01672521493584233	0.012867674543571088	-0.010522667273999285
X970024	-0.003131293848263714	-0.00016301120128681443	-0.0030078714523015353
X970026	0.00673423973783143	0.01217894689360122	-0.005351295597987117
X970027	-0.013423941142321727	-0.009615670935545438	-0.014408898780179188
X970029	-0.004576500084176834	-0.0029959507173668984	0.0031664150059572136
X970030	-0.06825764661004967	-0.052490503962823294	0.0029437609000516536
X970031	0.010942016625013403	0.03562786397169287	-0.049027408689946636
X970032	0.06182271823154781	-0.04186868527555313	-0.06690294942859647
X970033	0.004851289902061081	-0.060981427442863854	0.1054055296255585
X970034	0.014600671099387338	-0.022865447928012934	-0.002832424982606258
X970035	-0.011303841151562723	0.0018565354526839221	0.011647393908704978
X970037	-0.004430027385034116	-0.01400638083122003	-0.009986898098863915
X970038	0.013599801472881997	-0.024236970710261218	0.010972459174767621
X970039	-0.005048536188677237	-0.015063242415255985	-0.007437384730210966
X970040	0.03733602316188657	0.003872347725658681	0.013538929073810912
X970041	-0.008805387359841835	-0.004402639274783065	0.008402771358723266
X970042	-0.03276325345747122	0.005170511370307274	0.012674871710443717
X970044	-0.004758647684197141	-0.020732094262869684	-0.001051228261401792
X970045	0.01487385132262899	-0.03403942907864521	-0.04062095747641565
X970050	-0.008098915270397754	-0.022330222153822094	-0.0009484370524597598
X970051	-0.012754105321467443	0.029536898248377935	-0.006765607093517776
X970052	-0.0029681667117262473	-0.02696455811775851	-0.0038261945665460685
X970055	0.0028804256481490555	0.003934147826480427	-0.01133187914583797
X970057	0.014970345463463305	0.019833584274060956	0.01713081729579288
X970065	-0.0016380255652943434	-0.009197819914525647	0.008273405570740367
X970067	0.0057401069430895995	-0.01648784522421453	0.014112957216971266
X970069	0.06255201514450655	-0.030859980316367844	0.046550495116445316
X970071	-0.002937720812371642	-0.011627076437172076	-0.009742049474551715
X970072	-0.014663134903805868	0.021180921291165843	-0.002028336936569605
X970075	0.0478365755262829	0.021322659424333604	-0.024045087363331927
X970078	-0.008350561910011031	-0.011500914780820224	-0.013255609650612137
X970079	-0.005674910855381332	0.04577074326162284	0.0003708447328404299
X970082	-0.027168656253090142	-0.038362106513278246	-0.01081841292933268
X970084	0.005186707761287221	-0.010503835106186936	0.0003750303617575369
X970085	0.04274431438121703	0.026456529973196256	-0.0008533283696907169
X970086	-0.015686939722517747	-0.0035916564634570283	0.01192290212829526
X970088	-0.005192264941837492	-0.015309302754189597	-0.0040569480735196
X970089	-0.03618067803519838	-0.0888955678042584	-0.006203183837966086
X970091	-0.09646110986925545	0.052500948743830426	0.051783302083992844
X970092	-0.049025564276392604	0.11220795646241429	0.012152119622113948
X970093	-0.009176109757596414	-0.009143979336487524	-0.0052312750384537025
X970094	0.032233222612463745	-0.020613737204397613	-0.01989644508648082
X970095	0.01864413125278254	-0.022759312203193455	0.024832357012088094
X970097	-0.011468999812350337	0.029930530602557213	-0.0029252371788668022
X970099	0.012913686900342424	0.010971790573642273	-0.01937557573991915
X970100	0.05335947147295421	-0.034727108808332886	0.02487315425067718
X970102	-0.0828953771039974	-0.05093379591173728	-0.003210005518343068
X970106	0.010640643344516676	-0.016919508330090365	-0.008082124288852752
X970109	-0.011118893589191773	-0.00016209060537215376	0.005578012776334069
X970112	0.029226791437444798	-0.00321767385504296	0.01121815597287168
X970113	-0.04263153319333406	-0.054384455270827935	-0.03253511716218743
X970116	0.02244071602914096	0.007819878855932138	0.015738042547600764
X970118	-0.0047542087938147745	-0.01207215341682232	-0.00037490360663414824
X970120	0.0027081465204276786	-0.010172221482001509	-0.0034692478595063246
X970121	0.008203510766758732	-0.02815462938309706	-0.033716899466716035
X970124	0.001259354673684992	-0.034030821192442134	-0.02068668806270899
X970125	0.0037128079560141487	0.006898183613877328	-0.003782515815757724
X970128	-0.06510384367672513	-0.050493612050656826	0.021677013468216898
X970129	-0.00638442158304186	-0.010456642205697305	0.0051879234940532355
X970130	-0.016645246333914336	0.00460398289490486	0.0012313305442749115
X970131	-0.038535259866453835	-0.06562152669751874	0.004656191926213286
X970134	-0.004525797842417335	-0.006628285405599481	-0.0034317243914103453
X970135	-0.023100790760544044	0.005931784083770674	-0.025720738370546257
X970140	0.008575902699247252	0.002737491107468179	-0.009072625564378654
X970141	-0.04854402674695088	-0.06472015461257001	0.0003169866900906129
X970146	-0.01140202131048862	-0.013247438517798252	0.0025935320754556885
X970152	-0.026194740227963437	0.027766080355197457	-0.02932430804807071
X970154	0.0013978287212943064	-0.02284018600229373	0.016751043139563937
X970156	-0.008524776968719963	0.0042331696288912335	0.0016741893916559056
X970157	-0.0015711188796388924	-0.014965137442010478	-0.010788329877800982
X970158	-0.004762818587856134	-0.032733465737759135	-0.007596109010445533
X970160	-0.01168095324512895	-0.014625792731437541	-0.013640430602629264
X970161	0.02279155712320207	-0.021720233528389605	0.0241757137394855
X970165	-0.011412883405125689	-0.01040184671736275	-0.013642202224874877
X970166	0.060461559302793615	0.005308720533975198	0.0068330803683038935
X970168	0.007749136607771474	-0.014265416992605903	0.01010093488963507
X970177	0.016447293236480167	-0.001322012512386852	0.016645299816301685
X970179	0.010008593331425324	0.0434963490727287	-0.02222157310397828
X970180	0.0008817696491576551	-0.01123339377993078	-0.010443551240801357
X970181	0.0018758313420924107	0.019219822637041625	0.004915303043765213
X970185	0.023091595900386133	0.03409678478836565	-0.021954913273224408
X970194	-0.014083130031261713	0.0024584035556460926	-0.01011024327310439
X970197	-0.009566207507225796	-0.00974600042972819	-0.02183023633423473
X970199	-0.005425256781599649	-0.0016961296950667238	-0.012834374007475469
X970206	0.033055815752179474	0.015478022011532344	0.009571433153862814
X970207	0.00893910360876763	0.0057456506531690646	-0.036126147895550964
X970209	0.0005669650177196479	0.00580263389218871	-0.0026921024098988957
X970216	-0.012499441151398533	-0.033067700757249345	-0.04404805042977226
X970221	-0.017566260231328117	0.009913839388785395	0.001237949096029828
X970225	-0.0004818192738708208	-0.008454586871818829	-0.00984482420187672
X970226	0.03843610670222103	0.012995739595924219	0.016785032572394484
X970227	0.008897179420262394	-0.014359967032520534	0.004768680217935336
X970228	-0.011762902337418729	0.008060995483733947	0.009756733660029115
X970232	-0.03515595881810613	0.03186865558525201	0.037182853098394496
X970236	-0.006079999058956474	-0.07053873235515902	0.038224320857312165
X970237	0.016070477453745444	0.014170795122071448	0.012347336878118308
X970240	-0.04836344341303788	0.08132277805978746	-0.0500932216574064
X970250	-0.008281255707128558	0.03025793113052609	-0.018969318580263503
X970251	0.015310275439140757	0.017487918814471145	0.046957206548406225
X970254	-0.09913513192241498	-0.027600309122620712	-0.003199331544943253
X970255	0.008352011603085263	-0.019134021801892175	0.006323775122726164
X970257	-0.028622732623976275	-0.09025221113751294	0.00154175490384204
X970268	-0.016617117155435505	-0.016809558623121643	-0.023312070344859458
X970269	0.03794904429443889	0.008805243818736808	-0.022851557492538647
X970271	0.014736070764219818	-0.04053202324634487	0.07031730417502648
X970277	0.04047041035259055	0.007371834239895672	-0.005372323029267202
X970283	-0.062025752248455544	0.09107603076650132	0.06499545130869838
X970288	-0.012963670643025806	0.0198435848572106	0.020778640248416986
X970296	-0.06848910540841414	-0.011250057046806079	0.015489692724052774
X970299	0.019299194798034647	0.004569633584928999	0.003002993412978661
X970307	-0.0025192294075184634	-0.007408648595433275	0.002434704156637497
X970312	-0.017665870811362363	-0.03369203415785829	-0.020586364157709192
X970323	0.016381356561800117	-0.007771346595079046	0.015533604491926499
X970325	-0.010090006289604976	0.010176970690813959	-0.024335723945055267
X970327	-0.043352552024414924	0.03933590199157438	0.00022381012733111886
X970338	0.01770893890327542	-0.04444569801746813	0.08040669996553527
X970342	-0.055490336172538096	0.05275066273267742	0.05446495646143758
X970343	-0.04852315996728424	-0.01370265063464923	-0.009200167277087468
X970345	0.005241690791654278	-0.016700957282229027	-0.004111115050407522
X970346	-0.03195298215834245	-0.07293613919871723	-0.04637769182476999
X970349	0.01605504735840589	0.005286218247538559	-0.0038670607893393776
X970350	0.03464305304307685	0.0029994359340632572	0.0077540877179441995
X970358	0.01880609189560125	0.02129636558563021	-0.00376210457217476
X970359	-0.011731337558959156	-0.0410365639273079	0.008214982691474979
X970361	0.02375625159117985	-0.03294709167698694	-0.019313740971325582
X970366	0.02305865881308341	-0.020195294416619602	-0.029529418509376095
X970375	-0.00366959489977594	-0.018314118697063418	0.0018085577749689873
X970380	0.004408258557322009	0.06663927674345768	-0.05079187771768089
X970381	-0.024758841425773438	0.007843233714812856	-0.002808600367062061
X970389	0.07890969539657135	0.02409420794055544	-0.02181406780273268
X970393	0.0230644623000483	-0.026506758344390934	0.08948839682633933
X970411	-0.0472327270153464	-0.04438236197678839	0.041726966446604334
X970412	0.005701539626801558	-0.016947417152926695	0.02777882871486838
X970414	-0.016854972357662763	-0.052863529582819084	0.010143982214809538
X970425	0.004463332492858858	-0.014417107241168653	0.004992644729179329
X970428	0.05374939089612951	0.04242787409224087	-0.010854429462746663
X970432	0.015547262636868899	-0.003663131667929265	-0.013770855940717716
X970454	0.004567032715261589	-0.006028213242730017	-0.008247277469205148
X970472	0.005724113524531628	-0.011656492375653473	0.0006801988724919818
X970474	-0.01718614700144334	-0.018494210129285357	-0.014405609892463714
X970480	-0.003639851351894286	0.0020366179885423566	0.008318043580726221
X970482	-0.006332560814079964	0.034590711825652855	-0.03943227191309824
X970497	0.04418578188836118	0.02236288992956732	0.01074451232117374
X970502	0.024685381870194808	0.046956749453482306	0.03357938430131358
X970504	0.04695852822998029	-0.016677312639042496	0.048855504587342245
X970509	-0.009636846583014141	-0.07536988099408658	0.010979959520715697
X970512	-9.860727560820873e-05	-0.022519412912372205	-0.005776534684628989
X970515	0.01765084241852485	0.027745969261911266	0.0005318770188342398
X970517	-0.015729078553383236	0.004349487740430865	-0.003858369836221615
X970519	0.01428690532452324	0.010383682085191717	0.012926496491175448
X970522	0.0006139662038806547	-0.021330304620654345	0.025171736088655434
X970524	0.0020760230090026166	0.007905852306882536	0.007142272498839767
X970533	-0.009203715554894094	-0.0037667716239937524	-0.008247874536478175
X970536	-0.016728639839782344	-0.009198579582342182	-0.02150206012394219
X970538	0.006463880043115883	0.005094007886906597	0.01954904524910821
X970543	-0.004448110451195457	-0.022932216702623496	0.0030148000111391753
X970544	-0.012468999025955482	0.0439746873567221	0.0008022951554856453
X970549	0.05362906098485992	0.04035729367814525	0.0016258126472735953
X970563	-0.0046455201446090125	-0.012753845406831811	-0.023734243742210656
X970564	-0.008801727440825984	-0.008591672945612853	-0.0027264965378121756
X970573	0.00428787233773922	-0.041784125432593584	0.04414448143236822
X970577	0.04111777532717873	0.028176539617426763	0.022837997937823828
X970587	-0.005895821215779956	-0.011372353685132657	-0.010368244642252713
X970599	0.006606763391633861	0.011621868134430464	-0.04445883365371771
X970614	0.0002822686743478923	0.0019274073932578548	0.0065910695255111725
X970625	0.011737585040339131	-0.0034086848718725845	-0.030530168611278594
X970633	-0.05600991505581929	0.009056250349959095	0.05211218266929753
X970638	0.022587035386032583	0.03630731416562008	-0.017657347977396466
X970649	-0.06484551465605722	-0.08394155220845738	-6.449659782355048e-05
X970659	0.0031074065798784895	-0.011617041505281782	-0.024313672274843517
X970663	0.012337817739931034	-0.01025608109367567	0.0044329372583512446
X970664	-0.05605106489936744	-0.10730777270240197	0.002512919223467913
X970677	0.009127664708936164	-0.02970777776717047	0.0016212576877471345
X970680	-0.07199422729822086	0.028688365371687088	0.054415271683631805
X970687	-0.02236246798328425	-0.025435134041350404	0.003350544086415192
X970688	0.012607962740586927	0.01467112164954034	0.014670757624658706
X970692	0.008218975101120357	0.012003260878878319	-0.024299461898936392
X970706	-0.10761903335830807	-0.10116879616707275	0.04853145276495895
X970707	0.0055522072484249195	-0.028643804907304803	-0.06030637923383609
X970717	-0.00998138019156215	-0.005915384578113687	-0.004236498485210434
X970718	0.0022246426752817717	0.004033814093037516	-0.0009252033195672216
X970731	-0.0008141741898710339	-0.022344517172243325	0.006510617309206163
X970732	0.0042333388460478434	-0.008443491131294016	-0.024434941328474055
X970737	0.008080938030327495	-0.007905762916317359	0.00852511357125091
X970745	-0.0074581069815812615	-0.05042672036864793	0.010214848862977346
X970784	0.0035378951417367826	-0.014433700108857543	0.01945750031747866
X970791	-0.01754922722801349	-0.005815011469485568	-0.0013626231458301703
X970813	-0.002753875421945877	0.014702619256975616	0.026871438619940954
X970860	-0.0018032681667973472	-0.014152649495230466	-0.0012791784288547702
X970932	0.02711950113151645	0.0015346449969616022	0.006223420870758847
X970960	0.0008600052249958848	-0.021657606372252485	-0.041706335748137584

Biplot	0	0

Site constraints	0	0
