Eigvals	3
29.21001035682417	24.270168620660154	13.640709849980443

Proportion explained	3
0.523986055297577	0.3617444650239501	0.11426947967847283

Species	12	3
Propionibacteriaceae	-3.235376220413794	4.491832521274063	-2.1174956316909457
Staphylococcus caprae or capitis	-3.7021709496183712	4.565240616836278	9.745256047793362
Staphylococcus epidermidis	-10.01818000881958	-8.307982571514072	2.433135672194984
Staphylococcus hominis	13.033283795072544	12.798083797285225	-2.024594560481159
Other Staphylococci	-0.08947225800912581	1.3328299583972254	-4.957865534985745
Polyomavirus HPyV6	15.749933458913455	-10.851909184942196	4.113626016940987
Polyomavirus HPyV7	12.396041965846205	-4.120754387266007	-1.3045081723154972
Merkel Cell Polyomavirus	-6.285194547512425	4.398176998184368	-1.3525989829206608
Malasseziaceae	-5.253939330628595	8.569426646816375	1.967638014866897
Corynebacteriaceae	-0.454634951048922	0.18709314118989212	0.306369973470396
Micrococcaceae	-3.2344163791262317	-7.063064261399276	-4.890409586580871
Other families	-8.90587457465514	-5.998973274861861	-1.9185532562917544

Site	1225	3
X940001	-0.004332486793886248	-0.0012476913717542068	-0.011846303188194142
X940002	0.013324305389519888	0.009182673599490215	-0.011348570887921629
X940005	0.03223745401560344	-0.011864546444982997	-0.012290735422710298
X940007	0.0075875183798585835	0.00906265449692323	-0.00924336553735154
X940010	-0.018215198930144227	-0.0420987598474403	-0.040030411959207556
X940013	0.013122048576216834	-0.004401888267884024	-0.0027666985996895065
X940014	-0.03522866326373276	0.05821476314049476	-0.00541295180176379
X940015	-0.029201797812656773	-0.017646585159689497	-0.005828834460969335
X940019	0.0006816348140404303	0.035754254608146796	-0.039217959728454765
X940021	-0.0025191684347513742	0.0686781703145814	0.04732036190239442
X940022	-0.019761214020232728	-0.031106682470328644	-0.011086612620258438
X940024	0.021620795983835057	-0.01780894181479169	0.014546696620700716
X940025	0.015005253784905657	0.00693195045253955	-0.022217504286615328
X940026	0.049343536832006867	-0.02419552442740897	0.014062178669854012
X940027	0.014833797165152417	-0.01534364280370068	-0.014460934564019114
X940028	0.014572287019548307	0.003577100287197304	-0.005021338244164553
X940029	-0.011353072131660182	-0.005806330435199261	-0.009083586490572107
X940031	0.015315188518235483	-0.005446256291899079	-0.007202416378812917
X940032	0.010302826753460847	-0.008342433762931811	0.008434223919120682
X940034	0.028828505252085093	-0.02182539753643608	0.0012495621805200313
X940040	0.008180488543852026	0.03184508665071641	0.006139811972889277
X940043	0.0010225276679977123	-0.00704273375598524	-0.008217405443118936
X940045	0.07808552859246015	0.05303199728462933	-0.02408391228253416
X940047	-0.03622574289657302	0.06688761594606993	0.04987222736941935
X940048	0.0007427079197249661	0.01530958823935156	-0.007711329906546502
X940049	0.011688800299303824	0.0037224528216621873	-0.009433715964749467
X940050	-0.03395695593302542	-0.02544406305630238	0.01326268158697589
X940053	-0.02723703050194014	0.029231729787649607	0.007867394762549466
X940054	-0.007249096890720605	0.058779006548972466	0.019853468947393156
X940055	-0.02937935673043961	-0.011930926365723397	-0.06380891918628989
X940056	-0.013964709770653378	-0.06631028731724964	-0.024999506451056374
X940058	0.017092540728537973	0.0014687839928149199	-0.014158588577018225
X940059	0.015037886621383731	-5.7876140097471845e-05	-0.01325817229721582
X940062	-0.04093821950087675	-0.02824832963302226	0.009288769846382385
X940069	-0.006125097185701434	0.0004208256014972606	0.015557648802380607
X940071	-0.009316942553921187	0.021222093872063398	-0.06846870153537497
X940072	-0.001248941550080842	-0.005141154373998451	0.0076378893694587155
X940073	-0.02473923937530116	0.07039884756040052	-0.012221387640435658
X940074	0.0024365793659948767	0.012381565821259877	0.03430987690189764
X940079	-0.04753159258275454	0.07684528711566382	0.046014122544010536
X940080	0.01766414266384922	0.01105671189970853	0.007045560258195832
X940082	-0.031448975107512996	-0.02746025780595213	0.017984388256917436
X940084	-0.04211027866570532	-0.03715468590434455	-0.00934907602767187
X940086	0.05166506828344435	-0.035090130936872674	-0.012295623967751919
X940089	0.0012936268465930658	-0.042973910745878634	0.006552995109155585
X940091	0.08046549906254338	0.096644335123153	-0.03425877846381846
X940092	-0.02446750342592955	-0.05298517343052344	-0.01799169744636283
X940093	-0.002067264940908343	0.00578438431654743	-0.009698339515558459
X940094	-0.0312751435468561	0.0012048689903734317	-0.12077945444996238
X940097	0.005769043143396108	0.01770854325681009	-0.005427724461038626
X940102	0.00956556400887969	-0.004160313123568408	0.005603752881614643
X940104	-0.008004630843780784	-0.008898284794514846	-0.011427257942118385
X940108	0.005390900572391251	-0.006196116653883526	-0.013629122052371788
X940110	-0.039754000209244016	0.0145922805290309	0.005929553193577268
X940112	-0.03496650956622784	0.05633536870422583	-0.05197244393132678
X940115	-0.03819867115559374	-0.012743388857698216	-0.012170208157658225
X940120	0.023761230312402737	-0.015758283382987386	-0.0010985629361481997
X940121	-0.08823946175993855	0.0008844838782236438	0.0143966882379879
X940126	-0.008292130153982427	-0.01240584610088172	0.019279018892191458
X940127	-0.019231821205767614	0.006561608216070464	-0.00535943106298916
X940129	0.058446724368608864	-0.0072582851004817876	0.004038600456238416
X940130	-0.0009446323779549996	0.017766943326363575	-0.020087202193758463
X940133	-0.030112411389270132	0.020296076032433025	-0.008819629035162677
X940136	0.018700113532630784	-0.031463509144184706	0.011246881211217308
X940143	-0.017458342496202192	0.007030609352516593	-0.012428136398195256
X940145	-0.003574725713023817	1.8293489560088868e-05	-0.001943452189750406
X940147	-0.015516706847986186	-0.037244763371997114	-0.002624170282199445
X940148	-0.027084935551541716	-0.003138405573304359	0.006083414956887023
X940152	-0.026980497438877645	-0.0035042494354332663	-0.006032143831784666
X940154	0.00690207508498446	-0.0011902101504487515	0.0201630168527768
X940156	0.010486380527938089	-0.011118367250025593	0.03976632225546457
X940158	-0.01239831897566252	-0.015879588862558986	0.034217536114775245
X940163	-0.02380789689771211	-0.019705889203896338	0.03602555112811602
X940168	-0.04288432310063606	-0.021572013930172385	0.021405763121964166
X940174	-0.019667259149521124	0.12708057803020106	-0.051223936541318855
X940176	-0.04731820585221761	-0.027462037357960864	0.019368127757880806
X940178	-0.021315909526924984	0.0008154070127529889	0.0028704853520304554
X940179	0.010783123603769469	0.01698106776878454	-0.007818692466743212
X940182	0.012575409897716555	0.00988669050231234	0.022533768339961527
X940184	-0.08170286315528998	0.07757868569221898	-0.03682273834062762
X940185	0.01706042657454425	0.010873001810482768	0.048731919529527046
X940186	0.0034705844569092176	-0.02136127156063389	0.021950356770450635
X940189	0.012261931780136367	-0.006673402337096254	-0.00375163302604833
X940193	-0.030879153947102264	0.0037537712416264536	-0.031719628800360423
X940203	-0.0005553020652400875	0.014151451157474532	-0.013489183408930466
X940211	-0.002039298603078661	-0.00042963455846579734	0.005058357717490323
X940213	-0.0235049992973551	-0.036145996107827566	0.016738086862866798
X940214	0.009476785011338251	0.02337166630073506	-0.014169771516015239
X940217	-0.016569062376282983	-0.008224423587743805	0.006394842930910312
X940222	0.018390737674322876	-0.008232115380429153	-0.02817733076221494
X940223	-0.049687392239793404	0.05862739044439563	0.06267088879914624
X940227	-0.02221654394093686	0.0458297386781876	0.011010632837991906
X940230	0.011855371900984409	-0.018366593838141487	0.01335540917208319
X940232	0.009431901446452047	-0.012750872918822142	-0.02438165026712308
X940233	0.02615580454424254	-0.01546848237133297	0.01591045555619273
X940237	-0.00550513497298468	0.013703918985524373	-0.027786191085650464
X940239	0.10111772321614841	0.13501921256618485	-0.032905794700872924
X940244	0.02915835047114042	0.020670462910527754	0.012542626366715623
X940248	-0.023017168725828964	0.03733043105210007	0.004589975764402762
X940251	0.02453776274964937	0.0023604865110019614	0.017585107345198008
X940256	-0.012277347442113848	0.04107191179413697	0.022259332079161424
X940259	-0.006807242408903376	-0.02649273230749368	-0.0009665207160538519
X940261	-0.022628001786921186	0.002310088337470087	-0.030191010039342516
X940264	0.03300131904522365	-0.014557036825033605	0.030007644692373305
X940270	-0.003945455665778044	-0.006741063982421701	0.010691555974332013
X940271	0.00789157342464272	0.01980107793029056	0.008082225055651414
X940278	-0.0011073527386211515	-0.01413450123170292	-0.011669794678436311
X940281	0.033373878197788094	0.026496105682857873	-0.0007697832306250604
X940284	0.007609360521723722	-0.005922255458754742	0.031326863204702245
X940286	-0.021842732818274847	0.02908006435998581	0.014937846555052776
X940287	-0.040572953736152044	-0.029204563210499686	-0.01389690019763023
X940288	-0.03007924021322559	0.022764822158021208	-0.022923775516828084
X940291	0.0038007109598861073	-0.011820605870881195	-0.009685023366083782
X940297	0.013818526157943914	-0.017736705938570237	0.00963329726130505
X940301	0.00934838234372355	-0.0017158452624438248	0.008279967419352096
X940302	0.03504979827800278	0.0005119872288675411	-0.0002892656616616857
X940303	0.006551344474388565	-0.015218446069522088	0.024552118137914313
X940305	0.018018491854998132	-0.005429975841439833	-0.008238943769171102
X940306	-0.03675267461400376	0.02250774329540898	-0.0011744695139047445
X940309	-0.01155175444843063	-0.0030051011276857544	-0.007574498584995157
X940312	0.01745364609875713	-0.013734860620192954	-0.01287268439879465
X940314	0.006523321515412502	-0.0008466499567329148	-0.008521917928471562
X940322	-0.04876275232629553	0.0479087003651149	-0.06809947380392513
X940324	0.00020970281458043986	0.035684620358018546	-0.027872385044463002
X940325	0.01544353749891333	-0.04600093615052805	-0.014924862080868294
X940329	-0.06385791280813304	0.058867631770138776	0.03135130211125406
X940332	-0.01840528124957839	-0.025569653350726827	0.011619529166037862
X940335	0.003553815407147935	0.02569046080847121	0.04173087981278737
X940338	-0.04799627600731781	-0.022733560363192934	0.013598689401360086
X940339	-0.002372127343926773	-0.024252441524809626	-0.018688439760010757
X940347	0.00873399795659753	-0.029254673942762703	0.011203459344155009
X940349	0.02025144657855483	0.02140220969991326	-0.0038622662504835146
X940351	-0.008752423665497963	-0.0005980145203474808	0.012505776652967024
X940353	0.04464583279469832	0.013214610236612119	-0.004573196930549927
X940354	0.008704857536171104	-0.010813661803279126	-0.0037151571007133064
X940355	-0.04901732012698077	0.01741174567459047	0.01611486188069425
X940364	-0.03523682737905816	-0.009302893370170238	0.00273124054278218
X940368	-0.014512121221864247	-0.028816060610851568	-0.012484018893521538
X940374	0.00806540270717126	-0.034258495682950064	0.007801424123699727
X940375	0.0018470194560713457	-0.0036819567606456347	0.01433531345074049
X940379	0.005107627301450002	0.004039354569201589	0.005063125419115384
X940383	-0.02131078291130473	0.012156906917560661	0.017295650635642205
X940391	0.011580814369898856	0.01956124558338777	0.024451809837143325
X940404	0.044807471213894674	0.0063591923093639395	0.01065450700992039
X940411	0.018286689566942804	0.018812195967993255	-0.010883717880204907
X940413	0.0630781744962245	-0.007448383573131568	0.05146714708029888
X940420	-0.020390900285783806	-0.010909652265357367	-0.002229292584023239
X940443	-0.044735346661341706	-0.015370311923647675	0.0001870751547346643
X940444	0.0053763146633822355	0.041939114624863556	0.03518493602401077
X940445	0.03136597981500745	0.00046830309903120597	0.012815085266222602
X940450	-0.011678894769813387	0.020087214220322166	0.015150906824600293
X940451	0.01629156790707865	0.06497374080719091	-0.05162955151742817
X940456	0.002399828063773575	0.0050143201665573305	-0.003952207349478875
X940465	0.006532322505242054	-0.007684493705547303	-0.016661864679055657
X940466	0.0006390474005840219	0.010222192571910371	0.02348644822922643
X940474	0.015180350807681356	0.01943280048327479	0.0024976780192797394
X940481	0.0419138876502529	-0.02170020562990823	0.0011609258242484828
X940483	0.0006007461035362142	0.010368628909359478	0.0006337551731113571
X940484	-0.013108682756542105	-0.04526978003931116	-0.01216806249096996
X940487	0.03598290770063333	0.012354561170452699	0.002447860343193419
X940488	-0.015342020534172227	0.09795709510426592	0.04978590322421862
X940497	-0.027537137208156655	-0.021805634807361397	0.01564086157716349
X940498	0.05364415356034686	0.038423585364334635	0.0392658171993705
X940501	-0.043248216951484474	-0.018510723807253743	0.017918327502633637
X940506	-0.03926204784320233	-0.031815076968521386	0.01982981554992845
X940526	-0.0011483078238371815	0.02288811310328012	0.0015579626323189864
X940529	-0.03894738658994463	0.09521453290607026	0.11336240571044502
X940532	-0.02015686808952387	0.0156570922077156	0.0029076087140098425
X940534	0.017828651667321397	-0.008259705997271176	-0.016804826045536975
X940535	0.010052689388739086	0.02141499719172401	-0.025448361218927993
X940540	-0.025888243117018202	-0.026701064903299685	-0.0051793220804352575
X940547	0.0013606975462945824	0.007581736798450188	0.024905696009122808
X940550	0.02320365342684318	-0.030727787677763272	0.008190896447040233
X940551	-0.04477978359580446	0.03170979581007571	0.007362210211875522
X940555	-0.022024784377128764	-0.014892407830855721	0.023531776737041186
X940558	-0.03264335756362816	0.008089556301031298	0.004078247581020302
X940560	0.006540282102819512	0.020341799943894196	0.10405455377957532
X940562	-0.0147614716280348	0.025148019116894745	0.015080554804186614
X940570	-0.028466236546647653	-0.006070082935125679	-0.013602701222733058
X940571	-0.007247972080770014	-0.03690320423466782	0.04138203666982849
X940580	0.00908524591779201	-0.006602676721628853	0.032821488085715014
X940584	-0.02326489091946049	-0.030643375662156417	0.017515130905149355
X940589	-0.005959615571698899	-0.019525164045325755	-0.0025885826162666513
X940598	0.0006025591683475788	-0.0052324408551498456	0.013315198302724894
X940602	-0.03948978181271035	0.10385388755195196	0.07952214749789684
X940606	-0.01519089673750883	-0.008992050210161326	-0.01981626918876126
X940612	-0.02076554003895889	-0.01822569010577929	0.012886405689422101
X940623	0.010972037196855858	-0.0022204900184527284	-0.00145731187257378
X940625	-0.033577148040338504	-0.09903017287365395	-0.026284904766020842
X940641	0.00016748948465599006	0.014241894154444042	-0.010783085998918687
X940642	0.00446280077930378	-0.02788312782948804	0.003064862974230322
X940648	0.05443852630003651	-0.035829070184216286	-0.029246762614194944
X940649	0.0008499214685004243	-0.020842870416452264	-0.012890044928308999
X940652	0.009314673038954542	-0.006277323483639762	0.007300848050181018
X940662	0.01126523968323128	0.005846486014171865	-0.011939261796282869
X940665	-0.005361200442946648	-0.010624929281890924	0.00832634920074253
X940674	0.004600351171029967	-0.004120229691509678	0.0016550677535008612
X940689	-0.011175526902636655	0.08390502735114923	0.07887904543117373
X940690	0.02853609196542666	-0.011517899294185433	0.02949139662771245
X940692	-0.00787508829525986	0.01425648201988356	0.005814805745271196
X940696	0.007192267114023092	-0.041302340828890005	-0.022242278379306882
X940700	-0.002603430324046708	-0.05222923874618778	0.02858595423741527
X940714	-0.03667031740600324	-0.04265424171385029	-0.014210232858674676
X940721	-0.006318426983152855	0.027587836012943512	-0.0454386484755897
X940727	0.02124679567279376	-0.0150800527806292	0.026120745906106378
X940748	-0.005722104392504625	0.05449588663948487	-0.017300048278901786
X940756	-0.038462971417681235	0.008309445615152558	-0.03134506419271856
X940761	-0.022766451950587116	-0.0421859330603648	-0.018416611327700366
X940763	0.0229879659844148	-0.0077086408712581924	0.022448274029256095
X940766	0.010852807299940752	0.0018087567660504183	-0.028499507521376824
X940769	0.03136968977169992	0.03476308318433173	0.01087586699290352
X940775	-0.012565554140251834	-0.04954746934294517	-0.0038570454938160813
X940778	0.01731368715489781	0.010047202836749388	0.0012366608799830156
X940786	-0.02207912260753956	-0.008144762386895153	0.018005150934308354
X940796	-0.06072966025211395	0.00877728494569981	-0.01592396233935387
X940816	-0.014997548224777658	0.008148565382991515	0.031572482492829006
X940819	-0.010874676360954724	-0.018045398033084154	-0.02250242650283904
X940820	0.01079401091941361	0.002113158657506864	0.003503690037770492
X940826	-0.014288888923220493	-0.021659790307596443	-0.07496751184104995
X940827	-0.0037259641430997816	0.040362844282526227	0.018823569761089023
X940833	-0.02312292845568438	-0.0008103544736225462	-0.032344825608375295
X940843	0.023141325318803804	-0.0146559394145269	-0.007546704281177424
X940844	0.030293932915703245	0.014041175115347347	0.027897723780748555
X940845	0.032276654009902365	-0.0058724153821144405	-0.0070639851653530325
X940847	0.04050929398557331	-0.0323187294423753	-0.028613246723138346
X940852	-0.03039489678790139	0.0024651645842641745	0.008584938198235803
X940863	0.023274627992140633	-0.017174998427770188	-0.005362215021378707
X940871	-0.00944056528667598	-0.02432551762245068	-0.04726378805932543
X940875	-0.03421774665500796	-0.055586608914667206	0.028068566827986228
X940882	-0.030945511712709713	0.032156345194944154	0.03095699011904863
X940889	-0.012152016706585196	-0.014745619897002694	0.000937475834238072
X940892	0.0593752799585728	-0.025050931410833407	-0.0036670696610205337
X940895	-0.011139711666131084	0.003753788370190711	-0.02139658901717816
X940907	0.03635653171471161	-0.01947467933441759	-0.026873809547197473
X940912	0.01016976554426619	0.01947151481773682	-0.013349849631298937
X940917	-0.0074571836304230974	-0.026832610206963325	-0.018720869199316
X940925	-0.08355028009635762	-0.1332533686199486	0.03717851782610569
X940936	-0.06861967875997334	-0.07201359646473904	-0.024047411280171547
X940941	-0.008397894156005841	-0.02487979497878577	0.0139984749143
X940946	-0.026849309959128768	0.005118216476527178	0.023210405697468437
X940961	0.012386390083731684	0.022620917389025125	-0.0047737339136985045
X940966	0.0032148805450347225	0.004032755853688697	-0.0022491800165074043
X940968	-0.0020720743910090152	0.030982776441776	0.0011530676395993345
X940984	-0.04152554884893341	-0.004624022619371389	-0.06208189677015226
X941001	-0.013785261226275776	-0.04746535794798991	0.04586099931798349
X941014	-0.005050118398697302	0.030025574718794697	0.12296206268661532
X941019	0.034084103122874375	-0.004137620627471314	-0.01688979594239897
X941024	0.0011172574064959105	-0.01398542994947769	-0.020818949231927543
X941028	0.025777444692186263	-0.0018464989567246026	0.011815283994336134
X941037	-0.01718072961044832	0.12037271975979734	0.0839635294449255
X941043	-0.02064219078737357	0.013497327380722365	0.027757219014996528
X941046	-0.005339810361426334	0.024124476073370708	0.021494512240414092
X941049	-0.04493157387917162	0.008219505831723732	0.0004155675630830589
X941051	-0.00022267859019802682	-0.023362640001287665	0.0023059492556233453
X941066	-0.0030915854675436865	0.004293670673616562	-0.02123306361884935
X941074	-0.006749265251581471	-0.023876628495148544	0.004451527018146361
X941079	-0.009628058626614852	0.007844195877793567	-0.00021253756385072097
X941080	0.08523792157621578	0.01661937003342591	-0.0532642040745821
X941091	-0.013520378852684376	0.0006813785702647247	0.06749443313432994
X941095	-0.023797027784080136	0.015472083382118338	0.02928984365647207
X941106	0.018775573079657434	0.010064587660090722	0.00020904454120367449
X941118	0.03280843291758711	0.01631870286021539	0.01621175695994736
X941124	0.044663657840107535	-0.05366553319528633	-0.009365920442491389
X941134	0.02569462787923063	-0.010807202188771823	-0.007258238520680958
X941144	-0.02557520871751519	0.03305762933345202	0.013163820684757846
X941153	-0.006414387807885723	-0.0079153835059321	0.0010619364265172478
X941154	-0.012058663678302247	-0.021177860383736553	0.0033805843975314794
X941192	-0.05907572269357523	-0.02232216062963701	-0.0643730197484692
X941202	-0.021284477309704793	-0.01324043046424575	-0.012100351857785652
X941204	-0.012174854323623245	0.01703534633037224	0.025361433428756814
X941208	0.007724490860088544	0.013147814195605248	0.04565822959261315
X941241	-0.04039189124564167	-0.03730111622904317	0.08225784307898466
X941250	0.016876607268748206	0.01237380066476244	0.034942861648481094
X941253	-0.02140048154027929	-0.034091961798132085	-0.000973642734898676
X941257	-0.06638351918311211	-0.04736144408490208	-0.01596156350393016
X941259	0.008810841127006386	0.015347932862017546	0.02187754850404083
X941265	-0.07659398103117292	-0.011970021196268636	-0.03837398966499337
X941274	0.04349237497577483	0.01169004869172084	-0.0069141869144740955
X941308	0.003204727753624923	0.023064317132391723	0.022199931507507487
X941315	-0.05101719764180911	0.009715002263342917	-0.022079482774946552
X941320	0.013641823140291486	-0.014635377628816774	0.011446441980167732
X941321	-0.028366192317340014	0.008385995170862555	0.006536837269939731
X941367	-0.03530901866204605	-0.02413047260026806	0.008305424620498979
X941373	-0.01702410551126324	0.01904444276839522	-0.009554897512419688
X941384	-0.05982124584671109	0.06213527963789936	-0.05730638652233892
X941385	0.01378123140130556	0.008335045481463412	-0.02240817913105507
X941392	-0.004196536538465987	0.07258308039158336	-0.03948327511757673
X941398	-0.009121520131018248	-0.0013225540850570299	-0.0548389276463286
X941404	-0.00388182371598788	-0.006714051546111507	-0.01940343470037812
X941408	-0.0001591146876073592	0.0019105068702642844	0.014055346212528769
X941422	-0.029676433801723853	0.01733843743111979	0.011128934361727386
X941439	-0.007792220818804551	-0.0008605351115809454	-0.002707804677016676
X941445	0.03420073763120691	0.046598433837106844	-0.03158157416158884
X941454	-0.0009437665736711612	0.004993922998174522	0.007510469926154058
X941460	-0.04495169273890442	-0.018176401590770705	0.014392738874200488
X941462	0.01695238976856738	0.04140429277902846	0.018656767437944498
X941464	0.0024645730140965333	0.027006530312292474	0.020795955794104315
X941503	-0.04357345133061923	-0.0018744960082622232	0.003747496123413404
X941519	0.012754784270772803	-0.008651719974742712	-0.009855768302149405
X941530	-0.021195696650174203	-0.035819177128018104	-0.0009265972918003345
X941547	0.0057332147432214015	-0.00875084002700507	0.008818425383300322
X941582	-0.014789656557511998	-0.009416423299034308	0.033100412954445296
X941617	-0.016824546326175343	0.008794140433432565	-0.004025625631162556
X941623	-0.03609285745572388	-0.010513986218943727	0.012570749692392458
X941624	0.01312885711455482	0.0019466424820198038	0.019085925098187757
X941639	-0.004697237994271739	-0.028000905848346233	0.003898052872283033
X941680	0.03780083304670606	-0.02937736269853768	-0.01170108878462798
X941684	0.001380672739519396	-0.04725256107858655	0.0022480804066311913
X941709	0.04294404321765883	-0.025440120944377736	0.041754001110225404
X941714	-0.016665347197642826	0.02993852028495108	0.06793146287395713
X941715	0.018819239988162113	-0.03352732069813075	-0.006635476986712874
X941738	0.004649244616886157	0.011790235649382893	0.0008591658226678962
X941759	-0.006648481629878492	-0.020558549514600778	0.02529558603210467
X941772	-0.05712850106873806	-0.037985069903939614	0.022555804140089255
X941774	0.0018265373236786857	-0.0009405733205555168	0.03134970085725048
X941807	0.05204346177383196	-0.03277586509518028	-0.006352472646624826
X941813	-0.06355087720252457	-0.047588588175287314	0.006096058642873676
X941817	0.021839672121219483	-0.01578183561856763	0.01937116437447399
X941887	-0.01265188729258871	0.021029221756102574	0.001621343996458086
X941902	-0.03290170756150649	0.03668846693740365	-0.02569450115541612
X942011	-0.01582500711383593	0.0055214842928594885	-0.018731325524814695
X942026	0.04552457035860449	0.032261079731007475	-0.029576659342177902
X942039	0.026602412187310288	-0.009642166790748368	0.008447070075019821
X942075	-0.0027000228819321834	-0.03736017723601246	-0.005005686029254716
X942094	0.010987202529394925	-0.016122237028880677	0.009413788091163264
X942128	0.0263122055752433	-0.0022425104221009172	-0.009764650699550048
X942191	0.03977955539215663	-0.026004815349924847	-0.03495561821192765
X942237	-0.03605125578824818	0.0037762716871662743	0.0377578569605848
X942303	0.0029060960843897616	0.025679587516148024	0.02607069981922072
X942319	-0.07872701915759665	-0.07437573370882838	0.00012164080905881035
X942359	0.02060524710802719	0.0009138498395535435	-0.008178227911887676
X942398	0.0030016781681753892	-0.006621881370056719	0.012364366923645224
X942402	-0.013153505680880785	0.048914111466795356	-0.03784013775104009
X942429	-0.03244127455359255	0.03073728444505064	-0.03093954846435694
X942467	0.03204004158757045	0.029129172683047922	0.018813871013955315
X942487	-0.018286670191978962	-0.01806626912684746	-0.005045088759091835
X942489	-0.025523289129572736	-0.031976052194547806	0.002417261116045836
X942490	-0.021522876561450462	0.03173352631273518	0.03072540677446678
X942504	0.01268169478411086	0.007475903987161936	0.02223547812510265
X950002	-0.009293526640372331	0.016058646907479816	-0.003217302385295911
X950003	0.002498730261268677	0.024268085410669882	-0.020937862197511276
X950005	0.00478729191318125	-0.001179900164835015	0.009966585997799716
X950006	-0.02343534734200035	0.018300847430896303	-0.008781719318178246
X950007	0.04977061038269936	-0.028769570785114617	-0.011683134546454482
X950008	0.035559169239130405	-0.0072920008900366345	-0.030693434904135317
X950010	0.004680111280351356	0.005138503686873431	0.019109463130900645
X950012	0.026247437405990896	-0.026278952906374376	-0.01068400399979983
X950015	0.014285652572930326	-0.007093850013644135	-0.016409107944946537
X950016	0.008117076049021399	0.006505247256400315	0.006447348735066261
X950017	0.0001395493231878221	-0.011495113504507371	0.006317687892218108
X950018	0.011420872642299996	-0.013511790704103266	-0.0009497614885952643
X950020	0.011176929298122031	-0.011046053741525765	-0.009348542092469003
X950023	0.012476676961402783	-0.02148492316873148	-0.021637268320567792
X950027	0.010480236616330213	-0.006202069482142082	-0.012612287895013594
X950028	0.041500625282520874	-0.019475886914497892	-0.041708028580868695
X950032	0.0007442404060123134	0.009768013020228212	-0.015078517089900401
X950034	0.0009566940654000937	0.011858899945168207	0.00359395639216311
X950035	-0.0009762259408359527	-0.013034948315896796	0.008696278300805271
X950036	0.010933528706314645	0.012681792734633754	0.0024840205954466694
X950037	0.016888324312114768	-0.0002657814295111369	-0.0038958836857717395
X950040	0.0029910604615324835	0.010820804777713272	-0.015930030272974332
X950041	0.009402803601311053	-0.00018341887553001386	0.0064248397562471
X950042	0.011060641492725478	-0.00453141745556826	-0.003110569171586716
X950044	0.02052773186028443	0.0009224056346459885	-0.023053360590131983
X950045	-0.0006461115172028466	0.004793010558990635	-0.004527632677470489
X950046	0.010940075410845278	-0.012193732063250504	-0.004295478509517624
X950048	-0.007826780115689705	0.022210687505584	-0.019821392616147
X950052	0.003333346576684608	0.017725862660806686	-0.027748576387776818
X950053	0.023623137403549824	0.008321925715136149	-0.022894849207373516
X950054	-0.001331784994367713	-0.00566142391568927	0.01044119507212514
X950055	-0.036489909050220294	0.02367373489326696	-0.01644059533506719
X950056	0.04083055804610926	-0.004917490828737741	-0.050438956578184486
X950058	-0.029132817736849215	0.05422760675022581	0.02324064852762539
X950061	0.025543670097999818	0.0009782955405271197	-0.017560162740105894
X950065	-0.01683094699343844	0.011239938950429632	-0.017457122565901415
X950069	0.018948347095529044	-0.013229323081218927	-0.003946355720305346
X950070	-0.012670550551524688	0.005232261820947052	0.0067447240016792085
X950071	0.018485777011315867	-0.005398391384462835	-0.024091895059288618
X950073	0.05697327489793375	-0.027746362151649637	0.019986907375913267
X950074	-0.006137830321551792	-0.0010790239521841398	-0.0054083114220425735
X950077	-0.011544455688484542	0.001629399924184784	-0.007760834370094193
X950078	0.0071656321101561	0.006334545589357863	-0.02033560715575088
X950079	-0.016426481958359867	0.0111223969220493	-0.006282969054185449
X950080	0.016399697677709355	0.013573608664507584	-0.02038067882596156
X950083	7.06241434299189e-05	-0.03403195853469082	0.01448573972776246
X950085	0.0062579107556999915	0.002601801303243037	-0.004179909932677006
X950086	0.008501547378567405	0.00619069409863765	-0.01955659191938445
X950088	0.019009719052883046	0.010151376572382376	0.002934261013935167
X950089	0.02772647728980373	-0.010069965710770337	0.021977872328490303
X950091	-0.022680513608016824	0.014278696639848393	-0.0027884225732724465
X950094	0.03400634566331795	0.011186473753546353	-0.04581203410958069
X950095	0.01211637307633954	0.05550945007403057	0.0010841706623896262
X950096	-0.0097208907909629	0.00611186408282649	-0.0023502763251690476
X950099	0.07917190766043587	0.05683620953987974	-0.02738654048931555
X950101	0.017205363860696817	0.012962707996707597	-0.00016299126124616887
X950102	-0.024804227159978563	-0.017921624959811203	-0.018096518647001698
X950105	0.029223007195540298	-0.009151448508515223	0.00452369142966455
X950110	0.020679359913218228	0.017890407495160587	-0.01740954215117246
X950112	-0.013707460149207373	0.013182740417177898	-0.0003818947484220267
X950117	0.01836621020381419	-0.007176708699732414	0.004184090048599659
X950119	0.00872425733686662	-0.002495093490998004	0.012518695980209786
X950121	0.008841221012487691	-0.018709280637451392	-0.005372454662660128
X950123	0.009701248804333365	0.047252095421225854	-0.008767295063528264
X950125	0.007637562501751084	-0.017779447731551372	0.015399763764854317
X950126	0.018597464927746853	-0.020461916228176332	0.014676709001353582
X950127	0.006195546578227836	0.042672475715769785	0.002000096560599028
X950130	-0.01050641188105705	0.01947158630991872	0.0021715443168127697
X950132	0.011155386962797897	0.010640731223195983	0.011098569044341887
X950135	-0.005441992147326067	0.0224306649649846	-0.011915265690528783
X950136	-0.037376255461089955	0.01524702513543809	-0.02478169555784391
X950137	0.00518098827541593	-0.02278355904792447	0.02552224239506406
X950138	0.0019725419110510874	-0.0015886032739693742	-0.007002887421929773
X950139	0.05172042610859357	-0.01068183705668732	-0.025091348783708212
X950141	0.024319964419946778	-0.01633749094985663	-0.02318592004364746
X950142	-0.016110957750964338	0.023068281138774308	-0.0031614705364764375
X950143	0.009629930581926835	-0.027755831709884105	0.004255849663070845
X950145	-0.005800206977322902	0.002125375562227367	-0.007314183954138265
X950146	0.008384908668413486	-0.007146010462399419	0.006325141328960893
X950147	-0.029094099970888028	0.027047811796882718	0.017760429458496128
X950148	-0.019153979001937087	0.052844322300031436	0.005690988980115734
X950149	0.025700374433002448	-0.0012702289414212896	-0.023937532607026232
X950154	0.00319836806231682	0.002747229551127498	-0.009659731959890294
X950155	0.009628265586988061	-0.02225702656993531	0.006731397854314188
X950157	0.07498103589075918	-0.04783481575781576	0.0462814660690515
X950158	0.00930292426070769	-0.0031715169186488034	-0.0041606755883676775
X950162	-0.004169005149930817	-2.53536469811909e-05	0.01778561089606265
X950164	0.007718441008045978	0.007220827517692175	-0.01647065290048353
X950167	-0.0045297823436334685	0.010041533373791342	-0.007259065879235471
X950169	-0.0030850322849156277	0.010773392548650009	-0.02678833562391282
X950173	0.07686714364277508	-0.0013039902117677827	-0.017272608077886317
X950176	0.0032841469720950433	0.002517870158153465	-0.004558769705863495
X950179	0.0038973923447752946	0.021266537647872168	-0.026955404312307186
X950182	0.012662877557638532	0.0044972944167497335	-5.1840544100341346e-05
X950183	0.05146056962825694	0.008128551882381988	0.032073903736349815
X950186	0.030271755302337205	-0.012330639520463815	0.008780507877108004
X950187	0.00357289075604809	0.003227853037202377	-0.0043503411099362985
X950189	0.008354740324791103	0.035704599253222176	0.001952790302466015
X950190	-0.027867854299771202	-0.016614278259868293	0.02258228906848192
X950191	0.010370850157400278	-0.009733106214784118	-0.006649605695562718
X950192	0.015067590868381773	0.008445694523215641	-0.019023550726309176
X950193	0.05021783322693697	0.03559104685246499	-0.02193619144254027
X950196	0.027632784909952586	-0.013659127203603634	-0.002783894552939598
X950198	-0.0038861749849589283	0.006166829546417066	0.005458820136812964
X950200	0.019400677404884076	0.00025622855492670853	-0.024201320178946148
X950201	0.004656379648518476	-0.01288923571319173	-0.007526151980002356
X950202	0.006136272004264805	-0.007113205048308335	-0.013124620749492838
X950209	-0.010359526041652021	0.007577807400864879	-0.011032967419271811
X950212	-0.04087427551512455	0.004560993853144725	0.007643432379494522
X950214	-0.0006032751867976223	-0.00037195968538487943	-0.00396532816516955
X950217	0.00787470127982181	0.009497705869969795	0.013175769556028545
X950218	0.008930236289446503	0.006970701657401938	-0.0018901612755981801
X950219	-0.01121299750496217	0.02493182735778508	-0.023348936612688845
X950220	-0.01002682153786125	0.02381827849096689	-0.02429451030290113
X950223	-0.0117300884888447	0.003372142129199645	-0.0043705126853290956
X950225	0.04157437795626283	-0.03083171014203086	-0.03336748365223682
X950226	0.00818224995882704	-0.0070508410039816	0.012297890788283524
X950228	0.010661147278926957	0.023607221492238255	-0.006354854512545286
X950231	0.013027507911136835	-0.011782474376287516	-0.0015240717325630936
X950233	0.005974930465520494	0.008390036485829852	0.0024685964129219935
X950241	-0.0005224400751994755	-0.01517360100687919	0.007994742772709932
X950242	-0.0229667108906719	-0.009037427365345805	-0.012938234118325339
X950245	-0.005256364523541023	0.023547154808148573	-0.035089947843822654
X950247	-0.01401930916872471	0.02243976076734589	-0.019497833704086913
X950248	-0.005520950590578991	0.008368912712657953	-0.0005754426584478106
X950249	0.03076378901398786	0.018148509396050172	0.011910519052472111
X950250	0.031699967058666914	0.001548121921786139	-0.04507371391840614
X950251	0.010757041056874235	0.0020712247802199078	-0.009225947940391416
X950252	0.012345619076736255	-0.02575225796126779	-0.010527589882764738
X950254	0.020302729590767513	-0.022002289833742545	0.013317636817469154
X950256	-0.023834596910727795	0.02311551433210232	0.010055597628621368
X950259	-0.004144012675691015	0.005061278571890196	0.0028380233091868344
X950260	0.027168210901400654	0.020960928575365675	0.006223025929377144
X950262	0.06712404461332788	-0.010399903317166179	-0.03484492404545731
X950264	0.018282178983586087	-0.010769136760937003	-0.001782456221205524
X950267	0.014634909010513718	-0.0072544988407090135	-0.0009087253567010177
X950268	0.01649307900592262	-0.005733001868584272	-0.000221241506463874
X950270	0.022112786671876352	-0.010271010559311742	-0.008979238443933927
X950271	0.00479162564175736	-0.018772568743179754	0.004339938392714528
X950274	0.031348578872961795	0.005898557052864841	-0.018163180836801008
X950275	-0.003898833962722797	-0.039029653646155016	-0.031737636127709766
X950279	-0.036554632595151335	-0.010243899803912269	-0.022957932823985387
X950280	0.00547616894172832	-0.011693701284215425	-0.003834117993803912
X950281	0.009223599440579626	-0.025975034824949252	-0.009430920246717229
X950283	0.020483122188266208	-0.007429635723123913	0.014523130209326844
X950285	0.009744592862698713	-0.0011815469900818452	-0.00976776851141227
X950287	-0.020492546815889107	-0.00991574189443839	0.009842887009793654
X950288	0.025933228871821402	0.01814992209895597	-0.011419312620145568
X950296	0.0018635870000691785	0.017448655219438364	-0.01648394563593783
X950297	-0.00816732372503385	0.03483479695592783	-0.02205726322335683
X950300	0.03357743492857574	-0.0035564728623597446	-0.005605358398143163
X950302	-0.022438376616682167	0.036165359207119045	-0.029167974207462116
X950304	0.0006630719040255828	0.005412588125630559	0.01846377747363297
X950305	0.015074138978881236	-0.004699106332880077	0.012935184868575178
X950306	0.007814131983732764	-0.0036680395571062896	-0.00018456657788406321
X950313	0.018869330882824546	0.013416256325508281	0.00854003181697489
X950314	-0.03211150358975505	-0.004177427318857657	-0.00936597155588136
X950316	-0.02045086430047579	-0.003352908435270005	-0.0013617997262387355
X950319	0.010739443738071943	0.004719859737684278	0.011752561611815133
X950321	0.003581108998984054	-0.036611227575355544	-0.006567004684791806
X950322	-0.041171029849080075	0.03796464196251829	0.009385070996318613
X950329	0.02161172064903199	0.021861901789155425	-0.027065869819227702
X950330	0.008196809378198526	-0.015393686108058286	0.000261434097397328
X950331	0.02589616982400119	-0.0022442606412701165	-0.022405697462219966
X950333	0.006228368461139429	-0.034924893137736904	0.004884536797962813
X950340	0.020476358400964827	0.011495106912094858	0.004860462707866095
X950343	-0.005358339148709953	0.004122365057542443	-0.011932340154819634
X950345	-0.03220323427286856	-0.02252744025654413	-0.022473532603856778
X950348	-0.0024939768429288497	-0.011327379677398736	0.021724496113906075
X950353	0.018271933272472708	-0.011087227719643336	-0.002619423137679151
X950355	0.006488326230405526	-0.01190935514004145	-0.009962128560714966
X950356	-0.035876707759801556	-0.015942093022107362	0.014522642125957006
X950358	-0.021357433369112347	0.03415875140014763	-0.01127554389755702
X950359	0.010081062874734798	-0.009361624687433477	-0.007956398491544127
X950360	0.0053892369710750575	-0.02020322992219558	-0.003686811424737369
X950361	0.024275403710046915	-0.005556584975850695	0.001050193075240364
X950375	-0.018307378338401775	0.022330221144083503	0.0050861217254629535
X950383	0.025057594439402146	-0.0031720458500738113	0.0005269281718227243
X950389	-0.019498190983344897	-0.017294975843782243	-0.013034457565116496
X950390	0.0017148005716190091	-0.02314845799231098	-0.0005636231017590572
X950391	0.008039306720647389	0.0035867690581859453	-0.016451761982382417
X950392	0.009555641414199406	-0.004302312949335493	0.0027696711442099357
X950396	0.056619693764882746	-0.02303994684726315	-0.0462605383857603
X950400	0.020336139498723295	-0.0131606406918429	0.003972580376431604
X950402	-0.006233928348606473	0.0015626355560531791	-0.02455293332779053
X950406	0.010904794271377105	-0.011433598207839764	0.18026241796022943
X950409	-0.001976335902852173	0.0032947239461536804	0.010960567853534836
X950410	2.3038899422698377e-05	0.018996463509261596	0.0024759232922645005
X950415	0.08500686804398853	0.0698877879982482	-0.051372544701811705
X950417	0.0030367083021735973	-0.0004986582200850634	0.006046110824550843
X950422	-0.025694739829321113	-0.009326711870045284	0.007341520480726517
X950425	0.01592404243863004	0.00862298553375341	0.02181474662930406
X950428	-0.055529803062548996	0.04445419691285542	0.02752032034711155
X950430	0.01732404402275007	-0.021681476173360626	0.005880128843592234
X950432	0.007943326885756575	0.00649299925388369	-0.022203676414109967
X950434	0.002012809159729789	-0.001283014312668243	-0.006407900083248265
X950439	-0.004372802379329492	0.003499388468358902	-0.014168583247132943
X950449	-0.033378864053770066	-0.006499643160918813	-0.0004865781617720036
X950466	-0.0010052756930987142	-0.01584255967256024	0.005287636021556004
X950474	-0.018403370558747575	0.017722315833545745	-0.0012611989264795398
X950477	-0.007227183605980673	-0.055617711286444486	0.013519081266282318
X950478	0.0024589076439902433	0.006286288639535871	0.00016792937510380382
X950483	-0.02911393620210452	0.00958238515632826	-0.00299464088054193
X950484	-0.0001565581847873632	-0.03049263452291952	-0.009472177175389009
X950485	0.05939112804961809	-0.03188765559911601	-0.051308145477426084
X950490	0.011870642954583423	-0.0198758593155356	-0.0023507920060563932
X950491	0.017932003790575593	-0.010801990052997094	0.0025648474274065428
X950503	7.126493029934861e-06	-0.00671160289984246	0.012473910884520979
X950504	0.011223021226229358	-0.0033984054089209017	-0.001430314923713253
X950509	0.021418104696586317	0.011605969233887214	0.004406269444708801
X950512	-0.00666461457371972	-0.021969180878259793	-0.000696341287255329
X950513	-0.0014909900192662175	-0.0032424753282085978	0.008821775595572335
X950516	0.0046698366101496575	0.01366939757344888	-0.015870925270709987
X950517	-0.0033396639997028874	0.002409984228005922	0.003661034747312777
X950521	-0.0018002864038492866	-0.022089375231544972	-0.022473590554578187
X950525	0.014066632699059774	0.003167884884161698	-0.009640618670119101
X950528	0.019901766082304293	-0.012159762956458537	-0.007045344285110981
X950535	0.006795205469527869	-0.01253708159755429	-0.009808477310290989
X950536	-0.0008422370352218958	-0.0017048164406300982	0.010624697524662356
X950545	-0.003955648670384414	-0.018827469873445444	0.0016577998848604735
X950548	0.03667180612309375	-0.020704893531779654	-0.007482624226688662
X950550	0.006127872090460667	0.005293467921245098	0.006317765321697561
X950554	-0.03780163927958472	0.011233899334160828	0.0005584924221290366
X950557	0.020990482022545158	-0.014213023677398894	-0.0006481052909616646
X950559	0.0027732334600235947	-0.006658301958038607	-0.014035523931500348
X950563	0.023902854295453763	-0.002815429860188021	-0.007767774081145464
X950564	0.009337172649568744	-0.022184550423939183	6.669780730002687e-05
X950570	0.003651532469447873	-0.022544596443262094	-0.0004026164903534238
X950571	0.051489096811015336	0.049876841889534715	-0.051864587842340354
X950572	0.016918387696486268	-0.0018197650385541532	-0.008525424036136153
X950577	-0.004092907723560767	0.011094723759784774	-0.0005792236308843131
X950579	0.017407752487701024	-0.004617412635074607	-0.010250770224936548
X950584	-0.07016837142292798	-0.12296462570127861	0.028448260935985032
X950592	0.01266413237257166	-0.0002475347792027592	0.0024004440332641382
X950593	0.007230877909808442	0.0038519138524860655	-0.004241318621504784
X950594	0.02971537912222346	-0.016203698737331417	0.01962754808127839
X950598	0.015706464899355288	-0.012498016899803562	0.0028059205530463023
X950602	-0.011470104578376421	0.0009199207027922987	0.009290506690154287
X950606	-0.020060781733764677	0.021215482995117177	0.0051974171297010695
X950607	-0.0005369582762081457	0.01871485125449651	-0.008837651444164537
X950611	0.027745631828050114	-0.0028348467483535265	0.008020755479765315
X950613	0.018702317457079964	-0.0016802550145798506	0.010738557579684806
X950618	0.022549691755114256	-0.005853463689746848	-0.02484220551887477
X950632	-0.015711190604181108	0.011506067916536538	-0.004268242353812273
X950633	-0.013910431899791952	0.028262053739686294	0.03213741739151476
X950637	0.021455486333538422	-0.011351926571448887	-0.0003141863719955271
X950638	0.02877941027837982	0.0025594293612733543	0.019358124582258045
X950641	-0.00023671118646107715	-0.003490212198394167	0.01782733525395401
X950642	0.0063263759628858565	0.021987841894191982	0.003402961491444082
X950645	0.004602248934762833	-0.019749713616790548	-0.004622116970222925
X950649	0.003950358435732177	0.0014988982627330211	-0.022182048431356086
X950653	0.016221457027748402	0.0037261530511080994	0.021424786516771394
X950655	-0.0070850303635764805	-0.011111586070553956	-0.007290387461319029
X950657	-0.001361045827435089	-0.03453450266946138	0.005020650144000004
X950661	-0.10329862916075419	-0.13683011826363076	0.02772469647671745
X950662	-0.045740684357756065	-0.014658272440911177	0.01662088305082281
X950665	-0.011342048570550083	-0.0005627775723196737	-0.00538737359218811
X950668	0.004616740380121122	0.007591970557235671	0.009587846649542682
X950675	0.001599871335333832	0.0011469654620168803	-0.0047795624862748695
X950677	0.007502530350405423	-0.0015881241072576774	-0.004326002275903033
X950680	0.028220845151147776	0.00034678232643272906	-0.022471238733208717
X950687	-0.03081999865268977	-0.023235296793047738	-0.026887480176727662
X950693	0.0038711651598351392	-0.02311190913034261	-0.004458647138405871
X950695	-0.003951097366517324	-0.005739193552435458	-0.009799303451880664
X950696	0.009830435544346065	0.005098188582761168	0.0004679834479451381
X950705	-0.0017751398631149127	-0.00744718179200453	0.0021245723333556286
X950714	-0.043008246918679285	0.0177047288279911	-0.0015224184092203364
X950726	0.05213522165295846	-0.026290776510788153	0.002816251071760198
X950728	-0.06275258440714053	-0.00679168968289689	0.026419385776581716
X950732	-0.0113522755053427	-0.0043352424846629664	0.014660873021192983
X950736	-0.006357011531903156	-0.021944615144823248	-0.020565394592800084
X950746	-0.010849397461631811	-0.011862255277192507	-0.007192991207529584
X950747	0.011598706749049035	-0.016398101582871492	0.00738944731275962
X950752	0.008723175843899296	-0.019159343554739684	-0.009754368630721448
X950757	0.03741279691716233	0.025960464099729092	-0.004272572402744976
X950758	0.003370851887285484	0.002001837125600594	-0.0071314032170707205
X950759	-0.005225167208238022	-0.00711121488677792	0.02110805639593348
X950766	0.004844525807121823	-0.012541027889705375	-0.0001301145231640617
X950769	-0.002814446499605079	0.042536854559975835	-0.04141174779072674
X950782	-0.0022065683022762708	0.013293613593368832	-0.0019635503215004843
X950784	0.008889621166096985	-0.014818270540672508	0.0016941402753989196
X950789	-0.006039310400889063	0.005026048291001128	0.00027359542146950005
X950796	0.02754060704317193	-0.021755146668015594	0.007498753206775554
X950798	0.024535569711447033	-0.00483268281256728	0.00819961318326937
X950799	0.014902266346801	-0.028799919322635276	-0.018856870942994996
X950803	0.02938846539005375	-0.013954340325919521	0.0036175409576931854
X950804	0.02149585215144847	0.005120965041772255	0.00975749095193441
X950809	0.02336412623582995	-0.01299470329476418	0.004427944041349422
X950810	0.011196349314995123	0.01088627294747724	0.0148557527531559
X950813	-0.0005571531407040146	-0.027785520705441564	0.01975530039238216
X950816	0.04274432972633372	0.03286508185662458	-0.021924423195701863
X950827	0.03321886192269434	0.0031929065505118693	-0.01010354818633816
X950838	0.02256214684750404	-0.01918387698008153	0.00818683136095672
X950841	0.02915580917064958	-0.01064945778542461	0.012487295819900556
X950845	0.032614756852841174	-0.002564509222578713	0.06654801295465365
X950846	-0.00676875927156917	0.011427450160358286	-0.002270083011393458
X950851	-0.013794749880720767	-0.06506346526512612	-0.015892597519354457
X950859	-0.013040745794277178	0.005124164173938222	-0.011615779754169286
X950860	0.004610467107059056	0.026258831775490925	-0.02981053338060096
X950869	0.0032217083256746277	0.015675852195639255	-0.01388575715026668
X950873	-0.015198193275469535	0.002025384263602105	-0.0016059843528358846
X950900	-0.027498654405476844	-0.011450632878336437	-0.017611174526965673
X950904	0.014931054026584635	0.009270353475574509	0.01667063275704959
X950906	0.015592778939736639	0.017643827508131545	-0.0031001046370059625
X950911	0.012118479070517104	-0.010835892930618466	0.009286388330071116
X950914	0.015110107795592789	0.0035470995368056587	-0.031084925912498448
X950921	-0.03112037801880663	-0.013389985917946328	-0.021113562227478573
X950925	0.033606503629498456	-0.018551504721248845	-0.00654141113395827
X950926	-0.021818183106781495	-0.028324575937344547	-0.029444189134385422
X950929	-0.010205699433489146	0.018009973355456864	-0.011673929077498686
X950963	0.01820427197112687	0.014040773143806116	0.018544508744793863
X950966	-0.00770032506106398	-0.013690902406796386	0.013467991017806161
X950968	0.04032450302599258	-0.031267084889391374	0.0052072157340769
X950987	-0.019496146145017417	-0.018139093680377395	-0.0057541791836422254
X950995	0.014223623089498956	0.04356970484227565	-0.004543475698725058
X950996	-0.023933308780044113	0.020948254976196894	-0.00027556400440344355
X950999	0.03542471190787588	-0.0019841466468571295	-0.019468684312734637
X951002	-0.007974969219505674	0.006215144262133676	-0.025734299519164554
X951018	-0.00039926747788643314	-0.002977690404042361	0.011221472863759298
X951019	0.03128110330534949	0.01894517014930451	0.030208521130590065
X951027	0.022630445419809478	-0.02545221790567601	0.016248320731721697
X951030	-0.003998177124609154	0.0016152819638230334	-0.024617963583327986
X951041	-0.011731009848554174	0.004685765323111243	0.021094514632621193
X951051	-0.005618353406912529	0.02606669064793097	-0.0007451948973778371
X951054	-0.007331894659137535	0.00017129790189584357	-0.007100556298053429
X951055	0.004618824714460238	-0.011219221613299434	7.407361916164552e-05
X951067	0.009493884479093278	-0.004830995887495051	-0.004603082709702448
X951071	0.011921240472273035	-0.003168821165426727	0.012168250824774619
X951083	-0.02160522782534287	0.024046560513898838	-0.008114949104498283
X951085	0.043455012516580016	0.041278386286003665	0.0004727226420996089
X951115	0.016601152514842205	-0.010054118893095359	-0.0036247007342543277
X951141	-0.05698020470868526	0.02528378182628839	-0.002426788265414217
X951144	-0.030402474774905135	-0.0017619420649166826	-0.0367385578191285
X951150	-0.0007350468713475976	0.019635840868009607	0.010485761125691082
X951151	0.00518204065910676	0.020574989651994575	-0.016147041329886893
X951154	-0.014785076902330586	-0.0152741266356653	0.014295216803424032
X951156	0.007023178919009785	-0.014092286562003507	0.00619598550251958
X951162	-0.020731163265443883	0.006887719538481193	0.0029405049555274445
X951171	-0.030318988330485675	0.002209880993161216	0.02018478108210795
X951174	0.012179730802439542	0.02621485009358444	0.0025022299454508143
X951242	0.00992057289377354	-0.016002014717440265	0.0063707032763943286
X951273	-0.020526004042720557	0.0007764040272865956	0.013814413818623517
X951284	0.008477847479000027	-0.015727461881507268	-0.0007540444292111925
X951317	0.01913613557355653	-0.018915481659965334	0.016190126490244875
X951318	-0.0018088594522555669	-0.03019551549814431	0.004505239624076465
X951322	0.015959321473303527	-0.01587796231218459	-0.018629598980562753
X951337	0.005945816705075845	-0.025949902205195625	-0.011694539931641828
X951365	0.03488740995516123	0.00762899993683297	-0.017098696711772932
X951409	0.02275838342266426	0.03295719109140803	-0.033919254098938784
X951429	0.025406967187426684	-0.0031216404167149574	-0.015822888277919372
X951457	0.0005134380155947672	0.001522064260046312	-0.0048454536353779755
X960001	-0.05822941101175093	0.057166430285873066	-0.03075842061679837
X960003	-0.006991814835148427	-0.004240819859826847	0.028164919317944462
X960004	0.009435159307690106	0.013070302951046683	-0.03276717150003501
X960005	-0.012840390106063727	-0.0126154404755414	0.01716382887165791
X960009	-0.013260275990467833	0.011123382531785932	0.0390720152325318
X960012	-0.0012010867918431415	-0.0011368757393785047	-0.006179486636693057
X960016	-0.029717905105454488	-0.018410357834087412	-0.007081326231810069
X960018	0.020664263654846457	-0.03481673802345894	0.010275810460010769
X960019	-0.027992190236661853	0.06876248059661047	-0.08853066356282982
X960020	-0.018923284933381867	-0.01981229781846575	0.0049164020023779835
X960021	0.017405200769970857	0.02537947002269854	0.016807768784730445
X960022	0.004521479186543124	-0.0044887532542266986	0.010082257958435958
X960023	0.033358723183313795	-0.03012433639129053	-0.028314842250707798
X960025	0.019021325558481916	0.0073926771598606025	-0.011013477188787582
X960026	0.004499397841612816	-0.010979836290066668	-0.024642849498972007
X960027	0.017609050689686784	-0.019979506132214758	-0.010939972899115072
X960028	-0.009573980254378707	-0.01212982814631969	-0.05057833124678635
X960029	-0.00687593780837961	-0.017239592413862494	0.008436915012310843
X960030	-0.006880680026937902	0.013166655288539048	0.026289709943747203
X960033	-0.02250569698139318	0.019263654061561282	-0.02166735382854013
X960035	0.0019768196542814006	-0.02908352883909475	0.004137010061411286
X960037	0.041674672605611536	-0.01795801333038209	0.0023846123192461533
X960039	0.009587156334158665	-0.0014780874768049975	0.014954490646538924
X960040	-0.021833185698856766	-0.031387148364802726	0.015171714139357275
X960044	-0.007254101675054622	0.010662887326865551	-0.015033165067306639
X960046	-0.013522539229587899	-0.03308752137795069	-0.07265768120510005
X960048	-0.028080644873852947	-0.031385775908881086	0.04502325605419682
X960049	0.019618619586037056	0.011990865799243113	-0.0028975992061759438
X960050	0.013334464984039179	0.008907038654207847	-0.02088608450121202
X960051	0.01354400299716407	0.003754209182970601	0.011127213717416106
X960055	-0.0049936657240509386	0.019284489033715584	-0.013512537567507098
X960058	0.013404170087349202	-0.011485981340685254	-0.012646575026872692
X960059	0.004618095723292676	0.013215009316151589	-0.01574965841969262
X960061	-0.00867597963943366	0.04190468711156555	0.005641578070469425
X960064	0.010099812741319856	-0.011047767462197692	0.0011908209248113256
X960069	0.0224775960904047	-0.0008062727825220838	0.023406205657945708
X960070	-0.016717049384630908	-0.0065936091862122785	-0.0014753091002857347
X960071	0.0003367135045537332	0.015217432295788117	-0.013845018384226165
X960072	-0.027731373452054238	0.03507635379790997	-0.001836413486883745
X960073	0.018697849466695116	-0.018494655445618468	-0.005832796015331227
X960074	-0.010544304409931989	0.011251407132824734	-0.01170940819187314
X960083	-0.007964379720751766	-0.0032520204474188025	-0.0019679259131813944
X960086	0.0023730936192023805	0.008042470615412923	-0.0806629293951165
X960090	-0.024683951396121083	0.025744933809969606	0.00598615365706323
X960091	-0.0028582359325529873	-0.03157676057197072	0.002281020201414283
X960092	-0.008743257359066593	0.03479282849073844	-0.007520317837416879
X960093	-0.014420800517168167	-0.022829277433945114	0.023030797489868284
X960096	0.0059624911295022695	0.011828744391644726	-0.013555972075540853
X960097	0.0202546652200693	0.006797189859200331	-0.006004682427750089
X960098	-0.009041933808900879	0.0015348070825957204	-0.0010350545300307392
X960099	0.009084610189787734	-0.012843536736953636	0.020189103817697337
X960102	0.007290123878733022	0.0064107434190952975	0.01974513435511897
X960104	0.02512696665768767	0.03642833878533109	0.02001605400104666
X960106	-0.0009738092319452972	-0.012297150748854888	-0.004610630196576766
X960108	0.0010601781785031835	0.0004171641698990242	0.019053225185295616
X960112	-0.010075848044178607	-0.008169590952381645	-0.06549127720139432
X960113	0.008889061593661452	0.026464307481920118	-0.0031267120240034215
X960114	0.012875225701311296	-0.007347861429200571	-0.014096886736426282
X960115	0.011177271998441951	0.001095005184181658	-0.023434959797722903
X960118	-0.019898084356437435	0.04316796963176933	0.004901759222274677
X960120	-0.007136747212333535	-0.0008588404599974905	0.006229357133592132
X960122	-0.050197636708687814	0.05663738366023448	0.007379688677747009
X960125	-0.0190046214538777	0.019566280009199317	-0.027283905789533665
X960126	-0.03793820443223301	-0.027598391448535497	0.022155969730238215
X960129	-0.015091343206849172	0.01982856234735784	-0.007368831682734517
X960130	-0.005518952768606967	-0.02498671700267868	0.019600408029964503
X960131	-0.006865682676915774	0.021470200418380818	-0.011569976783198092
X960136	0.035610584972031005	0.03211758800350199	0.004103559835486469
X960137	-0.0017159441041500795	-0.014281349168814331	0.013829452523223734
X960140	0.013349547354444154	0.011625102846912183	-0.017245457095776365
X960146	-0.008441263413865831	0.04766511210329193	0.10389828001270296
X960148	-0.007798343286349098	-0.014050034335148625	-0.019192116565613378
X960149	-0.011970695955229496	0.003182066014828374	-0.00031308911285947866
X960152	-0.012832885456605209	-0.051603766168946616	0.007181913250995982
X960153	-0.029361966270320294	-0.010268346466300236	0.023559874718983867
X960154	-0.03878532768610051	-0.030939198053091466	0.003577990807911633
X960158	-0.012863456033910998	0.0008428777189854129	-0.0125226311580852
X960160	-0.04456223707019911	-0.011981860372983131	-0.005471110963172553
X960162	-0.012253717089398155	-0.010246907072478467	0.008581009721681167
X960164	-0.019473788889397707	0.0030120784216036527	0.0007106868086977972
X960165	0.02111523546682022	-0.023059560169146853	-0.05243996318340449
X960169	-0.004050391363331017	-0.016557423089875577	0.014084982004393558
X960171	-0.061653938882565686	-0.009526510993501857	-0.018520902350142178
X960174	-0.033977169087649896	-0.03246506491426202	0.024955476668205905
X960175	0.0025437608617018353	-0.003580348356613902	0.0021857145691941645
X960176	0.016316864394665825	-0.0065545713924895855	-0.027477248011891497
X960177	0.06042480617635262	-0.03102886150876054	-0.03352951487942131
X960178	-0.0010600276506608638	-0.03866187468311535	0.011392382428670834
X960179	-0.017372662246745735	-0.004124683723650844	-0.003960196576823468
X960180	0.005648997007770286	-0.027566101956755018	0.04892554846192781
X960181	-0.020046141671218567	0.002318240341352095	0.009892526181090747
X960183	0.027804692341994723	-0.03915117879136002	-0.011049684651266448
X960184	0.008835757760082719	0.014842585884348324	0.015783723359573086
X960187	-0.04456196311456485	-0.004370339455729136	0.010785179572551032
X960189	0.022442178500976552	0.0036672794278690985	0.10772928547950518
X960193	0.07441462849615887	0.051473153009571435	-0.004386442997783039
X960194	-0.0067804126105524345	0.01833667863918986	-0.05967609236008606
X960197	-0.0009177276335216011	-0.006695273053379667	-0.012644405595991422
X960199	0.009920662015721518	-0.008650347449480088	0.009560735890161156
X960203	0.04854988627551676	0.017132209667131058	-0.005850403624324365
X960206	0.009663628748029684	0.06788774050941651	-0.059435296548658215
X960208	0.04930649459022104	0.004328961740674538	0.12484451452648608
X960212	-0.02457640897142521	-0.013693624501912017	0.00021760592851958135
X960214	0.01940292293972292	0.035039641948911154	0.04656933990764437
X960216	0.006612376550316176	0.009912359448035193	-0.011645739631072568
X960219	-0.02874631397876298	0.013224458414243743	-0.014292429035792746
X960220	0.006665781844282703	-0.018512024171484	-0.034423109090674586
X960221	-0.04433177670134902	0.005445875401011667	-0.029235031857742347
X960222	-0.028279436143459714	0.021297470816246847	-0.03261779080280032
X960224	-0.01658430042870837	0.0023543327066176557	0.003767890938431909
X960226	-0.0938918436458019	-0.012777274167081545	0.09769310903067549
X960229	-0.0203508287030362	0.0088147589132406	0.011348882481706004
X960231	-0.017225779923098716	0.0302388525938203	-0.012765861824277613
X960235	-0.022513859461170502	-0.01123294063660314	0.0212512107910104
X960238	0.014718178856840984	-0.028050666690423127	-0.037314801857454075
X960239	-0.010849358527455588	0.049139655636619074	-0.02205427223081375
X960241	0.006362805656202903	0.0045678217679088	0.018963148676937398
X960242	0.04736450481478864	-0.00864890138537565	-0.03665267489886359
X960244	-0.009744047420988992	0.01660926116232891	-0.023237393792975104
X960245	-0.023586046595361544	-0.015589740920104216	-0.00038995020222928466
X960249	0.02830571720785256	0.010179941017803597	0.03045241533845579
X960250	-0.020753921578543416	-0.01720405218619065	0.008822718757578615
X960252	-0.02863292275070218	-0.022833109704340424	-0.011100730927769472
X960254	-6.731229448106248e-05	0.005650884416973414	-0.01682893063277315
X960255	0.005653752623847722	-0.0003594104903237523	0.020552964805509666
X960263	-0.00027131563394327456	0.008247199660463417	-0.005034188121232621
X960264	-0.0036760803028556446	0.00017121537257056024	-0.0024402658496183427
X960266	-0.03811891759694981	-0.023271032368115757	-0.0033947119499702664
X960267	0.0006644090682845341	-0.00885356201769483	-0.005836375032767707
X960268	-0.033101801964196265	-0.0033481167342794753	0.0071865467723362
X960274	-0.023989828078671775	0.018484403089528697	0.013651197339084415
X960276	0.041430627023208426	0.019206438026660135	0.025068727956554564
X960277	-0.009715346120541618	-0.008451819718808373	-0.02945882146810561
X960279	-0.04236606420590038	-0.0009571314210425906	0.0070759567989527265
X960288	-0.0013308422904942895	-0.004011511752534466	-0.01420030992701998
X960290	0.0008121786555092364	-0.019840909334142686	0.0011598965949718876
X960297	0.003846189856000087	-0.014830743339511775	0.009922391338287689
X960302	0.05953339681220306	-0.020854083692766468	0.0023371732487331063
X960303	-0.01520747009298104	-0.022061582167288155	0.011847650893236073
X960304	0.05390376558500004	-0.0392556058746371	-0.026305176844386945
X960306	-0.06717155549070007	-0.0776026651484553	0.018022302361396417
X960309	-0.03220396378801515	-0.02261189849083738	0.022550740027129087
X960312	-0.05723129558731903	-0.015888224203110046	-0.0020565191847849913
X960315	-0.01422989878214774	0.0003180064732108044	0.006401156522592331
X960318	0.040087942974732844	0.03732044230313765	-0.022358149154233547
X960319	0.014489490741549933	0.029543097323225978	0.03622041800485914
X960322	0.016974343989357318	0.002528214019487839	-0.011277860421813241
X960327	0.026573285802253266	0.007002230735505681	-0.018587109084167653
X960331	0.005465321069215084	0.01453782141296878	0.007409418262015849
X960336	-0.046829858400446595	-0.023060643200924037	0.0008652367988735206
X960338	-0.04698275933499097	0.0025389278383131484	-0.002917092179045829
X960339	-0.01006361490699423	-0.004132752684351419	-0.007895842854660785
X960341	-0.03817692709118396	-0.01953346942927691	0.029928485274102884
X960342	-0.015526115670326829	-0.020492535230613382	-0.008372934165096433
X960344	0.02060607207618642	-0.014879763536479256	-0.03288078181889887
X960347	-0.00940502833733187	-0.003988118128674642	0.001992362723123651
X960348	-0.009127371781217792	-0.013837688235053299	0.010519706259115285
X960350	0.025443455487146042	0.014998507693506958	0.011143672160888787
X960351	0.017683671787616793	0.00786669167472184	0.005397499584719803
X960352	0.033951852691860525	-0.0007440523596483897	0.007983381082851402
X960353	-0.04055257482198441	0.05603988501348743	-0.02619590641821548
X960354	0.010010102493792998	-0.011538160461572668	-0.007171911555490485
X960357	0.028935066780499497	-0.03466967991957978	-0.021656761429288345
X960360	-0.07389511759370421	0.022449593887162212	-0.045329327953185644
X960362	-0.002417244236720645	0.010220479885552244	0.018830521070531354
X960363	-0.014094845957465654	0.026007179092839453	-0.03289639477775844
X960365	0.021386661640204408	-0.010467385929092557	-0.028044616058213356
X960368	0.010662682924102855	0.0001541762384446634	0.002080472008021065
X960372	-0.000977590745186312	0.018482239961809862	-0.024350914388393197
X960373	0.005891392621246399	0.014068026061894267	0.005131207929921296
X960374	-0.07338222304808138	-0.009744780364757918	-0.015699734935629685
X960376	0.06427746067865721	-0.02258466597045342	-0.009544817795007371
X960377	-0.0373179013087056	0.04930473615042132	-0.03100043485803859
X960379	-0.006967748226409816	-0.0019184830587443398	0.009710803935556006
X960381	-0.037490474173613474	0.05272887309056506	-0.0017282513729242582
X960383	0.005096305201971352	0.013386089275719434	-0.007193718843128593
X960385	-0.08583674548616332	0.06644652238541827	0.013416355265930352
X960386	0.0032588746656374177	0.027857633493771957	-0.06961583664388772
X960387	-0.0262546451703115	-0.017380791960772874	-0.01958839495691908
X960390	0.017327770042852932	-0.005127550276119197	-0.01207283733568294
X960394	0.0339942792850167	-0.05022270855687393	0.0009366051504244543
X960398	-0.03469061868309717	0.02911652782901565	0.014253443788622892
X960401	-0.0011654342655872093	-0.022594565349454563	0.03969108341014988
X960403	0.0089310424457347	0.0006094543142053837	-0.006983995842707485
X960404	-0.025978210266674084	-0.017654740355187108	0.008377011540115213
X960408	0.0699526269128887	-0.0423731416235091	0.006168104737950335
X960410	0.02356621762002845	0.05083874636652478	0.015859732901356244
X960411	0.048056502276623114	-0.021613334487300292	-0.0074982198881261355
X960412	-0.039617308923674655	0.032342349170402934	-0.0013611506951263918
X960414	-0.05365233284363023	-0.03486210239422336	0.004814800209218793
X960419	-0.005892881753700731	0.010539503497239134	-0.007879121075279381
X960421	0.08494162316707986	0.09170101618513916	0.012824792879799825
X960423	0.01214879383499465	-0.005326051342046662	0.03285943324732273
X960425	-0.001735977572540506	-0.005195396633699861	-0.02273377869005377
X960426	0.007159891762248693	-0.004799143511307109	0.008630889624516734
X960427	-0.017210488503476357	-0.013360057748613733	0.00041141779119208035
X960428	-0.002966514208573145	-0.012596570553989129	0.03454818407752144
X960430	-0.02078440857752719	0.011215687981705484	0.0018401155226325367
X960431	-0.057190691424031964	0.006198046314803006	3.181681039307943e-05
X960434	0.007861322548467609	-0.006704770334777009	0.03922066588031186
X960435	-0.03313642166630583	-0.008365882679395246	-0.008759960509782084
X960439	-0.024707787496317954	-0.00728807141727992	0.01688230861223066
X960443	-0.035741801653567065	0.003687809543325123	-0.08007101572493079
X960445	0.00822717331318963	-0.0014204070904516469	0.006261355557466513
X960446	0.0009215723857001043	-0.014328323262108507	0.003607385290588416
X960447	0.042113092495778506	0.04047753344987545	0.0011152012978054668
X960452	0.021774405793597244	-0.01844897757913625	0.0017791968630785306
X960463	-0.09955849631576355	-0.17964874842122094	-0.05608773231848315
X960465	-0.023263437528964908	0.04399101346074525	0.09298798805599195
X960478	-0.02594962365079259	-0.009786082910897878	-0.016851829321810043
X960480	0.018871816592626753	0.0003238880090233817	0.014432821564418016
X960481	-0.003677980032600626	0.02153145542563932	0.007388311997516388
X960483	-0.006206108878185832	0.013727410089976974	0.03989336368171325
X960485	0.08354474165639389	-0.01079176799452279	0.13913870075076376
X960490	0.0016644539075250202	-0.009146993133489132	0.0004519801183998672
X960493	-0.006349625472977822	0.04706098577243562	-0.03431352767287068
X960494	-0.038352018839684796	-0.043531918284122575	0.07946288974962726
X960496	-0.0005079502607240518	-0.004428189139808671	0.014644418307478813
X960501	0.019227421836743655	0.0005067424809887329	-0.022838713242944276
X960513	-0.03366560068169938	-0.02986053062443953	-0.015741344793550202
X960516	-0.004537729530502186	0.003534941598799402	-0.0017038163566082123
X960529	0.004389063932925434	0.004571800044952152	0.014071983997274145
X960538	0.028980116060752282	-0.030303701835401195	0.004257031028028277
X960542	0.11352292377404692	-0.0700130743702449	0.02224121075237043
X960544	-0.011230405533133396	0.04799036764320314	-0.046296873591278896
X960550	-0.015436534741276247	-0.03458669722906231	0.00882273238996373
X960551	-0.027470693933343764	-0.008600071282889973	0.008242863189725428
X960553	0.010235192690526335	-0.0059534668064563515	0.022987801823906983
X960557	-0.05321809922043658	0.02417800595512454	-0.011978733652742577
X960575	-0.023377154290336006	-0.06705154934829745	-0.13640346982040144
X960577	-0.009560983902733173	-0.012579486560848249	0.005614262472818998
X960589	-0.032832113462316695	0.038475814389095246	-0.030293995607312465
X960591	-0.023074669737782896	0.06077267031149883	-0.04833706636380364
X960592	-0.07257956713639846	0.08959192517613704	-0.13920939869522023
X960596	-0.0446705385042419	0.015179290743996569	0.001012318775252879
X960611	0.013572306839822208	0.011314948316688389	0.01491629864703646
X960612	-0.037054780625083744	0.015492129040301759	-0.005006824591722793
X960616	0.014257739316441123	0.001363890141123422	0.02092896544865523
X960632	0.00828222900310448	0.0006939283775970915	0.012355749319354304
X960635	-0.004542885646419803	0.001975715984374548	0.0023507925265183285
X960636	0.008871573519898621	0.009042098720071036	0.0032979571812071055
X960639	-0.026165417759645943	0.02448235677056601	-0.024238575336850247
X960643	0.005285192212421563	-0.009658085267325927	0.010001957760770296
X960651	-0.04800366945592667	0.02921535645701713	-0.022345265198344556
X960658	-0.031241577171420846	0.0033800009595543763	-0.04786824903153334
X960659	0.0307887100784256	0.00688584707253071	-0.005924783508605134
X960666	0.005933838817404754	0.020259035179561066	0.054284200498419394
X960667	-0.0005590077708512037	-0.004200438881406732	-0.0023339982684235858
X960672	-0.056100927969764264	-0.008982494526492583	0.003130608592297272
X960673	-0.03199534497917513	-3.549277499323444e-05	-0.0658718517872358
X960683	-0.03567120252879557	0.04892668866387736	0.014171486434965557
X960684	0.028428276829668905	0.018799799141760446	0.01452189119167856
X960692	-0.03932811815819206	-0.035947598152022864	0.01683956599020175
X960693	-0.00908021845880509	0.010877803976722932	-0.008742979483006423
X960712	-0.039186115829050704	-0.013132117366437202	-0.044445219084247416
X960719	0.027415827134763048	0.012750080249054314	0.03057197061757276
X960720	0.09672841310782405	0.11522815032874104	-0.041002870176431526
X960726	0.057264281269952574	-0.03528101834089637	0.06066866350345434
X960743	0.0901095951864999	0.08410355125253674	-0.07610319726787929
X960748	-0.013097352082864916	0.021497800191743337	0.0018283323768236394
X960751	-0.06621275338824181	0.028260909571960258	0.05936139110579901
X960760	-0.02280607455279035	0.026004826763258555	-0.008735388561403806
X960764	-0.027958225584338567	0.10335059638144424	0.019340345464670422
X960788	0.010888602711485385	0.014316991783657806	-0.0634203130436595
X960792	0.037323696286483264	-0.030230358246067537	-0.0032222459498518386
X960793	0.0026035409128706173	0.056177859976235006	-0.0354057725245614
X960795	0.027049713962146577	0.015845419033537325	0.03371321952371342
X960796	-0.0033245655316302873	-0.004191296664621211	0.00890155240412119
X960803	0.01022558060741966	0.004479385047345091	-0.013348890107040358
X960807	0.008800891217899778	0.013324628478113177	-0.026701455396699197
X960837	-0.005151741168720857	0.013147715670403215	0.002448801228499782
X960841	0.04424098143184167	0.04562946876537566	-0.061689648786590695
X960843	-0.018805007469682365	-0.016800811298747578	0.016283194688720633
X960848	0.009709584666293267	0.010258122538062504	-0.016270719602570552
X960850	-0.029320619781336574	-0.03404354027429592	-0.09157167532067018
X960851	-0.044016748569461035	0.025159594663389177	0.019802616411215456
X960857	-0.021818930366172145	0.024092437883055838	0.006588061953726218
X960865	0.05238145026824603	-0.017599577657030838	-0.03199630698594489
X960870	0.006551009760719887	-0.030319755751382137	0.010868026535754418
X960875	-0.0030170727988635595	0.03467048009314602	-0.039333061695734785
X960883	0.05649182880923112	-0.006778527089619842	0.022977222289583467
X960884	-0.0069996590368576455	-0.0014092519041346463	-0.011588983605232524
X960892	-0.007975475699742654	-0.004532457424244003	-0.0010331755355845941
X960894	0.012783406784811137	-0.02145359441668434	0.00796756146426515
X960910	-0.011849485530839815	0.03079793492766058	0.019292858747541514
X960911	-0.0070820697243010825	0.006099577687620024	0.022431705470781764
X960920	-0.038456716923591566	-0.00402189803886627	0.007642853570714433
X960934	-0.11055827600362952	-0.1374525189715107	0.04868444407347079
X960939	0.01273179779466359	-0.011045626883178795	-0.004378825303692712
X960943	-0.0010570061869133742	0.016620045435860854	-0.01705887801433417
X960944	-0.01451055721578334	0.06713237801245285	-0.03505334799030995
X960969	-0.017882102311527058	-0.0037449939069964483	-0.010573091050090149
X960972	0.039554880323749986	-0.023575295355115124	-0.01636813484293522
X960974	-0.0063789901670569665	0.0015927617490977476	0.0028925075066210475
X960981	0.02513546612731936	0.00826281584336881	0.007862629811185217
X960991	0.004606074023416325	0.04723616241718412	0.05292415709212971
X960998	-0.019741568921480105	-0.02673331564400594	-0.003559032823820461
X961012	-0.007429358994869669	0.012037724046883394	-0.03669347157594537
X961035	0.05745364315950429	-0.05846879188143123	-0.07801927020823266
X961077	0.027445249959676555	0.02596843865406811	0.02851111075435422
X961092	0.03004106817408097	-0.02429479731492242	-0.02886866918253632
X961096	-0.04087727342502767	-0.045433137187072904	0.02331154535158511
X961105	0.002487336853736747	-0.01934212003768542	0.011390559232160575
X961124	-0.07201950062140777	0.07923175963185464	-0.01708209275956801
X961128	-0.008424754603432527	-0.015153635086202802	-0.015537368828325982
X961151	-0.03111625558265499	0.003102607013767286	0.12399019873160357
X961177	0.007928779478010437	0.01609219422090185	-0.03722640442130033
X961180	0.07612256452499803	0.03913382591208392	-0.027505736789835988
X961193	-0.013967730970248771	0.0471944291381875	-0.02993588183238695
X961214	0.01437760308678933	0.0220798756685294	0.015284239886458962
X961221	0.003079249748577455	0.014544169239846224	0.004375250928595748
X961226	0.05293991905309424	-0.03313083446979347	-0.018691818123397336
X961240	-0.005764802806805471	0.008495980120361213	-0.04474482067996321
X961242	0.03069680503524147	-0.043563199424288296	0.004615161589497809
X961243	-0.01243694480983744	0.04103792955867165	0.26668528772786393
X961246	-0.0022200958912871518	-0.027026721355078068	0.00827102783407975
X961263	0.029290100539439094	-0.015352438969477127	-0.015508061151740311
X961282	-0.0111350148270453	0.0014749171589252532	-0.0009900985251355494
X961321	0.004654690725295018	-0.003066191952600467	0.002685862483680343
X961325	-0.020849313601216883	0.05322139929962794	0.15830066628986858
X961339	0.019602668579398703	-0.016121980205621278	-0.06645485649002568
X961365	0.004646050775053667	0.016037168916835765	0.042678619984171454
X961417	-0.011951812062095887	-0.023190919882936176	0.0075137195388287285
X961423	0.012639059373079995	0.027995135172021002	0.019164363352447956
X961434	-0.05999866971498204	-0.04350042189305673	0.001542786911582148
X961485	-0.010864157948643044	0.02991588099437414	-0.013327700037214691
X961553	-0.011252928198509557	0.031221500304404872	0.017452172969286816
X961577	-0.0028525162775561237	0.011017318404685277	-0.0325441428813782
X961634	-0.0120577089185361	-0.006993928920422192	0.0095676340962893
X961684	0.0001471153632570544	-0.004763957099172833	0.012239177835010173
X961686	-0.02453317195414748	0.038047711354174216	0.004319518524891353
X961738	0.03613487892528528	0.0014632826609606922	-0.0021541700124379664
X961809	0.011361693061487094	0.006544981374487175	0.007266978883558008
X970002	0.0030515036212027586	-0.02954441904737062	-0.006221051872160101
X970003	0.0035563502325254358	0.004110510740328936	0.0073933727055679205
X970007	0.007610029275046563	0.0013236095274417172	-0.03386478450319024
X970008	-0.023537777802648048	-0.007816767040076205	0.0036908975612335725
X970010	-0.0030125763213003777	-0.003966593188792024	0.015595720437278856
X970011	-0.015506210531013993	0.015993422857073687	-0.02952273544424734
X970013	0.0044478819306073055	-0.021304457178672975	0.019395648780112296
X970015	-0.037560973345218504	0.026061457979934987	-0.02472810153387564
X970016	-0.007529125379685957	-0.010089333111713469	0.0022966883635991042
X970017	-0.010682918829579158	0.04169130882480864	0.025730223177710766
X970018	-0.10073471125659143	-0.10039979903150816	-0.005564671307677406
X970022	0.019994687713677618	-0.017703867546905044	-0.005170266650155511
X970024	-0.004252126531227683	-0.009775869402725961	0.009953038347442746
X970026	-0.006474687112253101	-0.0014248871945357555	-0.003964107003655287
X970027	0.016600524421551733	-0.013247061143950528	-0.009812995273634731
X970029	-0.0015219670677391749	-0.008224283971383237	-0.001594708226336238
X970030	0.05872697023886675	-0.061388615098317584	0.012356561448161526
X970031	-0.00484313648646204	0.04759722401793154	0.019082502338441255
X970032	-0.04346919417264468	0.034091777773082386	-0.034310953788164185
X970033	0.024535105403714657	-0.00859900791815488	0.12449521731671238
X970034	-0.004230058204674068	0.00891872522411346	0.0032623095397818816
X970035	-0.019048765676415495	-0.03163367526237329	0.014902759469288549
X970037	0.0011017471013986257	0.00939345546536881	-0.012687496231431792
X970038	0.004211358211799668	0.0018019050374589935	0.027679575467063802
X970039	0.004218904652838981	-0.00883622198220643	0.005561480164033305
X970040	-0.04155984283774852	0.04771239447715817	0.015523559333006578
X970041	0.008858962984840133	0.0010086380207849884	0.0030873229347886484
X970042	-0.012914434126568196	-0.05377270137828842	0.01936630186178359
X970044	0.012801878688949024	-0.0006942507498007059	0.010961142785033412
X970045	-0.025046073728331786	-0.042282369347421245	0.014365025549858261
X970050	0.016923395886114495	-0.009103445876885097	0.0073863911581833475
X970051	-0.014883372114832441	-0.025420749046990324	0.010202315671471014
X970052	0.014552843061253914	-0.002973532360732929	0.016765691795111753
X970055	-0.018127247940663813	0.005766127216287081	-0.012971382725475178
X970057	-0.029220845566807978	-0.0037498617817448864	-0.0032268663272524614
X970065	-0.0067020741575676565	-0.008068394873673869	-0.0051438596636702045
X970067	0.01658029098545967	0.006518599485581999	0.0170432390935019
X970069	-0.033850422398364576	-0.0404465345820783	-0.008954328085632188
X970071	0.014682221095468007	0.0020263999056291293	-0.0009171485106136361
X970072	-0.02085278621655257	-0.026528073063057482	0.0038550996865946274
X970075	0.02789547919437213	0.0435386085787576	-0.02060470566992015
X970078	0.01507920063177273	-0.004102862856508086	-0.010257247153947227
X970079	0.0014989512107433207	0.03399707562089133	0.03240269445913207
X970082	0.06088918945881713	-0.0026561929219496173	0.008650480791825158
X970084	-0.011103706564859574	-0.003185156215887707	0.033237296465396145
X970085	-0.03125353432517584	0.057892782271535034	-0.02155923571900079
X970086	0.0113031194264083	-0.011107678312851412	0.00947115254112039
X970088	0.01044726609843471	-0.007553408369502346	-0.00047030468989985654
X970089	0.06939861098020669	-0.035928922998232006	0.0009689016367368322
X970091	0.056865206592934245	-0.03749894365286582	0.02117553880902552
X970092	-0.015885421171849497	0.005107620098536867	-0.023195425168731538
X970093	0.0038149398412544305	0.00014923395554938782	-0.002936041640572519
X970094	-0.007056711186614009	0.019269975141926986	-0.00857841928226869
X970095	0.004188688542347639	0.010288306799228831	0.04122929634130453
X970097	-0.032431377607226364	-0.025519949599312773	0.013312215298114563
X970099	-0.012903898071057709	0.01950343986516678	-0.02477163984095928
X970100	-0.02655666217436771	0.026621273736276412	0.03395911994253468
X970102	0.03482475249758157	-0.1023544581309655	-0.012192838000010262
X970106	0.014312712051040047	0.018084983608503285	0.0018226651256782974
X970109	-0.008860704060032308	-0.019747737771564983	0.0069874971887504845
X970112	-0.007297710194736148	0.026449995939310224	0.016920350331316274
X970113	0.06152202396458922	-0.03975400890727589	-0.04961161444638315
X970116	-0.010286069831195172	0.02601562912023288	-0.00218634330358962
X970118	0.0010512829731831963	-0.010863489769699133	0.015252906615309461
X970120	0.0253119024028523	0.02241575234742817	-0.014843343131654621
X970121	-0.056838155450998205	0.02365855500495862	-0.05902077638154093
X970124	0.005907612763847496	0.005160748732730015	-0.020134827158128654
X970125	-0.008734870734390053	-0.0031153303012512756	-0.0012303826677655992
X970128	0.07000662451756698	-0.045958260586605536	0.01050474074688268
X970129	0.010721243748200446	-0.006357878401033573	0.006347565452954275
X970130	0.012177940937902705	-0.02383310642314588	5.5496666870548175e-05
X970131	0.05134728206115318	-0.044161209003893594	0.006739706511220739
X970134	-0.0012860518506065603	-0.013333135021258748	-0.0019592400591504806
X970135	0.018986974332528498	-0.032479730880730175	-0.01952392974711829
X970140	-0.01921681699589953	0.009005700281276804	-0.022814067089268395
X970141	0.0639381234395388	-0.03896182369677309	-0.00485626499552026
X970146	0.004660364865879598	-0.003934194042677014	0.00016902282620871858
X970152	-0.04591322200961956	-0.03972809691004263	-0.012142920038328042
X970154	0.03261833640110908	0.0062224876673003275	0.02013600922277458
X970156	0.008265561955643607	-0.00518315688676043	-0.00022934754485384135
X970157	0.022473359855829586	0.004432216805686526	-0.002753742412613646
X970158	0.016619671822589166	-0.011473236636006265	-0.005230750610752915
X970160	0.019403388292158714	-0.006400236811459839	-0.016309427415408834
X970161	0.0032903889863320547	0.02940068407666171	0.014600244826781728
X970165	0.01189427036796081	-0.005876884182630552	-0.004382013847082435
X970166	-0.03517462046329852	0.041602921404407286	0.018271610451067774
X970168	0.008603792751008964	0.017428577560048293	0.006833707408345691
X970177	0.008982423608905582	0.0037302623815600425	0.022868841291087846
X970179	0.052724094944102205	0.03819288379297393	-0.012211777253757054
X970180	-0.00404091741438412	-0.000988767414273268	0.003449222373871516
X970181	-0.010321637653982389	0.003477041866721498	-0.014071868595925387
X970185	-0.06770373428984579	0.015909009223351138	-0.04298738851928441
X970194	0.01962898494554672	-0.002304679719854957	-0.025972439522575642
X970197	0.012153930405621323	-0.008075844475425607	-0.02453217162013406
X970199	-0.005439709546556051	-0.007218745548584235	-0.010456602480515935
X970206	-0.030746665912824152	0.007900725804186739	0.0440009252219251
X970207	-0.017069236699818705	0.012843135970444444	-0.040823021184315036
X970209	-0.0023674767311448893	-0.0012678922778644323	-0.004354466734743139
X970216	-0.017226131320429876	-0.00025145527043456264	-0.05139685544518355
X970221	-0.019435998711204563	-0.033725706719085445	0.015239684180321787
X970225	0.0017391256318990125	-0.0009037583103412885	0.004463621163372491
X970226	-0.04208653095241366	0.009497046650497875	0.018540899392868723
X970227	0.029743809432675863	0.013266621855868755	0.010833601871146906
X970228	0.008211578990802658	-0.02017940308801285	0.002962763564562259
X970232	-0.0629075305494065	-0.08517149488386234	0.0388404846855711
X970236	0.052881455468746286	-0.0025883762881192133	0.06289531823850017
X970237	-0.01645281571815768	-0.004853594630394891	-0.0015003220670811817
X970240	-0.05353120560474321	-0.08739976902058727	-0.13000690250459845
X970250	0.013595961870196321	0.021931888400388806	0.015030181813830501
X970251	-0.037361737913980266	-0.024092144598853078	0.0288977442050004
X970254	0.09337149416070453	-0.045575706254494065	-0.05465318677514901
X970255	0.01530129584734076	0.013370653250498467	0.0031838083948001602
X970257	0.06677807566837789	-0.03100442065426392	0.017505633104529888
X970268	0.017742437418921033	-0.013372215396796332	-0.022672490129351724
X970269	-0.057324616339859406	0.05215625689969085	-0.03784151032224272
X970271	0.030377358588153363	0.012566350263665307	0.10784832366017857
X970277	-0.03656913074155368	0.04441109185761995	-0.003921550248805883
X970283	0.005196366647784874	-0.02491972951410305	0.024687938950448112
X970288	-0.0013569379282015834	-0.023245200558697682	-0.01228343458925444
X970296	0.009172176798860064	-0.10484838544030135	-0.01813604399819442
X970299	-0.012184424381068263	0.016276664190409434	0.002345620912645597
X970307	0.012973302811502465	-0.006296927077451717	0.013243055263228082
X970312	0.023782953201372862	-0.018989482450410444	-0.011510498315619911
X970323	0.008353908864817267	0.015095842993579706	0.02012560719567954
X970325	0.011663381373489531	-0.010007665230875592	-0.01665287937267483
X970327	-0.05158220221081413	-0.08471494432634494	-0.004445742408124381
X970338	0.01674620451443466	0.009269170427544523	0.08326537584573995
X970342	-0.04525473494566724	-0.10294929334417512	0.023261783686129914
X970343	0.044198032592018856	-0.04312145862680196	-0.012674389547469548
X970345	0.016127890017048153	0.0059583444692264086	-0.0006045860884994598
X970346	0.05685979642178186	-0.02124656189294471	-0.02967314562554513
X970349	-0.030491791416973512	0.025025155266201055	-0.011578087114053283
X970350	-0.028832628379250283	0.03633147388511754	-0.0010322518019104832
X970358	-0.021448868176977443	0.02522058841497883	-0.009591239141030234
X970359	0.028881990079447695	-0.010723475314758696	0.021291654482782554
X970361	-0.014483502788830196	0.045872907565689784	0.03449241832074003
X970366	0.004376481941159699	0.0517680071538157	0.10369133019160748
X970375	-0.007960539903426983	-0.01267126429044354	0.0264584792054686
X970380	-0.0314446121293703	0.00971848057995549	-0.08755822493687648
X970381	0.009099292759899557	-0.02468432893883955	-0.0039594773517658355
X970389	-0.04000362910473339	0.013653519030553724	0.008531908453370856
X970393	5.794092164855588e-05	-0.007706286684954191	0.09850280310648342
X970411	0.07281787375406659	-0.023348424481492897	0.033018828186848585
X970412	-0.01129294259582997	-0.004795057910499273	0.04646383285908119
X970414	0.037288284343590515	-0.017334970405709034	0.012573669139705713
X970425	0.007089804581054664	0.0025843499759250514	0.007724336460209203
X970428	0.001889477858054599	0.06923918420822008	-0.022299697651447056
X970432	-0.014121615930741188	0.009689899776548015	0.01204637516556839
X970454	-0.0019283998712544504	0.0014107753247218514	0.00807817483119812
X970472	0.0021891554787380526	0.00699771590027005	0.02212047264441545
X970474	0.0051602910947135	-0.024831086785854155	-0.005183430684011104
X970480	-0.019614511790084155	-0.003826255441963438	0.0002550189833897315
X970482	-0.017824309960370644	-0.015428097142290181	-0.008623896640770066
X970497	-0.048451054319079485	0.010939793316663905	0.04071088752594368
X970502	-0.032397792734372696	-0.0070016361638892055	0.008142487317806181
X970504	-0.02089444147029782	0.058444072467383645	0.031246486361113192
X970509	0.05489616785890549	-0.009590172848763625	0.027577230808705677
X970512	0.012698498271280266	0.0009049947100648644	0.010442254512329004
X970515	-0.01672802780887995	0.014573770651501639	-0.01087149285439102
X970517	0.029785755372164935	-0.005955241306031002	-0.0009633580809860312
X970519	0.0019553059084124746	0.016299487640522234	0.007137213136602538
X970522	0.016700714723253254	-0.004507121675920372	0.029368559154909817
X970524	-0.007193476093042426	-0.000834985098130795	0.019895164776856454
X970533	0.0009398345903479817	-0.0014694187258374551	0.005752858458759047
X970536	0.005972960313237792	-0.023164501652530835	-0.01529556176033278
X970538	-0.02420732310784482	0.016796711609731677	-0.0029765701817970574
X970543	0.015155362779461211	-0.007570478037607839	0.008444445350729489
X970544	-0.021599966910825913	-0.06090461481775869	-0.013966417792749309
X970549	-0.0478904523328751	0.043977695713654175	-0.015350017583658693
X970563	0.02338070438678163	0.010452800750995186	-0.006431256033432536
X970564	0.011469046171642397	-0.0023090304147862593	0.0051613035474068975
X970573	0.032372507619220066	3.736539172338194e-05	0.06621527581700014
X970577	0.022389710277647242	0.04155811129578859	0.029721679323444803
X970587	0.013518581652286409	0.0013162406514518933	-0.0007307794800646157
X970599	-0.05030985120510979	0.03371123727939411	-0.03891383602616735
X970614	-0.0017569125525889434	-0.0030973360746154705	0.006200630667968714
X970625	0.0023465037820326823	0.0029210690479050993	-0.012680966629005858
X970633	0.04730243072141769	-0.019644616468335162	0.034857017219615295
X970638	-0.04779580327936986	0.024822617784053248	-0.027199089789940394
X970649	0.08681928744326484	-0.05266102153108383	-0.002258228940773456
X970659	0.019209879396330662	0.0086733983223703	-0.03194278470120809
X970663	0.005163248414730318	0.006086150276203784	0.001827153406874633
X970664	0.09061701491284199	-0.053012335177861566	0.01773399431599827
X970677	0.008551701681236108	0.005781184033068512	-0.0009474741873845295
X970680	0.048521489051729774	-0.02290693439990718	0.04503321623665193
X970687	0.01566020805567878	-0.018735544895708136	0.0007428947067222683
X970688	-0.02250312051054931	0.03023331984904632	-0.02472018132464601
X970692	-0.03343457361279328	0.023070343050197464	-0.029065286598509064
X970706	0.12434045687779591	-0.08204640941847066	0.030462963124909665
X970707	0.012886549185087375	0.0029479168403844713	-0.039140092790986514
X970717	-0.01733586049431649	-0.002664025970899608	-0.014232261507270954
X970718	0.0012539601368116745	-0.0017223264450136131	-0.007139268023540766
X970731	0.02881617886967231	0.007655793886460394	0.01981289151469704
X970732	0.013923633040281113	0.011438444640541	-0.0264363890724414
X970737	0.017301653395548268	0.011242633969568505	0.006699221568805707
X970745	0.044680799290742396	-0.006977340368175308	0.011709401947353492
X970784	0.02528942751005391	0.015063516490658038	0.008839692840919192
X970791	-0.006685104281422562	-0.00471421207324045	-0.018492095349304984
X970813	-0.029172657356016023	-0.01562725938199483	0.034052127788065725
X970860	0.013259440597165299	-0.01029664881766841	0.0046999319120369695
X970932	-0.005174641640222925	0.02850216128262439	0.03582602717196569
X970960	0.011628067342308616	0.027103026009440995	-0.014259103829976435

Biplot	0	0

Site constraints	0	0
