Eigvals	3
28.039668435228	22.339166585832235	11.008357027625914

Proportion explained	3
0.5590142817677238	0.3548224490661555	0.08616326916612069

Species	12	3
Propionibacteriaceae	5.841169330165644	-3.4550170526176194	-2.682516779393801
Staphylococcus caprae or capitis	7.901620935059162	-5.1916590107509215	6.586261126982639
Staphylococcus epidermidis	-7.121121458877563	-5.7085642692603	2.802301497373263
Staphylococcus hominis	12.755912428085834	9.542181008813186	-4.4041735747770545
Other Staphylococci	3.9390042905525604	-1.1840863671039026	-1.35778792387892
Polyomavirus HPyV6	-2.2104889011410305	16.44928537023212	5.276437345115551
Polyomavirus HPyV7	-12.993171973131933	2.444076603932112	-1.7758642777030054
Merkel Cell Polyomavirus	-8.766066674855463	-0.20980897045246139	-2.149521031462101
Malasseziaceae	11.258861407655719	-5.327860174983212	0.7406928383916227
Corynebacteriaceae	1.9936249000793858	-1.894128784729293	-1.562615511823953
Micrococcaceae	-6.483741728764936	-0.3234085020931637	-1.6919779469598668
Other families	-6.115602554827389	-5.141009850986549	0.2187642381356262

Site	1225	3
X940001	-0.0019032009680668004	-0.005108199515420451	-0.0011751981277286843
X940002	0.007238994632787421	0.0047189105829645445	-0.006113510980279115
X940005	0.0017746247185544107	0.03215474885386566	0.001236320763340175
X940007	0.013977542244079242	0.0012040027539788958	-0.0015834905669023613
X940010	-0.04397268750621397	-0.009070567393566454	-0.027165012543589485
X940013	-0.002179770257734856	0.008354707859741035	0.0009433901530749454
X940014	0.0520566716806873	-0.04164889889704277	-0.04350499638895441
X940015	-0.025631534907778884	-0.02403333657473407	0.00289594881889256
X940019	0.05006380334557537	-0.004743506364525768	-0.03716952460521526
X940021	0.06592326115172571	-0.03226598434651994	0.06694348620787781
X940022	-0.028421023897342856	-0.015996901956893413	0.00675480285195944
X940024	-0.007024887356925691	0.025834789161056252	0.011830781324078546
X940025	0.0133017709028908	0.008170972921428446	-0.004919393114045348
X940026	-0.0019241741868184959	0.06447439648788436	-0.0008901315956570424
X940027	-0.0032535193375115784	0.016000127619265735	-0.002622394909943043
X940028	0.009308047916362444	0.008127003503942139	5.514707780032307e-05
X940029	-0.007663335946217262	-0.010958859642472361	-0.0015239555998364622
X940031	0.005840273067344523	0.01351581383026685	0.003959745555969911
X940032	-0.003259697229312107	0.010106889967079149	0.0038062192588390925
X940034	-0.021311299980429032	0.03257062195603423	-0.0014995463572369113
X940040	0.028407065211131555	-0.006656255149785057	0.022197047687602584
X940043	0.004103301613626509	0.0050615931553881196	-0.006431336109325879
X940045	0.060333765342058254	0.0525306545988279	-0.00853207355657549
X940047	0.055246928666023314	-0.0424592943328842	0.0781667341884539
X940048	0.013905079575689209	-0.009980137909362252	0.012600302460634942
X940049	-0.0029658337436135186	0.0048876015249933675	-0.00039734226219826925
X940050	-0.050388798679852	0.00787871450052816	-0.008226703125894902
X940053	0.021490694861473557	-0.028879936768070057	0.016289084845654785
X940054	0.0478039036610501	-0.02290507328817851	0.012535267126132045
X940055	-0.015382083644609405	-0.009508495894539322	-0.04163651553297601
X940056	-0.056286298632488595	-0.001386474621741472	-0.003983322483433471
X940058	0.0067372986020231744	0.011221260095681826	-0.006170040301131056
X940059	0.0030812591309376074	0.003463454286177476	0.007818692820368818
X940062	-0.060542588814976685	0.004671058012258984	-0.006533061221505153
X940069	0.0013074472599451398	-0.007932899722675356	0.012210429527562607
X940071	-0.016171264414546055	0.007904734828650646	-0.11994238759718898
X940072	-0.00042024502854038156	-0.002851927582953171	0.010609800032037485
X940073	0.05255954971735419	-0.05923393823700782	-0.021506458404761654
X940074	0.01721315285336271	-0.002149907782225841	0.02663341464381235
X940079	0.05836103507090558	-0.08227662862770067	0.06443775208440246
X940080	0.006819418977066425	0.012844268849777138	-0.002521219194575773
X940082	-0.04002147654025327	0.010568728579815544	0.0017192437594230248
X940084	-0.04260577439271542	-0.037579514543714734	0.007829203593701133
X940086	-0.02482411365175876	0.059515912019979265	0.0027829382537105317
X940089	-0.03869437503880023	0.015830857734091257	0.012077887039817329
X940091	0.090030266898806	0.08383374413571235	-0.0642728282124143
X940092	-0.0531636058923766	-0.00868474736377481	-0.008623689471464418
X940093	0.005907716799115785	-0.00862887823707497	0.002668970533691285
X940094	-0.05984538647169014	-0.03928405134895903	-0.12795522750332428
X940097	0.01337739477207062	-0.005321304926158492	0.0022426379824033883
X940102	0.009684718912514897	0.0095063816666685	0.022057092009438707
X940104	-0.013617641683898578	-0.007513286728425122	0.007270919216662715
X940108	-0.0065069753292274985	0.0014361029507726241	0.002773826775471729
X940110	-0.003501089820228689	-0.05908204863410291	0.01846455749959306
X940112	0.06932091326397384	-0.06713502982674521	-0.06485001042262845
X940115	-0.02878336747782902	-0.016150063738492745	-0.032855553846922354
X940120	0.013405629694617349	0.027153892949177114	0.01511230984956618
X940121	-0.03489908903489935	-0.016930930375595767	-0.03031097849378585
X940126	-0.008202820901812643	-0.006164436769768908	0.01256817208032878
X940127	0.02137292919998228	-0.016547566951147348	-0.006469326184270052
X940129	0.011257055406674907	0.05156810774123899	0.010627302956033141
X940130	0.03905673383889477	0.00010215369564584754	-0.02996738542796109
X940133	0.015742072010607972	-0.03421070642445898	-0.013477753041774435
X940136	-0.008854591685312174	0.02372350109796315	0.015356619520544625
X940143	-0.01010253366373015	-0.018343072310875147	-0.008080718267515094
X940145	0.0011308640466429387	-0.00947994484123151	0.003707291968088916
X940147	-0.03171173381439935	-0.009813502178610038	0.013282050207394843
X940148	-0.004624796275945583	-0.02565033868915861	0.0088109606796922
X940152	-0.02429105575325241	-0.01968144349960423	-0.005385044078119469
X940154	0.009793620248499656	-0.00017254243469525535	0.014216930037581451
X940156	-0.006230864953496072	0.013430511787754885	0.020640409252573714
X940158	-0.005702041162202941	-0.007613048125729151	0.028346117611984176
X940163	-0.0035738847044279832	-0.04882256069131368	0.06549491132204448
X940168	-0.037412292442275084	-0.03501594419952125	0.010496379647380831
X940174	0.08596765423914451	0.01070374021993233	-0.06287124249826698
X940176	-0.04326807153841498	0.012125758062547273	0.024898444732757458
X940178	-0.002057010873591629	-0.028790905061404817	-0.012580449823372983
X940179	0.023115477159776125	0.001161354867661138	0.0017140266562705913
X940182	0.01617369708781858	0.012299709679999028	0.014442876519340639
X940184	0.0431151784536564	-0.07457989693273631	-0.03571023514211848
X940185	0.027349956579257834	0.011388404728396329	0.03382420157653713
X940186	-0.023862332513841324	0.00883201928614081	0.014272481786436596
X940189	-0.01316287642649983	0.008821633856949732	-0.009106070376084775
X940193	-0.006680074148857114	-0.01967436429222185	-0.01805503200964429
X940203	-0.006561076384125758	0.004445741333945703	-0.04197200370148002
X940211	-0.0008107500903202106	-0.003175733129737698	0.00739247098447857
X940213	-0.030652036162659227	-0.014067889718604896	0.04449663396328273
X940214	0.016446974645541023	-0.003740904366527105	0.0026900370866815965
X940217	-0.001757236131865613	-0.017881751447381702	0.012938633326668858
X940222	0.001042545910972264	0.026213792643744318	-0.04553206617556896
X940223	0.0628034763748223	-0.037408504300380556	0.09138702623114293
X940227	0.04493603443695237	-0.031599632093632826	0.004907916948092083
X940230	-0.04111496159784454	0.017546201113160843	-0.01618189516740986
X940232	-0.013568676931087778	0.01254982996173548	-0.021303697904589268
X940233	-0.023604002789711705	0.03074088302244292	-0.012062152987690093
X940237	0.0009819400811119363	-0.014849927633680354	-0.021176911614885913
X940239	0.13920072905225478	0.10337538045934104	-0.09449690056861547
X940244	0.021501278768630824	0.014732126464593159	0.024638063591211862
X940248	0.024705147350494297	-0.020880898890885024	0.010561281972811455
X940251	0.015838158166982898	0.022885056404329102	0.011595673266499655
X940256	0.03443884844136648	-0.01436231747891574	0.010886266921253702
X940259	-0.03110930621149189	0.0024383206777776507	-0.004434896861612283
X940261	-0.009105259947996481	-0.028307993070796757	-0.018185922318828127
X940264	-0.005050686156989649	0.039648539997988355	-0.005091498958222789
X940270	-0.006835042120371826	-0.004562398479743864	0.006827769808532184
X940271	0.030029015773974557	-0.0018535589618407734	0.027334153277335193
X940278	-0.01760360491111897	0.0032280853761314787	-0.014990499253861658
X940281	0.02746962489802662	0.022614317174558446	-0.004141397852299946
X940284	-0.01093280875214002	0.008187392781969761	0.02325717814271346
X940286	-0.012110203757685884	-0.028084455412546748	-0.03173402111808026
X940287	-0.03803327550981341	-0.036349523335054666	-0.01913534948766345
X940288	0.0134642492172964	-0.03265024096422115	-0.015134482111657747
X940291	-0.010984142190332832	0.005044238958091558	-0.005029269360788117
X940297	-0.010871298906637778	0.013181902932107551	0.020882712729643666
X940301	0.006610974149017479	0.007773859214782855	0.00668286672362958
X940302	0.02205248657669983	0.031478210856142594	-0.003999223050351982
X940303	-0.04726915273539019	0.015235477401745688	-0.0017121217593016817
X940305	-0.002675523781973099	0.01463392487846482	-0.0032707986351469005
X940306	0.03711384289181942	-0.03904923931937902	0.0005002445963357337
X940309	-0.015776283518384924	-0.010476866906317528	0.004049238588131668
X940312	-0.0032091382017566754	0.02035694942936607	0.027115582978483495
X940314	-0.0018048800350125439	0.0030644690777685093	0.004949034716689895
X940322	0.019145717989100874	-0.05482053157593388	-0.0702123760295335
X940324	0.0176379202342262	-0.019327430210107063	0.021853688706163513
X940325	-0.04383330431570725	0.030614779498992665	-0.020315334993513925
X940329	0.06350595647987206	-0.04752689426742095	0.0514123594717545
X940332	-0.01838381215954224	0.019331799226978724	0.014150003638076603
X940335	0.04746813091380835	0.00013260650339802065	0.06477578984245144
X940338	0.0037948193460653162	-0.03508356601081932	0.0005018394784116394
X940339	-0.03606455822802459	0.006135889913952996	-0.01308272291810669
X940347	-0.018247927364063565	0.01577466651546819	0.020629207984125448
X940349	0.0021094891205851386	0.005876394579980385	0.02384980870809414
X940351	0.0002564902804788393	-0.005211395868215901	-0.00848669987489644
X940353	-0.024333843719284196	0.04221785252113505	-0.015355627060644469
X940354	-0.007993749509463893	0.005344109520041943	0.012561109050310222
X940355	0.011954095397888685	-0.09199801866495456	0.02498900108202892
X940364	0.0016210344627795106	-0.04258514575847015	0.032841511993647245
X940368	-0.045595999868163685	-0.004312101605908427	-0.013287670321018291
X940374	-0.03471828739939085	0.02612520221178913	-0.0019894610753642063
X940375	0.0015464023120464986	0.0003426494828726339	0.011520839683677833
X940379	0.004783546881695058	0.003175287287511904	-0.0063163707441626195
X940383	0.017235934470583168	-0.013697777579259164	0.007389805010923707
X940391	0.027265335707499092	0.006573223132250742	0.007188868268504245
X940404	-0.0025308785415407656	0.035381935991517996	0.0023741788070532903
X940411	0.03557640796633636	0.02609246977518165	-0.02785423586252687
X940413	-0.0014448501099044236	0.07599950910065222	-0.019814296895131013
X940420	-0.010641888637692509	-0.017299161853407925	-0.008278463503263025
X940443	-0.031687188693575986	-0.04560181092900364	-0.046797012758698554
X940444	0.04060416801167527	-0.014976589776747436	0.048471938391832683
X940445	0.0016714568826788137	0.02356484610566552	0.021461007830339503
X940450	0.010230037005747114	-0.021026808614497287	0.003526787539279203
X940451	0.07933715583940971	-0.008693031725107247	-0.05131254254578308
X940456	0.007530169456641315	-0.003619427739815586	0.005162519632727973
X940465	0.004773860342638423	0.012422812542152138	-0.009688806283918926
X940466	0.013594993996120604	-0.0028125504759244145	0.009448347429664819
X940474	0.016744824816818597	0.007016207903891997	0.008310555896737813
X940481	-0.012029954345670257	0.03706616693233817	0.03155038112758549
X940483	0.02329519943381022	-0.012945967774896785	0.0010996099099485081
X940484	-0.04234300419946828	-0.0004964941239651629	-0.008465144497215252
X940487	0.026982036236387463	0.03252550894000346	0.0023476920421165314
X940488	0.06821454396455434	-0.0009319436744217508	0.0022839911212491873
X940497	-0.026122476467253544	-0.003769720151166962	0.0013584364461916238
X940498	0.004730576733685157	0.047148661916284834	-0.025453095927780518
X940501	-0.026371914292995895	-0.009713585458909412	0.007885083663826436
X940506	-0.09120061255046324	-0.0619245366853038	-0.0139399848644124
X940526	0.02207360436130798	-0.012839788118411624	0.019980064855096433
X940529	0.123661096004402	-0.03656001619831685	0.14517334175304455
X940532	-0.006678080895925763	-0.021520344969602465	-0.014005564594223778
X940534	-0.013889878978018978	0.017182161642144755	-0.015518289322830342
X940535	0.020988091234216667	-0.00211074473548525	-0.025032614710428593
X940540	-0.02624486833740957	-0.019990414001137144	0.013808645493864215
X940547	0.012860999806375723	-0.0021951694501672818	0.021083269041054082
X940550	-0.032105813154996686	0.03067118027236544	-0.001994697457676901
X940551	0.023447745116553745	-0.04515832708554311	0.006397542765321835
X940555	-0.014677716606781563	0.02138113297463715	0.023563676898896033
X940558	-0.003535218549319042	-0.03128607292115254	-0.0030912149641271597
X940560	-0.021781869736608346	0.011891313605467713	0.004467782760747547
X940562	0.030863595339213394	-0.008609046055388578	0.03872911870030812
X940570	-0.051984943654119396	-0.010159262235721373	-0.018084515452175185
X940571	-0.07129985824352766	0.016887223730388524	0.00935073346867038
X940580	0.00682259441882535	0.011549003561760224	0.017911833600285438
X940584	-0.04794379343164194	-0.027178128798874067	-0.0020578067267381793
X940589	-0.013306402491833435	-0.017028591590801962	0.016986467833081855
X940598	0.002569648175342881	0.004278395835952495	0.008111775648303343
X940602	0.09586798274331045	-0.041505138592191626	0.10757540160395007
X940606	-0.01716669305379921	-0.016170018869485898	-0.036616913748077705
X940612	-0.005159559653076641	-0.018172136510209512	-0.022612040683523262
X940623	-0.015744625739342242	0.009591530114765014	-0.0009983284146171307
X940625	-0.09090228364404933	-0.0031843050800046575	-0.006947960580105916
X940641	0.008340591055670032	-0.01317305027287403	0.0038789897321851365
X940642	-0.025895022943114524	0.010262608332345453	0.00575729265081745
X940648	0.010047776997057953	0.06579752582028112	0.0011872883561956824
X940649	0.007802940397695911	0.01650669174335527	-0.0004106232757457788
X940652	0.004904315837528672	0.007595592324867474	0.00864255541815885
X940662	0.009754502500745473	0.004282017593603973	-0.003788210619962332
X940665	-0.02865757019219436	0.00018426135566614269	-0.0037014194696110567
X940674	0.0032454543705526346	0.0014813339357717644	0.0023269354317142148
X940689	0.11336758814871373	-0.09899982824090095	0.08820020786750045
X940690	-0.0014523931159792789	0.025774496408063032	0.040036148090003346
X940692	-0.0019122232467732399	-0.02278373577973726	-0.026631759166900876
X940696	-0.032133315146063296	0.01501148217848608	-0.0044878437474319705
X940700	-0.03656508945242534	0.017717005297009668	0.04248197793539193
X940714	-0.04967687381306757	-0.018992026684620484	-0.008530896571305764
X940721	0.03940298269961313	-0.001934323660719768	-0.06786102460064192
X940727	-0.008125837832069376	0.028449411992324078	0.0018618815630808037
X940748	0.03814964187619085	-0.02178317859211121	-0.012868787030513175
X940756	-0.008110166675408979	-0.03616700452724813	-0.025561422309396554
X940761	-0.046884897403829846	-0.006004845156004067	-0.011398368082760532
X940763	0.00809940770440887	0.025432547260188683	0.00484730160951202
X940766	-0.03208668685621413	0.01240545531848648	-0.031065054493450178
X940769	0.031585265014046356	0.01841324623292792	0.01884738093886735
X940775	-0.02839911183069587	-0.004036443786640686	0.015837734064282284
X940778	0.01444071054264215	0.008380052425402918	0.010979416106297317
X940786	-0.006817416607988212	-0.019611434757194093	0.013723047799019871
X940796	-0.022001200479839705	-0.029033401538139148	0.00015951865589082146
X940816	0.005768134928880206	-0.019232991515714264	0.01493551198421658
X940819	-0.026664385206106558	0.009296683716150507	-0.040348736554985366
X940820	-0.012571461522506149	0.008215226020342309	-0.003911591191270209
X940826	-0.029374381491176504	-0.018783352273592003	-0.06930879841378626
X940827	0.05314105121158886	-0.03739918947575929	0.03114880246239686
X940833	0.00983060291901765	-0.011062672021769648	-0.020494716783183486
X940843	-0.014660913580155196	0.021937250689760934	0.0013918559615077395
X940844	0.029399677070756743	0.022014932141333945	0.043802531892969274
X940845	0.007953720658219497	0.03085308908510516	-0.0026916204681249776
X940847	-0.016276403663746112	0.04810634728269963	-0.021289486826136392
X940852	-0.03213744955459409	-0.01707642180652179	-0.009160565227217358
X940863	-0.022066285269426673	0.02332306735198801	-0.0022583450712059146
X940871	-0.01247023285382087	-0.007240703793970994	-0.0498458641335153
X940875	-0.003146526780579774	0.00010760086809589592	-0.0025251973192088814
X940882	-0.0054078837814900095	-0.031789949385229166	0.0046399054034334105
X940889	-0.011323067815330235	-0.012048957451292301	0.007730739834358464
X940892	-0.0023394266806169893	0.06422228463305454	0.009751382523353617
X940895	0.006390787692817679	-0.015273448983311936	-0.006782246706302081
X940907	-0.015165346859607097	0.04238288239905482	-0.03303895114932794
X940912	0.021798308577190596	-0.002143283043368677	0.001140688354553244
X940917	-0.03406723657352361	0.0011058308255123715	-0.012489939765382072
X940925	-0.1271535051978129	-0.03958961313907384	0.10253381782464194
X940936	-0.0903077299294013	-0.035398248014181594	-0.009636620205875681
X940941	-0.0070142674473833615	-0.01091130818202961	0.03799595946411002
X940946	-0.00454068779738706	-0.021046660178238495	-0.009612080313275295
X940961	0.006576547143890484	0.0003434095043225007	0.007759198023044113
X940966	0.009452727698784375	-0.0016341308666709812	0.007249710602015866
X940968	0.03582078837481069	-0.014492439328758043	-0.014524243125371919
X940984	-0.006705013155411399	-0.05488370451836398	-0.05623841545690959
X941001	-0.06035190548788562	0.01237357075902423	0.02086118568734794
X941014	-0.0241891507028891	-0.012942663562982055	0.004292286519353557
X941019	-0.011702349049601444	0.027319541526997226	-0.006122937670368969
X941024	-0.005544580724019157	0.0020235022454896034	-0.010054095723955747
X941028	-0.017726538318932387	0.024929552023104363	-0.018498250704213508
X941037	0.12111485465355291	-0.023061018975797053	0.10968170816870604
X941043	0.03297901138316957	-0.017938547082949518	0.027393504238607015
X941046	0.02140759337458985	-0.011579590831884952	0.012972742006353673
X941049	-0.01123629454408309	-0.03989235412255093	0.003967154641389006
X941051	-0.04236043130177058	0.00756449761469096	-0.0376870062496128
X941066	6.281531447082068e-05	-0.009870819011858316	-0.009860264160823935
X941074	-0.02335842301432637	0.0016835902991145905	0.01487475432135454
X941079	0.00825828051686183	-0.013153053466976398	0.011140349342975926
X941080	0.017949122779129346	0.07884931039945496	-0.0906296258345848
X941091	0.012612442980290083	-0.013287790822861004	0.0431487297750946
X941095	0.018672268739719958	-0.034488804072713035	0.055557051888714064
X941106	0.026891382046493176	0.017340149461353944	0.0005778833223029944
X941118	-0.001176144013513221	0.024163780630333295	-0.008457576416243869
X941124	-0.04704829536610141	0.054902405541878585	0.018449224770098863
X941134	-0.01576967828129528	0.021383037651299848	0.003425614143014125
X941144	0.020034768099063228	-0.02685566693946536	0.015469652513661062
X941153	0.0023884561619265344	-0.00849190868472743	0.02005401679036833
X941154	-0.02248489280870885	0.004419226451482812	-0.020298209636524026
X941192	-0.047621135838610745	-0.042296933832173124	-0.06936332022782796
X941202	-0.01602655979917264	-0.01793984246137104	-0.009357489180052624
X941204	0.01819186997291252	-0.017966783243874712	0.018984515991539597
X941208	0.024038198935826236	-0.004796317354642335	0.06876988180731024
X941241	-0.02287422359106372	-0.03737606272428547	0.12285986905498966
X941250	0.018705257974114164	0.011100172497193486	0.030901096571718002
X941253	-0.03278558512309284	-0.016603554876090016	0.009625205893162373
X941257	-0.051116673505108415	-0.05860897068120515	-0.010037766286275765
X941259	0.016477100923585036	0.00297831533838879	0.013416759048576825
X941265	-0.05074429806930418	-0.0581640177429236	-0.04379145119423137
X941274	0.013703311859314548	0.046937037594234	-0.010511175597295284
X941308	0.024523896342733584	-0.004169961624322101	0.011887179319628714
X941315	0.034609615896296096	-0.020845951309935905	-0.04339037583635327
X941320	-0.006661039700702847	0.02085374055566447	0.001631540587288126
X941321	0.011426411326951302	-0.03036366561743778	0.029609622981991098
X941367	-0.03869710913063147	-0.0017993474504316043	-0.02458359892724151
X941373	0.02320536119658696	-0.028016861795601047	-0.021099770011338077
X941384	0.04866905819696613	-0.05831608984812477	-0.08336325804507545
X941385	0.010927495250498218	0.0033799274361555327	0.0002447424386883939
X941392	0.0705321283924104	-0.00861949822532649	-0.03447893416588173
X941398	-0.06008162461325802	-0.018219694960489956	-0.05355847730742432
X941404	-0.008582990312999082	-0.0008070485769824906	-0.014672954261647143
X941408	0.0071733407207541025	-0.004523242651081665	0.019648570374857895
X941422	0.015767868601225598	-0.03503512458081008	0.02078166752125083
X941439	-0.006689521956937942	-0.01556974814131302	0.008016203381561527
X941445	0.03271871287611968	0.025471119597776017	-0.014501990217286348
X941454	0.0017726230264015104	-0.016169535994583227	0.03811556202409037
X941460	-0.0515229694179178	0.0214129224490633	-0.007478884700833052
X941462	0.0405218541629558	0.0033878120220090465	0.020561997721567096
X941464	0.00878753891625257	-0.005831850149887962	0.0050442127927830226
X941503	-0.022239650159560743	-0.035038157428111866	0.023905926044208242
X941519	-0.003069960480221284	0.008974808156479372	0.00464282736001282
X941530	-0.03276121580165844	-0.012827763857607808	0.010686922208268283
X941547	-0.0025296873903702	0.004660337723831197	0.00579719986327317
X941582	-0.0005802859346952689	-0.015560337042790232	0.04286066584951323
X941617	0.008806670502328223	-0.020869555785424473	-0.0035596702591909157
X941623	-0.008101018687478628	-0.0036371630675946474	0.0060320273492387045
X941624	-0.00012819814790038649	0.009204834349987439	0.016765694931797893
X941639	-0.04485412474080877	0.0030397399588973986	0.008242814086967807
X941680	-0.0016220213339282086	0.04619579423072003	0.011483008575197903
X941684	-0.045367729554582105	0.013624085222253139	0.013245936818931957
X941709	0.0029537525425528555	0.048386112922382436	0.044937406833534324
X941714	0.04397466208009582	-0.031314856692041676	0.09499833007777113
X941715	-0.015033719827826532	0.025481039695451336	0.00831827072343217
X941738	0.0021827082024633232	-0.002559116958349605	0.009968350646088387
X941759	0.009193130640253351	0.008082985494081804	0.018755123990398255
X941772	0.05938549938735739	-0.022779281945134428	-0.04167649060058141
X941774	0.004514486829600956	0.0015485203634623855	0.021219053594133962
X941807	0.005024450825317538	0.05550568724131702	0.02426329618456588
X941813	-0.07084907823643019	-0.03138898154703938	0.014968538488070546
X941817	0.006834287141934867	0.023123655807804722	0.022372001243775173
X941887	0.03253742136035438	-0.01917360782681358	0.0034343836860361012
X941902	0.030500782432669953	-0.042722827664428496	-0.009794022141386725
X942011	0.014296894315409198	-0.024909703216891385	-0.00471632725645633
X942026	0.024517926837361065	0.02195947874209669	0.005872252754082395
X942039	-0.006995871979130156	0.026379441286148754	0.011471996617479765
X942075	-0.038926620975474134	0.023166722963111966	-0.010249648815324934
X942094	-0.008166035439367808	0.012896768691102022	0.010826093455779291
X942128	-0.003395224827926215	0.021741007664780255	-0.004252418750705786
X942191	-0.0064852063326514475	0.044594204886692905	-0.027687103747262985
X942237	-0.0024561108553695396	-0.032359652589278184	0.04827414012110807
X942303	0.03698195097441956	-0.0010894710334167328	0.027250217453966313
X942319	-0.0969053138095654	-0.06443345775044121	-0.017752081877040818
X942359	0.0004262869977303028	0.009425293931895992	0.005032015676176003
X942398	-0.014616256715610235	0.006414484016161131	-0.0059663266049037956
X942402	0.04053320929458546	-0.03243034068493744	-0.04152038746914771
X942429	0.026829188592928856	-0.04681007377282409	-0.011337529416606441
X942467	0.029218803432319786	0.02132878840739831	0.030417707702973893
X942487	-0.02782449313871869	-0.005193599927445501	-0.031593051521748
X942489	-0.03759710047550166	0.00621126902727664	-0.004265832142185587
X942490	0.02721355155576813	-0.03589169052617803	0.020877643372284257
X942504	0.011152053333208269	0.009450389006595452	-0.0019980232101659895
X950002	0.024224861220105615	-0.014586261868780497	-0.003479827949074229
X950003	0.022607856108889705	-0.008960333155272785	-0.006720601175649154
X950005	0.006041827542836774	0.003451284464949625	0.0044742742956137985
X950006	-0.0018952118329209889	-0.03466402231331561	0.012753920469768934
X950007	0.009926703657322558	0.052123332725444324	0.04923573831226349
X950008	-0.0005987478489011916	0.02831808351251054	-0.002762151965543832
X950010	0.011424840224090151	0.00446323250729393	0.007616486636140678
X950012	-0.018987448979070093	0.031619230338590064	0.01618284179548731
X950015	0.004928878383918728	0.012558568855022526	-0.004880275752498034
X950016	0.00579964569365292	-0.0014745275367779964	0.023469459813836066
X950017	-0.005026636570238927	0.0005769937124278619	0.012048219593926502
X950018	-0.004275105419855223	0.008140024565132093	0.021383372824546602
X950020	-0.008872228223613401	0.008339114655663648	0.0044947204466219285
X950023	-0.013578003466171717	0.01833910864678344	-0.01628185698577124
X950027	-0.0045185203144910676	0.006234936470041406	0.0019189147015802105
X950028	-0.0028925972018078875	0.04897422873703409	-0.04272701408819088
X950032	0.0016324639773701017	-0.008655225567102562	0.005765161597559271
X950034	0.006675551673083938	-0.007340992657149417	0.012729860540055121
X950035	-0.009746988810736419	0.0008150424387305361	0.010555765947678179
X950036	0.017528407039193738	0.0072882342618408435	0.006525344094425241
X950037	0.002727114406429754	0.014981949356002338	-0.005123612179606619
X950040	0.001663485693460563	-0.0021361234175200725	-0.008920503682730747
X950041	0.0018100177974332457	0.005721712519024647	0.010784425050808889
X950042	0.03442991778530774	0.018025524583332137	-0.02103005915243969
X950044	0.0022712729909404503	0.015130981103827367	-0.009329986578921102
X950045	5.213325379952604e-05	-0.0036380334268285566	-0.008236579590055679
X950046	-0.007847257943133396	0.009788733600972632	0.010196350897594984
X950048	0.017283496066527036	-0.018241551439258187	-0.005544843376328261
X950052	0.00603924605135511	-0.010421868580179468	-0.019904843230541727
X950053	0.0072680414483599015	0.018172328812138296	-0.013139047705515996
X950054	-0.0012398850201991711	-0.0008755074647613435	0.005163705376806881
X950055	0.004508598009002872	-0.04112197582036574	0.002316444511025263
X950056	0.0019524078765382064	0.04443217835924445	-0.06323308799084683
X950058	0.02337463730479457	-0.06257507632892818	-0.07088467106547688
X950061	0.004387050629354549	0.019697507217350106	-0.006325608537895454
X950065	0.006019791454668003	-0.02354205141647026	-0.010200404310921906
X950069	-0.009051552364351328	0.018155654290455004	0.0022595965267906675
X950070	0.004874166958693489	-0.020146450872814615	0.02666205210533976
X950071	-0.0037247229810966997	0.014254036120990285	-0.011382738723527285
X950073	0.002076539401658778	0.06208655433737121	0.03479316835394407
X950074	0.001149884676779063	-0.011568545386840528	0.016710366790192176
X950077	-0.009266451752831514	-0.011272066503948776	-0.010619083008894555
X950078	0.005501019099504129	0.0002722152519061343	-0.006723794041302879
X950079	0.0032117022609299177	-0.02018782924769572	0.004455881569687094
X950080	0.010364272159623458	0.006124838160045138	-0.006146653184180563
X950083	-0.037826749833902745	0.012045576081663976	0.0037336432861334633
X950085	0.0006952580914934744	0.00036542318418090986	0.004254770023916295
X950086	0.008025447091352734	0.001620190216839203	-0.003018051506011907
X950088	0.014657107764209648	0.009089250821960949	0.022393773999015928
X950089	-0.0008422297039572231	0.026501901111177433	0.021017013851965336
X950091	0.012230325173034077	-0.027779094844979216	-0.012264828585962366
X950094	-0.010339934508654187	0.03795079490252683	-0.046918191183088
X950095	0.04438639716542295	-0.0012534875876484546	0.011543324041028489
X950096	0.0020453744686758433	-0.011409079590575326	-0.0043087509842380835
X950099	0.03862510535839362	0.06434101633567324	-0.04630402073326383
X950101	0.018099749609251637	0.009984023207088888	0.007992886702162697
X950102	-0.02487755280123138	-0.022103904187973082	-0.005107577428939211
X950105	0.0001373559371919094	0.02889424769877906	0.0026728982480579036
X950110	0.01648785988273662	0.010955574708799775	-0.001315306426943869
X950112	0.003670300469598434	-0.02604348425775451	0.026863312828660543
X950117	-0.0033198089173402507	0.01360609045984046	0.01377396483593928
X950119	-0.00325985374115509	0.0065771498645353045	0.01051831021951176
X950121	-0.018178017577382646	0.010448270971756438	-0.0006578977644708003
X950123	0.036002073512434916	-0.006336185088710124	0.005921237448067848
X950125	-0.014993663250845465	0.010252022097704332	0.017340159713796297
X950126	-0.011403691574311195	0.0236905659983689	0.007792248383757196
X950127	0.03808906005539159	-0.00889172011712496	0.020044238096994543
X950130	-0.008175388130583747	-0.036366451265374564	0.06456881318616228
X950132	0.017720277831686247	0.006092481537697181	0.012912582569635251
X950135	0.023290330537012446	-0.01863789719250594	-0.0012041895587724448
X950136	-0.012324962227260438	-0.044618448843836644	-0.004393261137610384
X950137	-0.017200251368369578	0.014125508694031601	0.010363895620495202
X950138	-0.004367738016546212	-0.00017778515393220104	0.006259974705955604
X950139	0.006677779056990933	0.04966153696253314	0.00450423707011955
X950141	-0.009897622308914163	0.031043872106730257	-0.021216707622803557
X950142	0.024556132754833364	-0.0301109770150615	0.016957107179458464
X950143	-0.01727402018437232	0.017725048563699684	0.0022094696816235986
X950145	-0.012623483742735897	-0.004324263897339312	-0.010366259882120499
X950146	-0.007704493480571424	0.005268397871386488	0.016177832761631167
X950147	0.009172624250635524	-0.029856282872867932	0.007495387928622522
X950148	0.040987006112993	-0.03483819591103635	0.018672714566559574
X950149	-0.0004762311411178853	0.017892456697363498	-0.008235405948861341
X950154	0.0033889056512673194	-0.0012949483075222758	-0.003197490191400366
X950155	-0.014028779182008596	0.014545436219697809	0.009883561005934623
X950157	-0.0017759640932620499	0.07933143981515144	0.008362781521674186
X950158	-0.0028113073340686706	0.005293280076638939	0.005628554421287787
X950162	0.0063886426866057765	-0.004431185921381427	0.006145937123326658
X950164	0.008722042529165867	0.00108087918250163	-0.004429006725648561
X950167	0.04382883582804984	0.0031322042744993984	-0.02103597160412353
X950169	0.005684657963709648	-0.012140658220454488	-0.008249558902920076
X950173	0.014622812999812582	0.07283560271161858	-0.018241469730813416
X950176	0.011936793650459288	0.0008483254314662753	0.0050623987018196285
X950179	0.04619665004972412	0.0062145537624991466	-0.0469767733701178
X950182	0.0035808246221354168	0.007436652523610566	0.009875207258608649
X950183	0.001647309301393303	0.046925273393831325	0.011017717404407273
X950186	0.003011465511383004	0.030323791243844243	0.020653002680653357
X950187	0.00709057523316181	0.0004609345391253505	-0.00216300395126723
X950189	0.03344588295019198	-0.005820740687811628	0.018163756097663367
X950190	-0.02751725632497312	-0.00808622958993379	0.020539446629557933
X950191	-0.00514969712584275	0.012540451499300794	-0.003503624289005489
X950192	0.021918797186819026	0.01692882632467914	-0.031609391537723595
X950193	-0.008518115773569247	0.031478986563639615	-0.03613228618198593
X950196	-0.004950798841555639	0.025648075825798002	0.009940201948745417
X950198	0.002394984338476481	-0.01276687827419918	0.01854853537832683
X950200	0.001886923214048215	0.013005161476682799	-0.008326557195655726
X950201	-0.010993423222018206	0.0024657597134235465	0.006368167735744683
X950202	-0.004056920382381469	0.005202896470235829	-0.008700095967260953
X950209	0.0015827950946466437	-0.01599574893860732	-0.007940468364093017
X950212	-0.004453229722602471	-0.021540427122687132	-0.01722098143955941
X950214	-0.007581155980497488	-0.008346729520202751	0.015912674273612506
X950217	0.009715938347353747	0.0014669654105113044	0.006762112339122208
X950218	0.004150495163164387	0.0012380134013688072	0.004092613181890142
X950219	0.009324856302106638	-0.02103900127391047	-0.00477561670411145
X950220	0.011584965213871567	-0.020980032643973384	0.0012971284342552757
X950223	-0.003617638270780833	-0.013619802002764905	0.004769148126567317
X950225	-0.002779835613122843	0.0478674355551063	-0.013944926580454741
X950226	0.004905825389790316	0.010309168814256463	0.008455396418516666
X950228	0.012210921017088509	0.0028157047879516354	-0.00035630324724398823
X950231	0.0035700096375900106	0.01613300032316591	-0.0010673475414452007
X950233	0.0037051965008095054	0.0045456463630143525	-0.004595558330936386
X950241	-0.013505040926475118	-0.0011010731701630218	0.020806717527236604
X950242	-0.019732517937849026	-0.019815762197646206	-0.0023164197952547975
X950245	0.03434840392683538	-0.01606327850350523	-0.013017142660401451
X950247	0.007656346136245605	-0.022546054136675674	-0.005181945104632914
X950248	0.009364169293812579	-0.00973085521315883	0.005492373768235292
X950249	0.026266736150841546	0.023764153040337015	0.02119270928797118
X950250	0.002023843148018935	0.029385539084434874	-0.035819983700251995
X950251	0.01482891016861201	0.004314279870586879	0.0035985276836647665
X950252	-0.024899816874827535	0.01669111083796525	-0.006566893379778506
X950254	-0.023629968329859332	0.01871159028805088	0.020396914129457835
X950256	0.012095034788000513	-0.027834271670497023	0.002065425475871628
X950259	-0.0021443534691210106	-0.014516231096450293	0.02101322294453429
X950260	0.00904859215820126	0.020480371301466137	0.0013250099932425672
X950262	0.005573518000610714	0.06874574600778208	-0.03713772882378113
X950264	0.00017516070161711897	0.018931612250778433	0.001534107304139192
X950267	-0.00040398006355124615	0.012715666815567737	0.004592954826290805
X950268	0.0051212186874853224	0.014475719073926337	0.01565013986968664
X950270	-0.008318445109200228	0.01784370502834705	0.00880472515106245
X950271	-0.014400784130500202	0.007813360858040465	0.008613478745407533
X950274	0.008776598637158238	0.02466684665880221	-0.0051737696477324995
X950275	-0.04516707263408307	0.005941407869808942	-0.023282796447090914
X950279	-0.03917935081934929	-0.026819476911336685	-0.04577927951937563
X950280	-0.0196517532884515	0.002400985154029528	0.0011635229054871644
X950281	-0.026336614835872196	0.013455168249453885	-0.003280794991880739
X950283	0.0005254181146472791	0.019084335480172944	0.01754565758889833
X950285	0.010717853708741268	0.0068918287677995176	0.009023895610698187
X950287	-0.01579638942678456	-0.01610394581851661	0.0059330570084265314
X950288	0.017238163050312838	0.015562315704128724	0.0018467587447963927
X950296	0.01580660221099504	-0.0069650137692231035	-0.003369955193186967
X950297	0.02174472202896122	-0.01630024937264451	0.0007596908111590038
X950300	0.008313110681882289	0.031689001065647066	-0.008062840388992057
X950302	0.020101514957247425	-0.031071832880225428	-0.019382274490417177
X950304	0.004961114222253902	-0.005687337911183279	0.023056811614398928
X950305	0.004496378053438072	0.014902824687410294	0.011032181777697589
X950306	0.000584980018264444	0.005300516764709743	0.004129867160522127
X950313	0.015901844668679374	0.010675031614273136	0.010995724960169288
X950314	-0.008052818277376516	-0.03319251173502657	-0.0043562336390508445
X950316	-0.01957885664525352	-0.01737996551140484	0.03456434743740244
X950319	0.006075623295207826	0.004331121818074407	0.01537710955450768
X950321	-0.03449956773168424	0.012773262017736303	-0.0034727562575966905
X950322	0.017091114107660847	-0.03641061427404125	-0.008949625473490328
X950329	0.021143260619506478	0.010567436539264796	-0.008281847992319161
X950330	-0.015192801168075018	0.010651599848562078	0.00539815251119892
X950331	0.0028830524744265723	0.02030017947742997	-0.006302050556253547
X950333	-0.03206063850387158	0.012953943872775611	0.009444658986978745
X950340	0.021263264664438584	0.017854726915648843	0.0037499835463354523
X950343	-0.004504811836923996	-0.014423559502693351	0.01150544812186324
X950345	-0.03305743735228375	-0.024979540508822243	-0.001846148031800696
X950348	-0.005593164617590895	0.0014660065836547278	0.011937106744941186
X950353	-0.00823107684439236	0.01793232566921824	0.0019070393443282692
X950355	-0.010212614412429323	0.009120717190936992	-0.008857004333480948
X950356	-0.019384844738406775	-0.012836833401178235	0.00044683324905241313
X950358	0.029409471574603496	-0.026305359578906198	-0.004137683244899038
X950359	-0.007749881382493275	0.009143632647470604	-0.0018071530565410175
X950360	-0.011710451611358832	0.009453322526375192	-0.0009561915837901417
X950361	0.0020376571071860864	0.023136039377969642	0.0025526294946528628
X950375	0.004659607374648939	-0.02753096704257876	0.02013489361379004
X950383	0.010913642770873803	0.020148151585552537	0.016641446536709074
X950389	-0.029310302419121644	-0.015462600526868495	0.0005681393405281225
X950390	-0.025196812718949215	0.005704268575382359	-0.00031600779272172787
X950391	0.004211729777750588	0.000815818167281306	-0.002628002461550303
X950392	0.0021159849378717694	0.00831262790581622	0.005057388936652647
X950396	0.0013243208793085274	0.06939725849393692	-0.04736815665047937
X950400	0.0026788752286025876	0.02345188610914513	0.010475170055325283
X950402	-8.93098307286069e-05	-0.011789578245211804	0.003077342119297138
X950406	-0.0030875656919328778	0.04002991323868216	0.08436595208325294
X950409	0.005543507145089977	-0.004184869566742055	0.011028921680729418
X950410	0.005976315440306099	-0.0068181360356219176	0.006271317914215474
X950415	0.04872243900289662	0.08052290272459546	-0.08451495825167976
X950417	0.01015611162253652	0.0019995346491027224	0.003583017273655813
X950422	-0.021706841119513525	-0.020325048666231353	0.028063679145893323
X950425	0.01215427526279638	0.015046315928424762	0.014785623682735094
X950428	0.03228060403304768	-0.05955732856008077	0.027107594302808537
X950430	-0.02289518171223464	0.02353998308450966	-0.0015925436419942799
X950432	0.006861898439205754	0.0006227875675664269	-0.008350223333061823
X950434	-0.006741024942501048	0.000403152880134082	-0.0025443182335446
X950439	0.0016187640268679152	-0.008169108332554822	-0.001114832024251188
X950449	-0.021254237386537648	-0.03019409971095179	-0.0169111031694191
X950466	-0.015060757233245707	0.0002904912962955192	0.011389972299222206
X950474	0.022451585548110987	-0.022274105300991207	-0.0002822686348061222
X950477	-0.045530600094028116	0.005361337375457489	0.028894154362531878
X950478	-0.0041537756250859675	-0.0041128686983629235	-0.0010823647668196533
X950483	-0.01274812990983328	-0.03498214674032172	0.01611397493758459
X950484	-0.02498903266704261	0.0005033913014238339	0.002538985935358456
X950485	-0.016616303562358017	0.036358443295026945	0.02202301574658749
X950490	-0.020690963296717248	0.01385105196559065	-0.00031456517238568276
X950491	-0.0036849688448906503	0.018110138212431674	0.0057948525759764285
X950503	-0.002432945892168506	0.0002863391262714752	0.012126235705005683
X950504	0.0015387771016732751	0.008666684258751277	0.0022079235648279033
X950509	0.017363016280940335	0.015792243485930748	0.01658842110473587
X950512	-0.016597311711321505	-0.00023803268950179263	0.006805068996291314
X950513	-0.002846834441492091	-0.008506686243271867	0.023508526376558772
X950516	0.01035473099629207	-0.006749628937348796	0.0011995463521279701
X950517	-0.00699176413376669	-0.004853891647285024	-0.004840133645219777
X950521	-0.03534116765773958	0.0013380380666819596	-0.004888376505637914
X950525	0.003254207073106275	0.00598563392385895	0.0037553005613821942
X950528	-0.004203857001154364	0.019310216291496984	0.0025615725437638393
X950535	-0.013214718378010248	0.003771837172742029	0.00047873695492095666
X950536	0.00655834130461035	-0.0017359845749951393	0.00772285874137618
X950545	-0.015288204810975136	-0.0004129545928396924	0.004688781093770052
X950548	-0.009707531330509346	0.037387722709327775	0.002821449700615455
X950550	-0.0015809304133558568	-0.003371393119820128	0.0159824001352169
X950554	0.009855006896429411	-0.03315746678390075	-0.0202491111342863
X950557	-0.007574925364628572	0.021879270503728253	0.002569827733401867
X950559	-0.00610115767327777	-0.00044970987943122154	-0.001142764440222153
X950563	-0.004423304265229436	0.014331565270275076	0.005132341518062233
X950564	-0.025920875877038757	0.011664779993413574	0.004555401111779256
X950570	-0.022973703181503543	0.008627807204545136	-0.0021684425084196085
X950571	0.03581998197187405	0.03815370586941663	-0.08048320695487397
X950572	0.0037815598100495633	0.011556609349262227	0.0027099198216100125
X950577	0.002177005721949849	-0.01506322376773379	0.016881036750164474
X950579	-0.00745798163434216	0.011052561869177604	0.0011009157676353442
X950584	-0.12093379755056217	-0.03514078669044285	0.07137738021719825
X950592	-0.008367899107745741	0.010698869766330261	0.0011322284837377756
X950593	0.007665702333952362	0.0020160303844394033	0.0015635618725395063
X950594	-0.006918585976443169	0.03156798767328722	0.017229338613347703
X950598	-0.006189022414482884	0.015528048277123613	0.007172625994242682
X950602	-0.0010145950750208015	-0.011750551419805464	0.005907851858604275
X950606	0.013855035075272915	-0.02528703509181778	0.01332828722039468
X950607	-0.04420367584638672	0.006168028877860679	-0.022367721946436853
X950611	0.019662740703076234	0.024442814820056186	0.01980744357405215
X950613	0.008791143806369979	0.01730557394829102	0.010306555719738162
X950618	-0.0009826795439137105	0.017963396101042944	-0.009953598769579053
X950632	-0.0007531571671887852	-0.019380713042389478	0.006713668804298571
X950633	0.04983456315509187	-0.01341035430037784	0.03734530690521797
X950637	0.0018488739597464158	0.02100947020342084	0.00974701160217763
X950638	0.021616502102248813	0.028323020101733418	0.02376210360988791
X950641	0.013491366614801445	0.0026112539492714848	0.010008590336035598
X950642	0.008803038784825884	0.0020844533328976287	-0.000641869148519654
X950645	-0.01870049332915293	0.008487438489647402	0.001825970231406056
X950649	-0.006770499436084352	0.0036522576446200413	-0.013415503371492386
X950653	0.008076885025800838	0.016246810429544973	-0.010215701642601938
X950655	-0.019738148927873823	-0.0050164945404592405	-0.014547549672945605
X950657	-0.02561850246825989	0.015829423852999364	0.02330395445032758
X950661	-0.13142391559803082	-0.07752995327525303	0.09059890903667392
X950662	-0.002222997504753736	-0.001367691571140399	-0.0342421692289699
X950665	-0.01684018630635182	-0.008441714295452875	-0.0057334411200292024
X950668	0.00761731869170524	-0.003129584679495645	0.0248516719409676
X950675	-0.002586473459448008	-0.0003818364853856783	0.005306278591402933
X950677	-0.008089447758280492	0.00347860419875516	0.002365035013494348
X950680	0.0012143379563230965	0.023860428720922817	-0.017642550377386913
X950687	-0.03437030977817354	-0.022613619878390844	-0.013825802298367277
X950693	-0.019393999731245275	0.008216132357415652	0.004364017741941701
X950695	-0.0026530265782087766	-0.0064561232482229294	-0.0028420064770680728
X950696	0.014729919948565871	0.002534574948570321	0.025878198485106137
X950705	-0.01313997425744625	-0.005965599649456145	0.02223594098041592
X950714	0.06607162475634362	-0.07244750737736473	-0.03313290576056536
X950726	0.009482155442241465	0.05460894034883702	0.02787096165886726
X950728	-0.02594766439839462	-0.055782740616975406	0.042782918935842226
X950732	-0.0038446075745210886	-0.01040655587002866	0.009260126204448018
X950736	-0.024249024282312768	-0.005029435119351466	-0.004174463556998499
X950746	-0.02342832096096179	-0.015585788261562684	-0.000621191742294517
X950747	-0.007065698989606674	0.015213562475580963	0.006221726708853113
X950752	-0.013274786692298349	0.010478482943197769	-0.002931454068737043
X950757	0.03364287662551545	0.02470261703535151	0.023646561881809126
X950758	-0.017284589371309583	-0.004044413124980452	0.005961690502227492
X950759	-0.0013636773356671425	-0.0032937203096180126	0.010428873867190928
X950766	-0.0090914631911652	0.003497862284154611	0.005487690693263261
X950769	0.04745129409023881	-0.01785350175690463	-0.035621621563220275
X950782	0.009079593986809702	-0.012201777272182359	0.01624925987807448
X950784	-0.015281732194992834	0.0106882909824466	0.0015431233729924615
X950789	0.008528816074980615	-0.009869653787118791	0.0026371272534338294
X950796	-0.01617758697832729	0.029683669471198965	0.013119701633291788
X950798	0.012092631284506123	0.026477896126664815	0.011980753297098726
X950799	-0.027899007070239224	0.01636014857096009	-0.0031034088601147947
X950803	0.005173056191342943	0.03254119767967382	0.011153674529752872
X950804	0.007939326798138599	0.015706603085471716	0.009813261454300363
X950809	0.00259841598499781	0.025659247496425362	0.023228653588065716
X950810	0.0025906528412851107	0.004745095967947864	0.00023181001608171866
X950813	-0.022408608403444087	0.00606509856210927	0.032334181297019794
X950816	-0.0043830565324806114	0.03355647348172496	-0.02594804585528346
X950827	-0.0031979115242360997	0.03722586086590146	-0.022109017788078656
X950838	-0.012277452542136226	0.026593155457372446	0.006421665211748821
X950841	0.017256503101900588	0.03127366644490362	0.030290556674287355
X950845	0.0008906492887061238	0.033605507091163646	0.020442505727013022
X950846	0.003913880995700258	-0.014766404013060421	0.008563624378131716
X950851	-0.059857381113029934	0.006183362296704902	-0.014635609894338203
X950859	-0.02256876228197169	-0.006882511129951794	-0.009757834128172927
X950860	0.02444671115060656	-0.01040885887507326	-0.008578080621877603
X950869	0.0031737977251825736	0.0012702446131571542	-0.025179001375646624
X950873	-0.005800945817528405	-0.029510951821839722	0.043270253686403505
X950900	-0.02333071226114039	-0.02029165667606493	-0.02685677497954827
X950904	0.011619031935117794	0.007490824396436777	0.017834893345619045
X950906	0.010782766425242604	0.005625686875962331	0.005338136825930966
X950911	-0.001438735514823086	0.014370576195453795	0.0027726065343415558
X950914	0.005632936068654615	0.013893162219217494	-0.022313976066429205
X950921	-0.003466517708058674	-0.01550540288420851	-0.02485502001353788
X950925	-0.0005913362126027908	0.037954573950884724	0.008694775759720809
X950926	-0.04190500064584584	-0.012717113651370243	-0.015690895366846445
X950929	0.009341176876380456	-0.01711307298679823	-0.0025448250490660265
X950963	0.019495543231125654	0.009557048137912813	0.022187469334110844
X950966	-0.018385588030437702	-0.0043863042247757845	0.011898901038508422
X950968	-0.0004710984469626647	0.04605811438347184	0.027538665524093203
X950987	-0.015944140654263236	-0.016074753760094977	-0.0013171090600404595
X950995	0.034993382944028005	-0.002548083446289172	0.011080318897680836
X950996	0.012856823666122804	-0.024004921810679317	-0.003414331249269053
X950999	-0.006877242741734367	0.031658667634747416	-0.012507852613809023
X951002	0.006632888908568603	-0.016482378537671784	-0.0019131649532476765
X951018	-0.0074487667276362576	-0.004217930557123483	0.022495544737880617
X951019	0.018832891244807484	0.02234630705936057	0.006543260899408267
X951027	-0.014557506922957408	0.04247370673282767	0.0020512792463579363
X951030	-0.0031715135806393473	-0.007094195999317166	-0.013859476737001004
X951041	0.0038695169734324054	-0.014279938206967059	0.012912449312514217
X951051	0.014922138964976161	-0.018833227074354465	0.018904004317996628
X951054	0.002370913335150674	-0.009293974407271203	0.0012518052455953168
X951055	-0.009218296731695032	0.004656737750008721	-0.004411042843074413
X951067	0.0012503131893311604	0.007344883141330952	0.0020096152059046494
X951071	0.0030806359252184105	0.010063111067470182	0.01359483959194446
X951083	0.019012875722155313	-0.027267552834200556	-0.005883907975543009
X951085	0.033905221797464906	0.02725093785846988	0.003403619966933663
X951115	-0.009742502807736869	0.012365146412087887	0.009166494940919579
X951141	-0.015833199274372697	-0.03856062609890985	-0.003704702964912482
X951144	-0.0254762026738535	-0.03762597536861755	-0.01009469475207904
X951150	0.019614168956108995	-0.012002401837585129	0.03494591273642984
X951151	0.02163050298601669	-0.0010980653362064698	-0.004749621612714457
X951154	-0.005276365246761313	-0.01167096304735466	0.017924470344011827
X951156	-0.004796555839740391	0.009858352369121021	0.009196719066892917
X951162	0.004960214073751306	-0.010246271720021991	-5.314519225059575e-05
X951171	-0.008431335101840135	-0.023598783682214523	0.0012135655011516716
X951174	0.01845509449708594	0.003397718754973203	-0.004993485228283308
X951242	-0.013005612706828106	0.013298064474583865	0.0050108472153715675
X951273	-0.01489907528765483	-0.013524842743753398	0.00862463432628345
X951284	-0.007812694691333043	0.012730344632385926	-0.00413704776494324
X951317	-0.010900303889693453	0.023294159435958722	0.004248313160030619
X951318	-0.02933690181853666	0.008856627007176704	0.0002153705618643932
X951322	-0.0127049768717195	0.011310602697492886	-0.004815521387968098
X951337	-0.02612987442347619	0.008119758488039185	0.0008879510247470136
X951365	0.018847032042260344	0.03094400943596964	-0.009679713060207994
X951409	0.02227423676214982	0.003781661491439262	-0.03211170478104916
X951429	0.002905365210591349	0.02020699895861404	0.0009169220415569815
X951457	0.003939325467368758	-0.0041770296925938265	0.0014528267940873904
X960001	0.034338394864038384	-0.06620550953254364	-0.023097474010274816
X960003	-0.0011003386107989697	-0.005452616066724712	0.01394254826280317
X960004	0.0039728019273781055	0.00478716031401653	-0.04009759012022917
X960005	-0.0071924303993315284	-0.010029638489184542	0.008485423605306186
X960009	0.01069417680119396	-0.012992767526871552	0.018135193855552983
X960012	-0.016023493562485218	-0.0035350021118006835	-0.0005825777707567468
X960016	0.04163885367865165	-0.0257254549475521	-0.044756377195152214
X960018	-0.019392610798459105	0.029508176669700997	0.01775139071436503
X960019	0.04622268701157987	-0.03616243087127579	-0.1025623392948148
X960020	-0.025836543709386806	-0.028638943214749493	0.028534582372925353
X960021	0.03594627435391434	0.009979694849192686	0.0024536619497271214
X960022	0.002476726344469593	0.003517177316722506	0.0015451756661699957
X960023	-0.0007685115834948359	0.05582314356058519	-0.02903384115705065
X960025	-0.01076856919986716	0.012900876866855116	-0.004245612263811983
X960026	-0.011182677934133326	0.0008560829676757599	-0.011680620169008818
X960027	-0.011259104970128905	0.02035279009471114	-0.00033582782588964424
X960028	0.008448078059282074	0.012665883075269318	-0.041018708428223555
X960029	-0.012285917351572952	-0.006653944941495455	0.020755431987860055
X960030	0.006374511864368299	-0.006821953340781329	-0.0037994645137466115
X960033	0.04118200623723869	-0.033148183020673135	-0.03150194393752477
X960035	-0.0229479351313673	0.005353494073606767	0.0009589401693606298
X960037	-0.0010712167124240744	0.04132501681076779	0.016205716886378795
X960039	0.005468738301757045	0.009596673407310394	0.004709174684618819
X960040	-0.03377126814993823	-0.012183652500975348	-0.002605815423984328
X960044	0.0042010352377092825	-0.01891685327459833	-0.004438732767930789
X960046	-0.061147863177669716	-0.021534313843385007	-0.08070890757974623
X960048	-0.030086852459803578	-0.026790100733951973	0.08580758012410866
X960049	0.01894699733123416	0.016677032577223996	0.0015304588343851369
X960050	0.0023799195145946445	0.002940381045922194	0.0049243577151381794
X960051	0.012235402716355958	0.009294967425506012	0.010311210230312274
X960055	0.009456926277179676	-0.01492979550069258	-0.009792423068528589
X960058	-0.020746230628337078	0.013736865087641761	-0.025684906459093552
X960059	0.0256438000481279	0.004324824655423318	-0.01434471042910117
X960061	0.05814615528854354	-0.005307762342669334	0.009507905590671198
X960064	-0.0004106753181576786	0.010565842529249267	0.002133198022548308
X960069	0.006468707019006972	0.017502142566970944	0.007217927035900067
X960070	-0.009433098205678994	-0.016143179157618832	0.00761074656722927
X960071	0.009037726196207612	-0.012262956849369913	0.005345935823047611
X960072	0.02240180708956021	-0.036160451905081645	-0.0005247904689270897
X960073	-0.007813272159726803	0.024441504018153107	0.0077828828308347765
X960074	0.03657613536474983	-0.0012590354208094168	-0.022268941191188954
X960083	-0.0038054649250233987	-0.012978655899119892	0.0022082326852912843
X960086	-0.05228309887405736	-0.027186657858185435	-0.10154105845104436
X960090	0.011552795598145585	-0.029179799540430904	0.005924644777371239
X960091	-0.025274630349789714	0.007935864673536174	0.013325242297737695
X960092	0.03292803866286484	-0.01413419872341576	0.000508400222618367
X960093	-0.021065223672060387	-0.00807381496010496	0.005956935256797139
X960096	-0.000565575185463702	0.003079536635764321	-0.006002018311316339
X960097	0.0012720278123447939	0.009820483741548876	-0.009073168818775951
X960098	0.0010196116161991407	-0.011097174392843235	-0.014108323711453633
X960099	-0.004157348165918309	0.011130843241747082	0.009708633563588184
X960102	0.008759578619659314	0.0021944041268227633	0.020099605577424424
X960104	0.03473867478405586	0.013427316635116761	0.019254553615197345
X960106	-0.0022800963551635476	0.0025251750832846523	-0.010624222720793252
X960108	0.00938428640877236	-0.004098257090027624	-0.004976572412033673
X960112	-0.0013773192405793667	-0.017266154205449146	-0.042116679585792245
X960113	0.011715913586875572	0.0008472159199235515	-0.014994159252247667
X960114	-0.011049774889599653	0.014047612712007714	-0.010852807083877878
X960115	-0.004000523238611211	7.871395247214059e-05	-0.006212218957616676
X960118	0.03961274463023526	-0.04190711568248507	0.008123729080590246
X960120	0.006569956686940213	-0.006426067032946422	-0.009012988735424787
X960122	0.04443974653632878	-0.05110295520886052	0.009620571078590871
X960125	0.003925652208398893	-0.02709169961219417	-0.020186846574138922
X960126	-0.041490810887242276	-0.0302848834567939	-0.0022000543176590947
X960129	0.021177913440139653	-0.02729497623670611	0.004250320734887881
X960130	-0.02173218087259706	-5.580754380668876e-05	0.01706566997361261
X960131	0.016573519912159915	-0.01879307026548009	0.0051637163707005974
X960136	0.039587832853705734	0.0289395845563275	-0.00725939325678195
X960137	-0.008319068047748259	-0.0013234637224196215	0.017235258081424235
X960140	0.008235442161758682	0.007147450277670051	-0.02093896970926694
X960146	0.02393189903184266	-0.04037050077397481	-0.048317492521892914
X960148	-0.020219885981722318	-0.0017073003782940373	-0.0075592736476040815
X960149	-0.0012342274771298938	-0.022713396298427262	0.02737576854232541
X960152	-0.04342635083333642	0.001529980957659718	0.009014271101785735
X960153	-0.004409966626310544	-0.06244685752504625	0.045235703477890125
X960154	-0.03172461762066123	-0.028825831535857136	-0.009858622786328841
X960158	-0.0027648465438727676	-0.01956864797646409	-0.01679658220016365
X960160	-0.0331379300440299	-0.026712317818760878	0.004589073012805516
X960162	-0.011710856388116154	-0.011639109453773607	0.013632180259696376
X960164	-0.006530394543666991	-0.01926571203896131	0.0028397333528735378
X960165	-0.004511688376862183	0.024683184097319222	-0.03372214355325935
X960169	-0.006822310335825615	-0.0017638273268024659	-0.005188320967348905
X960171	-0.03537266295115553	-0.052307018777604096	-0.027785036584468847
X960174	-0.04113697876397138	-0.026965536637956464	0.009296025080985846
X960175	-0.005883395227534248	-0.0028470994953895936	0.011789985500031745
X960176	-0.010951866455522553	0.011981450435950197	-0.019006951351991673
X960177	-0.0009332880058854065	0.065404273906618	-0.01362009946531644
X960178	-0.030396148366099295	0.009850877398449333	-0.0010868096404029418
X960179	-0.016053500606357813	-0.011389155099189332	-0.021651220466414853
X960180	-0.01957680401034172	0.013420705296293517	0.03026402405048065
X960181	0.00964035107558598	-0.02238346088354011	0.020886389379330905
X960183	-0.03732701389548904	0.0339912825385095	0.0022394915671347135
X960184	0.01104160581413159	0.007179715936357643	-0.0057646423362750785
X960187	0.02704248027906427	-0.04215117696785091	0.015285905349637625
X960189	0.011715019401124686	0.029847779733829512	0.04021769616012117
X960193	0.11161736080091866	0.10727086729263882	-0.08163202737829398
X960194	0.0272979594377129	-0.0037378843426884704	-0.07747825229308739
X960197	-0.003618795312237168	-0.005084073499095013	-0.0015167119615539524
X960199	-0.010481080184099774	0.009246056167226891	0.00543911840918861
X960203	0.009782562982407886	0.03779041369970848	0.005060105124673388
X960206	0.07163409392458098	-0.03683603094221103	-0.0695300520452292
X960208	0.01730763492700283	0.06346847148324034	0.035926283984376466
X960212	-0.01707936847834967	-0.02377695374835782	0.004318166752560517
X960214	0.028063392283602315	0.013289234033362948	5.2825563862749884e-05
X960216	0.006704999498377684	-0.006065114116692562	0.003370516886209975
X960219	0.029610420378510447	-0.06558776053862632	-0.01709287997811383
X960220	0.003341641193828485	0.019540573586411588	-0.032909311882824324
X960221	-0.0005729059125117286	-0.045088774107497516	-0.03429143566257131
X960222	0.050975335913609185	-0.03378256024836899	-0.06589161201202508
X960224	-0.0002788442447980507	-0.018020181510131402	0.003095632757141066
X960226	0.07855745943978885	-0.054794269525529175	0.07429208979939919
X960229	0.008992108513537333	-0.021995244624882667	0.008624445359482058
X960231	0.01896014203323529	-0.03126701551083519	-0.0003695377287917244
X960235	-0.052164429142804475	-0.008023484608979716	0.016974056118031832
X960238	-0.02501759424316685	0.016085949680366224	-0.016702344938240195
X960239	0.04990628160900016	-0.01689793572030016	-0.02456033328410482
X960241	0.013367155724927566	0.00379082829490961	0.004224434225071238
X960242	-0.001325467716870971	0.04739952979985154	-0.03661670415595936
X960244	0.009814042893158311	-0.02042317398869958	-0.014341040828965538
X960245	-0.008559359922351404	0.016826088896846437	-0.013929865485970099
X960249	0.01993048747327246	0.0271679559455671	0.0011418988311958083
X960250	-0.021227515688970917	-0.019645759568848054	0.011474756302981344
X960252	-0.020301724541133444	-0.024702065519499834	-0.002360709842151755
X960254	-0.009254435629237456	-0.005979585594460656	-0.0226811768706632
X960255	0.006160575180067821	0.0017847360747677385	0.009805024865930358
X960263	0.005688780608022116	-0.007716588256374463	0.006126847829483452
X960264	0.010233688965989252	-0.005735234248610404	-0.0016144311871200518
X960266	-0.014791494977072174	-0.033474734356756	-0.0020386923232353304
X960267	-0.011918939687186538	0.0018561939548267352	-0.012856115861591563
X960268	-0.019416941042935763	-0.030552936208321356	-0.010535383296849238
X960274	0.007976036020442437	-0.02454638311925398	-0.0015085182132627435
X960276	0.0326459131053223	0.03641695876028811	0.01494818697097381
X960277	0.03169333483813536	0.009605707659008037	-0.0309904474687996
X960279	-0.052644552425980665	-0.011825843472546399	-0.016278801723519122
X960288	-0.007070606839182979	-0.005107825915251571	0.00041089831182605205
X960290	-0.014656726458082744	0.010893175987637314	-0.02186038847560312
X960297	-0.0035367338949779344	0.005789813412241987	0.01060301057221575
X960302	-0.009624451812489679	0.0642842775025991	-0.004027607973780006
X960303	-0.02359115797399428	-0.0076291270715619025	0.016401029913148565
X960304	-0.027408151286280727	0.058701339715199995	0.0069825474356458314
X960306	-0.08427981711878182	-0.04175725566803357	0.032489204725214646
X960309	-0.04676902008408853	0.019173200425336764	-0.009519325935573865
X960312	-0.0305990609041771	-0.061500284833919755	-0.03267197428678603
X960315	0.001234797756282327	-0.013424521594216688	-0.015816127975123325
X960318	0.03874455625717536	0.04259178272240445	-0.045018678055175405
X960319	0.03468415891573704	0.007587362307900147	0.013867795989694206
X960322	-0.003919507076065542	0.015074672106760771	-0.00942613876014101
X960327	0.0010519482098075047	0.0233319278273115	-0.004827645676692626
X960331	0.013414457137941387	0.0036818411243316035	0.01208195692770636
X960336	0.007744956079197276	0.0007985779013777733	-0.025812498943671987
X960338	-0.013582318176083205	-0.02440044635887034	0.011516840736069268
X960339	-0.02267833680704721	-0.005259368335169902	-0.016267354194288788
X960341	-0.03329014690485785	-0.034888679651427446	0.01637379158269697
X960342	-0.03300211021507926	-0.010402575056207591	-0.011331426353960432
X960344	-0.027984126125473876	0.016793161272192034	-0.023083081722054553
X960347	-0.0020010228104797973	-0.009878709908360473	-0.006690419202801866
X960348	-0.005250675415884008	-0.007578429482590731	0.013365223982675473
X960350	0.025924483660085932	0.021746873094476187	0.0030013860135683253
X960351	0.00872324288801652	0.012724415204804699	-0.004855678865385042
X960352	-0.018271157721900116	0.026818282197431514	0.00044414216717401456
X960353	0.027990587969705102	-0.05791950202296182	-0.014204826711191927
X960354	-0.011725790410832453	0.001333748316662448	0.012140510703252467
X960357	-0.009800032832716882	0.056201776713962794	-0.023506637122384214
X960360	0.009736879933190248	-0.08252416194163431	-0.044463516623693466
X960362	0.016643927367927924	-0.007451053134009834	0.0018160286586581577
X960363	0.019922231893919805	-0.021356899324788067	-0.047060159548323835
X960365	-0.0033239313158336344	0.02103041188233629	-0.0192135312502923
X960368	0.00832143134779491	0.00758737574520665	0.001201382847984518
X960372	0.028890153236763284	-0.011689656492471698	-0.032669674057688
X960373	0.012459880558742031	-0.003443294628842971	-0.0007487393871614236
X960374	-0.02881626605395006	-0.07912796563923054	-0.024919344508061943
X960376	-0.0023568983393903215	0.07333658428875049	-0.031110497228588763
X960377	-0.002283546911938425	-0.04562563995235085	-0.0316971993094022
X960379	0.0024094881037603866	-0.009151434421945492	0.006978644315725255
X960381	0.01957584839097241	-0.04309872424713253	-0.001742558493041095
X960383	0.023584060972973216	-0.009577634933330206	-0.012902255937264169
X960385	0.01717192965965438	-0.05714440204867259	0.033576763055643694
X960386	-0.005737359498930511	-0.0008229863157929316	-0.031141746026762097
X960387	-0.03357739587999126	-0.0065954261418942235	-0.046544060051391084
X960390	-0.02070604423086337	0.010506749977280055	0.016729803967626442
X960394	-0.03272107364230671	0.04356565688209143	0.030357358616208505
X960398	0.03956230165815789	-0.04379926171679679	0.004942662206103694
X960401	0.007243265491926048	-0.0066427375732429576	0.06459435327442525
X960403	0.01693987175916346	0.006141493953339461	0.008575851318695104
X960404	-0.02623564087232606	-0.019019499276630103	0.010129614813342423
X960408	-0.0009730617367807923	0.07968846638514954	0.03223617725167375
X960410	0.05096434225918419	0.013342674106954675	0.00858708868701094
X960411	-0.025295979655232986	0.04652672421321469	-0.0019435614366511394
X960412	0.0227643119731852	-0.039370562155025816	0.0014625885383086187
X960414	-0.04081730929233231	-0.041862961780555874	0.004340037985118457
X960419	0.0024733419505828503	-0.016963060400495108	-0.001483065662900383
X960421	-0.13642889419763013	0.06133173725770174	-0.10951485589661106
X960423	0.0036882832268590538	0.01534596914109535	0.0060807337120058575
X960425	-0.003673684316837698	-0.005889129610958546	-0.0164613291278682
X960426	-0.0003278161510796942	0.006446775926451933	0.0016461169588868514
X960427	0.0005156317885425607	-0.01607596021023932	0.005838909840702563
X960428	-0.013832113382513118	0.0014294035063285744	0.009738348059662763
X960430	0.0006509165827202956	-0.02326889596467418	-0.014709896967286171
X960431	-0.01305165037096663	-0.04643324227246442	0.008707616007208931
X960434	0.002874065157438158	0.008762768099112769	0.009508320008589803
X960435	0.0037163725309343394	-0.03817104685367011	-0.007302745592475805
X960439	-0.012922945139363968	-0.020892925060231306	0.004471390972018627
X960443	0.009023420793221677	-0.02254044098498548	-0.07003871033226762
X960445	0.011205639996569164	0.00574142976118	0.007131378523327552
X960446	-0.005848641783829171	0.0031788254112578096	0.01192468066757665
X960447	0.03803865069496542	0.027010438933407706	0.006116623304828627
X960452	-0.00838332193725731	0.023102957954879624	0.013292390956152086
X960463	-0.1730159088557232	-0.0715683342958739	0.018846646420164464
X960465	-0.17996230884543918	0.042699534935613216	-0.0952502884909367
X960478	-0.024830433872553563	-0.024115662634498942	-0.012430279399023266
X960480	7.704046030424044e-05	0.010951867206590617	0.024141565110345757
X960481	0.022923555721817625	-0.013956338879042829	0.0043197917292455545
X960483	0.03329904641602793	-0.010005668557783424	0.015771097384379505
X960485	0.043917643079245235	0.0912916754714776	0.1215690651307464
X960490	-0.03155448257934144	0.0047213058200449515	0.011571707622398938
X960493	0.04268149149562346	-0.019809336534472723	-0.032893938624772835
X960494	-0.03536583748802542	-0.03304117841435154	0.12279759129774587
X960496	0.0011366360472329549	-0.0017784850086854937	0.003692420386383825
X960501	0.0035211311447237823	0.0173682550010632	-0.002770102069631043
X960513	-0.0187901340116832	-0.02935667028665816	0.0038860043981957314
X960516	-0.0010609008169131789	-0.015242627745279484	-0.013146058400037557
X960529	0.013005957259559178	0.002209226624802217	0.005079096344710528
X960538	-0.008716696191650006	0.036832849957971134	0.012654461359963693
X960542	-0.0037671143002555537	0.13145818856647334	0.072088145525808
X960544	0.06295285323259332	-0.0323459832821626	-0.04573497988747454
X960550	-0.030338931639491612	-0.004748210342381406	0.021874227793727913
X960551	-0.011666330228948026	-0.024705844073944105	0.009693730160531502
X960553	0.0034030966545289783	0.0096289818260623	0.006722891326106677
X960557	0.061664795681248115	-0.027882301204983	-0.021294610303150437
X960575	-0.06978952185888208	-0.022913878679086983	-0.12187924263946436
X960577	0.00271508163252259	-0.009373526295656917	-0.009338821320277179
X960589	0.023728841078229552	-0.01734198159219997	-0.026499542090680648
X960591	0.0503238921634431	-0.025797490354402604	-0.040667572205854326
X960592	0.027440295796385683	-0.02995365327710218	-0.1354079691838368
X960596	0.04974450877277463	-0.06670492630944404	-0.023989995357272847
X960611	0.0028974084812546713	0.008396644134822462	0.009783558498945194
X960612	-0.056251422793407516	-0.008160138540766287	-0.036093363236740554
X960616	0.009793562935013624	0.010611736695320517	0.01332691336482593
X960632	0.0016002729761239681	0.005575565629533381	-0.001115945293836758
X960635	0.008473795065613667	-0.00880046793825816	-0.007398935951110148
X960636	-0.005544223482053537	0.005068096289594117	-0.007474291192185763
X960639	0.02179770987760429	-0.03324164611647378	-0.03292680231557986
X960643	-0.0009613067513521739	0.006479164789908962	0.0014340222412741331
X960651	0.009001748257404964	-0.03690726797526216	-0.012135024790373079
X960658	0.0059528896854296074	-0.021479420172361926	-0.0329029927570282
X960659	-0.020856021489438076	0.026147501597130963	-0.013967937237001328
X960666	0.005757353047613595	0.006904093909602945	0.018019588199400485
X960667	-0.005125401324000008	-0.0003592182232568958	0.006831751049634975
X960672	-0.026564763631817194	-0.0346746385787859	-0.010115314206965945
X960673	0.02301531828603367	-0.009766780793985847	-0.08141649324328945
X960683	0.02485589144668399	-0.03676491493305341	0.033243846922246786
X960684	0.023694817927146502	0.02070343760689188	0.006423613017204125
X960692	0.03292026850075353	-0.0025708173124881356	-0.006077130970589522
X960693	2.2101276268566025e-05	-0.019993747453200626	0.002409657832643495
X960712	-0.0526804447679359	-0.07955231535342264	0.13669833947673532
X960719	0.012703750609667004	0.022887701100917195	0.006238593234235023
X960720	0.10353465699196825	0.10932288935352563	-0.09315070532726398
X960726	-0.004656010372376428	0.07065156103848173	0.04656283752605488
X960743	0.08307526936695349	0.0889818108966892	-0.09707893005357962
X960748	0.002152331329982232	-0.03324240484496815	0.044936359723500595
X960751	0.0298688112262504	-0.059468403256594846	0.053955803207790934
X960760	0.022380647283854322	-0.024967453506413235	-0.018552530741534217
X960764	0.013623557698934793	-0.05969715454355588	0.11931750204766203
X960788	-0.0060121795508067885	0.002135487727839904	-0.07168908761104746
X960792	-0.01732072245518253	0.039245643138172075	0.011887194111794466
X960793	0.06443890014251295	-0.05543134981770992	-0.043322998868011116
X960795	0.02028718974038739	0.023815379337915922	0.0020392853734171653
X960796	-0.01611787167918137	0.009513194396347832	-0.0068717030667511435
X960803	0.004496933294476867	0.004706029510218851	0.0008789729042949142
X960807	-0.00396469744668805	-0.0076366755956674606	-0.016362644203795858
X960837	0.007069337144043576	-0.017839300217054356	0.016071656475155953
X960841	0.03743038523030388	0.04568015340050198	-0.084180377324143
X960843	-0.024537522333264478	-0.0215999575083591	0.020291214090833294
X960848	0.02720389331897862	-0.02989015107792489	0.1430250986956731
X960850	-0.042761114281172935	-0.017408754788333005	-0.0920437163732299
X960851	-0.029620113467125196	-0.045917112581189634	0.021146443945245574
X960857	0.02397323190085806	-0.03178045494645463	0.005105112232428173
X960865	0.012092261080591301	0.055219290077470326	-0.012487078166530208
X960870	-0.020654645705472846	0.014169275133137258	0.011204236005995785
X960875	0.015130768681086504	-0.008664976366670858	-0.040783744695269804
X960883	0.003943583290433264	0.056601041024441016	0.020799308929323475
X960884	0.0075491906331404905	-0.013050860388030001	0.01502619966624281
X960892	-0.006589983615763578	-0.01894315229021376	0.016572795794286336
X960894	-0.003700577195512336	0.010970135655918038	0.023771191802234512
X960910	0.024339937262322878	-0.018435288821073155	-0.011228618163950755
X960911	0.012751687435309465	-0.007840131661514463	-0.004249299595149675
X960920	0.020007796699423486	0.03994191009960068	-0.05643985686272051
X960934	-0.13448866767455442	-0.04640726289313955	0.12587306903564408
X960939	-9.414101793887119e-05	0.009015193791433748	0.0071982172652901985
X960943	0.025121192882081884	-0.002410252894864951	-0.021546727094274666
X960944	0.06912266943798345	-0.019628198779420868	-0.015929440793241486
X960969	-0.013511308815535627	-0.02448375590061077	-0.02317564990882313
X960972	-0.006852156953171042	0.04101371994978457	0.004788126262634972
X960974	0.0009064449011485173	-0.009205465422183564	-0.014019645632944047
X960981	-0.005440912987886657	0.013854869868337144	-0.0034124809523923497
X960991	0.0034285117706224382	0.012878537911755163	-0.030678836815786883
X960998	-0.0230566210588439	-0.017535251405156962	0.0003883226645082554
X961012	0.00026072805735794375	-0.009480226810945673	-0.027426689643400635
X961035	-0.027378737101749335	0.06794920177326172	-0.04316367047764783
X961077	0.024127441145130362	0.022854076709088778	0.006664813818582061
X961092	-0.018346403773765292	0.03553922040759505	-0.016273826663319748
X961096	-0.04828888672889189	-0.027425897660781386	0.009759016550456573
X961105	-0.011793858348652219	0.0058479097181309714	0.006525578667552899
X961124	0.04398492050520623	-0.049889664999591285	-0.021146219133552004
X961128	-0.029858197786052504	-0.003692348193040396	-0.024736357531960906
X961151	-0.00041270988101815083	-0.01700561837490097	0.06875330593673089
X961177	-0.0008427538124099772	0.012540331796166768	-0.007394909448555671
X961180	-0.0837183141756359	0.052835351363212824	-0.0649333468392215
X961193	0.043875559228069815	-0.02603583215015088	-0.0636420597465245
X961214	0.009739066475050833	0.007648299571040818	0.01579326398907119
X961221	0.011789503225129927	-0.004369661183877901	0.0012169173089229745
X961226	-0.003916352335751158	0.06686404835658649	-0.010454149927737416
X961240	-0.00273103117806973	-0.022621585199356035	-0.032495494663206725
X961242	-0.0055703417834847705	0.04765107825723781	0.02260358434319603
X961243	-0.007353521041301827	-0.009751294341766097	0.027857095871061718
X961246	-0.0031904622378806516	0.005433256372814976	0.013818747546079133
X961263	-0.010913801442558303	0.023062336257212546	0.0051339746028515746
X961282	0.005014497312493374	-0.01098542208435359	-0.014203223577126872
X961321	0.006765583137815134	0.0010669095692233742	-0.005362233354685467
X961325	0.0014084985178222193	-0.020671579706447406	-0.004732144819525536
X961339	-0.007449253054983825	0.01971851407535901	-0.04971911636635192
X961365	0.011643104033581984	0.002320967381590068	0.011020412692877277
X961417	-0.01635984553071532	-0.007476398723125188	0.0077919848340742325
X961423	0.03314527052551127	0.004119345455897527	0.014156750867859872
X961434	-0.047229272225376574	-0.046780467354095676	0.010230590200117656
X961485	0.026708695961108427	-0.05417026305406702	-0.031028793187311755
X961553	0.023267230300113278	-0.024358283613089286	0.012748270741102245
X961577	-0.0013829319228732145	-0.012401404982913453	-0.03338915904554816
X961634	-0.026855761698828532	0.0010816694991372937	0.008916120767676438
X961684	-0.0009449913478050901	-0.00044020781566981573	-0.012450173651758982
X961686	-0.003863517192697373	-0.028424066909158212	-0.002372387483835372
X961738	0.005170505799539116	0.0392763729601534	-0.034428585804275595
X961809	0.01588894862543831	0.015759267219230325	-0.00914874693978737
X970002	-0.02229544869445285	0.011957219080937909	-0.006607226230772141
X970003	0.011274129901028562	-0.003517457486834482	0.015374997854150897
X970007	-0.00783812564451093	-0.0013799758235262802	-0.006488528168917849
X970008	-0.015596542790505097	-0.02451872417034575	0.010536695461839848
X970010	0.004906251737809995	-0.00167934951700753	0.0009145666669462293
X970011	-0.0001108677884506626	-0.02416651323631284	-0.016506114153011373
X970013	-0.010845624943723563	0.011571676209170628	0.003840472275782351
X970015	-0.0011928881749413297	-0.043995887013031865	-0.015854340279532277
X970016	-0.012494911055253877	-0.0098627869851624	0.004958602166271653
X970017	0.044424854771889906	-0.021803942799334255	0.05167876812505461
X970018	-0.11196048433114497	-0.06031931866509331	0.03880885611965944
X970022	-0.01843318028012567	0.02202452729902782	-0.00369007788739885
X970024	-0.005327271865856775	-0.0010269626765681019	-0.008103154589315289
X970026	-0.0015326236849289821	-0.009181307783552924	-0.0005756365126586886
X970027	-0.009548556807054815	0.01541291297286746	-0.004092444639846502
X970029	0.002666940329803902	-0.0020666529130824994	0.013646910566839298
X970030	-0.031706958323156176	0.07803618372128858	0.021999514090080344
X970031	-0.04191827231110522	-0.04797764157542321	-0.1002877146375374
X970032	0.08346749022909897	-0.019662369540424017	-0.05636956151162894
X970033	1.4404288956047903e-05	0.03862917447209791	0.05001918121732224
X970034	0.03980623197473179	-0.003955335072208333	0.009146149176772556
X970035	-0.02305444431057055	-0.01229084456342141	0.012866049430149988
X970037	0.0017800619449263616	-0.0023034068347357385	0.0066523586713062525
X970038	0.020858582018499352	0.005476753619304693	-0.00022950000764361574
X970039	0.002524685853849727	0.004857522391623671	-0.002191092039854544
X970040	0.03325782562665879	-0.03333487356840928	0.013383515160600946
X970041	0.006075419943604634	0.006128624872723453	0.009607950773119149
X970042	-0.04854930030587935	0.0017227140048568766	0.020218707298040057
X970044	0.00878484640338506	0.009117709766330202	0.009100409198139734
X970045	0.03128808129018865	0.00917633064697515	-0.0219009103438389
X970050	-0.0017153259113492816	0.017062560661637288	0.0036391462308681924
X970051	-0.029945337266092935	-0.005642545853828992	-0.009605966533513645
X970052	0.009051679577510845	0.015363696274578911	-0.0019226688788348822
X970055	-0.004461088711989781	-0.020670929435563198	-0.004817719887226887
X970057	-0.00715301498256924	-0.038857598030277	0.01710554093714449
X970065	-0.006552011454233981	-0.007152189197647744	0.010044582381368855
X970067	0.013515120481703287	0.013539344570999088	0.007718951426971508
X970069	-0.02814984910644227	-0.008628486081707916	0.01290935700089685
X970071	0.005879241037029429	0.011480339806133335	-0.00589257414152788
X970072	-0.0184759732093861	-0.014774950343074368	-0.005832963968421675
X970075	0.04825532219880454	0.005285489347298718	-0.029215472042908544
X970078	-0.00236062070492675	0.013529574650995609	-0.008172007015985644
X970079	0.0019513144955569002	-0.01266250374798124	-0.022098026917191805
X970082	0.009729945136887566	0.057458809023886254	-0.000590759391899695
X970084	0.003896830561594346	-0.007621257032564043	0.008851117446668336
X970085	0.03950333781414253	-0.04037498719642128	-0.003060213638551958
X970086	-0.018377392961215336	0.014541790677621827	-0.0017568711372909498
X970088	-0.0012260994172445356	0.011463492055660255	-0.00451617096421229
X970089	0.01086626523072064	0.07392485849653503	0.04429466730926404
X970091	-0.015028749190706476	0.06688766068881102	0.023815883064504755
X970092	0.014968715117220279	-0.0396784283397387	-0.05568605691872965
X970093	-0.011133427254190162	0.0023566342731578785	-0.003270608076470119
X970094	0.04112353049296517	-0.014108656414261659	-0.004602958219249633
X970095	0.017321026679587424	0.0029369733871389405	0.0003216206968902849
X970097	-0.03986583404070104	-0.02624815652270039	-0.004150121160296218
X970099	0.007704601545464595	-0.023918839046331783	-0.012391470098386037
X970100	0.002921551048722429	-0.028569729268815642	-0.041427449236374404
X970102	-0.06620781607158026	0.063612106131603	0.03975642724955962
X970106	0.021241068470459097	0.007830070223327575	-0.0005576338509775172
X970109	-0.018761652615870723	-0.004278698816867508	0.001137540334123586
X970112	0.03383191830590012	-0.013583362736627034	0.017678234489467672
X970113	-0.0017503689364039693	0.06869803277839427	0.013901070244040999
X970116	0.02153952406001686	-0.02109436594601865	0.016286624632238178
X970118	-0.0018364896396658162	0.005594736288203361	-0.0005987971323606018
X970120	-0.0004235808758746567	0.017722324726165778	0.00023080272688896515
X970121	0.014520042694833929	-0.023342980066781944	-0.03798564966921418
X970124	0.02079135892234164	0.00462933868211773	-0.006173977503537816
X970125	-0.004718206876454079	-0.008391022902858763	-0.010544598555580565
X970128	-0.004013756375780066	0.07870258277791913	0.03969557809449617
X970129	0.0024571860415073836	0.012039553773490098	-0.0009212284751489292
X970130	-0.0170205118497425	0.013650317865968153	0.010864337707246452
X970131	-0.003905387087300988	0.06219301946671063	0.036660024763894794
X970134	-0.008928537862184399	-0.0021345875308970636	0.005340744070811585
X970135	-0.02039898820985213	0.027386651641652025	-0.01889811600643225
X970140	-0.0006909916539899165	-0.02259371073062212	-0.006761117107852534
X970141	0.003668519750486951	0.0677305486715528	0.03800838763606297
X970146	-0.011481564403503203	0.0036771837102186106	0.004557957309270821
X970152	-0.05912068325691665	-0.02827929875814192	-0.04833634222162018
X970154	0.028399339162747294	0.027567806440092674	0.01459864583772001
X970156	-0.014073527459677016	-0.0006266579914324986	0.007170853680550955
X970157	0.012261759023446367	0.018702914591720517	-0.0034558448894214623
X970158	-0.004046359628074996	0.019399097688689183	-0.009908805978541895
X970160	-0.005267596385509157	0.013323125864246436	0.0010187803314360866
X970161	0.03170373274359105	-0.014390305598649419	0.03095374906476626
X970165	-0.009187846750818816	0.010479346636905628	-0.0059393103021892915
X970166	0.046464179020122925	-0.04706045359764792	0.009377710086968081
X970168	0.019172334211771856	-0.0009429122122608133	0.01955316758936561
X970177	0.020308056392498275	0.006607295120093591	0.0158796479409808
X970179	0.029167027548230987	0.04108168586495407	-0.02230669723099323
X970180	0.002410454554965825	-0.005299157987002513	-0.010512199049369763
X970181	-0.012605620116847367	-0.013892923018974473	-0.0018213373240244474
X970185	-0.002742880477214948	-0.06732995090064293	-0.05200868731404575
X970194	0.002296109513051551	0.009311541156101987	-0.0061416680925628605
X970197	-0.007207179704399046	0.009582737023673718	-0.00705580628589932
X970199	-0.003134304667246404	-0.005560068229343069	-0.008692050217962148
X970206	0.025239939911859088	-0.02348956103153247	-0.001208662710355399
X970207	-0.018188322258969936	-0.007595369214205341	-0.013141165581282222
X970209	-0.004196177066177076	-0.010344977646896104	0.010791911102411652
X970216	-0.003569640307351092	-0.008685280108048017	-0.03918908780698559
X970221	-0.037296117398850276	-0.012318084555823918	0.00906747046235251
X970225	0.002427292562117808	0.002402281338144324	-0.005913226433647655
X970226	0.02202904939122121	-0.0751204138842307	-0.0033479571441354405
X970227	0.02517771738322581	0.025896459971968586	0.0016315389172193995
X970228	-0.01643483008535665	0.004562714296340992	0.013768536447965872
X970232	-0.07786998236245526	-0.03342927958609417	0.013739087342004486
X970236	0.019560463996420408	0.06149723963296717	0.011852466537312468
X970237	0.009646317566858366	-0.014539682309871543	0.0035284285851963776
X970240	-0.09199479773813918	-0.05004177612786878	-0.12395710136092582
X970250	0.00697837073481986	0.01142631652655473	-0.03031373991990705
X970251	-0.03447828174541873	-0.03204741154003023	0.01899315315980485
X970254	-0.009330462725319188	0.10771346637905227	-0.028922746371474597
X970255	0.015467536657542469	0.0014891681749473556	0.023633322585867256
X970257	0.020261984380276366	0.07183857096083301	0.04633956167070751
X970268	-0.007761422106948327	0.014476704492876559	-0.007594538427820947
X970269	0.025596400625751203	-0.08337512826829217	-0.027096710986811007
X970271	0.019796497741835093	0.034935431231097956	0.029962530070950906
X970277	0.03521647924855006	-0.04475672753564868	-0.008212613132205254
X970283	-0.020009457849864236	0.011144379478698167	0.0223881962156274
X970288	-0.005975221267371146	-0.005251753341939905	0.017826753152043635
X970296	-0.08169046194617745	0.0279690422126654	0.03386346031024598
X970299	0.023859953233937407	-0.015550310711964723	0.006891918230501748
X970307	0.007045389523430095	0.015969772090354772	0.004545828849989555
X970312	0.002249658412211443	0.02781048756140547	-0.004239292570822767
X970323	0.021655740842548794	0.0033910077477122057	0.003592747139051372
X970325	-0.015600748968878997	0.012138977605144425	-0.02015324273067846
X970327	-0.08549365810346593	-0.02542404137485789	-0.01399533658256129
X970338	0.010317459803714766	0.01720806552234727	0.043364866321037
X970342	-0.08913438472623987	-0.019746694374980552	0.044003722121486885
X970343	-0.0470464998479436	0.04339381857720862	0.010191638240088742
X970345	0.013609909872229101	0.012157770924153558	0.0027995890537293694
X970346	-0.0023765051888648384	0.06526667067167419	-0.02506147241807899
X970349	0.009346517376337201	-0.03568979639229211	-0.0020819689366221965
X970350	0.025660604003700727	-0.03954633515991121	0.004875241661264285
X970358	0.004776613287745705	-0.028535351458558074	-0.00430731719449592
X970359	0.0059996261164759436	0.03026269193111217	0.009275891162811554
X970361	0.033927836544856635	-0.021478959191334038	-0.013629114416971361
X970366	0.029320887963314658	-0.01817175248086532	-0.013804407047988028
X970375	0.00211512493323163	0.000999178423763465	0.002054127559135675
X970380	-0.009632885100071898	-0.05258387140987603	-0.08746264105966296
X970381	-0.013793449272832187	0.014462866938583136	0.002108916283253842
X970389	0.08420533944232717	-0.036420312530853226	-0.02143208510523422
X970393	-0.014969677215653008	0.007792910099374543	0.021834763542925587
X970411	0.015085362761857792	0.07080528859292601	0.03604295503622991
X970412	0.001563453682192942	-0.006177932303932002	0.008719030497911652
X970414	0.013616717055047974	0.03853424328090121	0.03062749307263664
X970425	0.008956914082589218	0.00457358342377094	-0.004976456445440729
X970428	0.07813187033803058	-0.006159605024167802	-0.017137735193976013
X970432	0.025485260776307975	-0.012625092322011578	-0.00818847593463315
X970454	0.010375278571085323	-0.003632543013905971	-0.006499392661300607
X970472	0.006737862201192263	0.00274402350221348	-0.007630628100662135
X970474	-0.01706519350751317	0.012284373474558317	-0.0054230469987906595
X970480	-0.012338406010414938	-0.01792769959232362	0.007782787695997401
X970482	-0.02095185745081685	-0.007393996369091915	-0.051080883115710136
X970497	0.02922350858858199	-0.043111456267625616	0.008632136056209076
X970502	-0.01587227689939503	-0.0010226234052210209	-0.01934200050540119
X970504	0.059848861385947034	-0.034409409398944706	0.05013905117751729
X970509	0.028382180861765728	0.055496833966808407	0.03559001569364588
X970512	0.012982469377937076	0.012237850921846627	0.0006409758599745033
X970515	0.008280330966093869	-0.021184082931034343	-0.009759457536098718
X970517	-0.002113564952922944	0.030071561589126918	-0.001041306493964996
X970519	0.01591522990757053	-0.0027588396904819575	0.005207736926283994
X970522	0.006861731316367311	0.017731765545177684	0.01909918566208145
X970524	-0.005596213499618222	-0.008619011183824762	0.0010830377263211786
X970533	-0.013288895341632424	-0.0016705039678463814	-0.00209321092850241
X970536	-0.014214196597681783	0.009420557361473082	-0.009290161529924942
X970538	0.008223600360991467	-0.021085036060538728	0.01587552464518948
X970543	0.0006563883260922789	0.016635344650024815	-0.0010052311476259604
X970544	-0.04244136527816453	-0.004029642730223623	-0.0017434185798451006
X970549	0.013222324630554802	-0.06464276043470331	0.00966948193469422
X970563	0.013830060727483192	0.01865446318029612	-0.021481063915716834
X970564	-0.0036510015798357737	0.009912128327137039	0.0012573160222647932
X970573	0.012630257488561529	0.03592109888780449	0.030134653166648394
X970577	0.0404483600603692	0.00821518445661604	0.009502263213190993
X970587	8.718123610212623e-05	0.011773650942108999	-0.008710000824695958
X970599	0.00042847186062648976	-0.0452496575839222	-0.044370692848625076
X970614	0.0034029268680819723	-0.002530786596218523	-5.624237922451213e-05
X970625	0.023094673161327708	0.009876595292369963	-0.031153230863277395
X970633	-0.01108282367601516	0.05447419054210174	0.020573319583333038
X970638	-0.0016758562777644927	-0.06390956184921731	-0.07440105128691286
X970649	-0.0035884892857716926	0.09781203654883575	0.04257328363395173
X970659	0.004534392754692409	0.0052367582455940575	-0.009993644597278185
X970663	0.014801296647646098	0.0027013040030152524	-0.0010575267537764608
X970664	0.0002678790972135786	0.10193341400586955	0.055875463715890875
X970677	0.016207484080871113	0.0036396803476926093	0.014013605394600627
X970680	-0.001783773538639279	0.05592618442033725	0.02231428729882108
X970687	-0.010258216303099163	0.018243120072666083	0.010338455188493797
X970688	0.013314240877921758	-0.02118011746266986	-0.04443977968368496
X970692	0.009351963555596142	-0.02744792100400762	-0.03466333964169909
X970706	-0.010367348355497056	0.1412529680773014	0.10153724621716287
X970707	0.014467362055443508	-0.01258165775059345	-0.05416092797317043
X970717	-0.017204755346212186	-0.01595713088071624	0.0019783724539502393
X970718	-0.004942308172741117	-0.00127148498132996	-0.002299983922968207
X970731	0.0077472144081478685	0.024635056146150417	0.006211233627946038
X970732	0.005419761112989966	0.012041022922329803	-0.0029860097701986015
X970737	0.011200513822163933	0.00931468057736673	0.0034655056393518738
X970745	0.006596526360661887	0.04916987892457742	0.0018639782617396025
X970784	0.0268604739974684	0.01883787271037425	0.01436653506121102
X970791	-0.009442064650022943	-0.0024917561986832377	-0.010380587693250332
X970813	-0.023418034008370503	-0.017993856188654577	0.01687693745487549
X970860	0.01032203181000889	0.016707677482481607	0.003742191667509017
X970932	0.02662609059918557	-0.010216329282026827	0.0012452592774771436
X970960	0.03510422321777588	-0.009864363543751342	-0.016407052611752692

Biplot	0	0

Site constraints	0	0
