Eigvals	3
27.011736867619064	22.753241242407057	18.382696039513903

Proportion explained	3
0.4602592061817781	0.326575805103527	0.2131649887146949

Species	12	3
Propionibacteriaceae	-7.681181821038886	-10.656909179939133	5.998794350637437
Staphylococcus caprae or capitis	-7.470947815422217	-0.7043054330124825	1.2362731420984243
Staphylococcus epidermidis	14.028175710485462	3.94806212800062	1.2807040339839335
Staphylococcus hominis	-4.9538367366863305	10.056599248479374	6.978062749569527
Other Staphylococci	1.0489196851731026	0.04467234334431765	-0.9670036416786901
Polyomavirus HPyV6	-11.007640891917513	-3.2856640500798386	2.3280369178484537
Polyomavirus HPyV7	-7.487973651482617	7.42041019859466	-12.7170175585505
Merkel Cell Polyomavirus	7.890065150584193	-13.841067781786549	-5.210298233045099
Malasseziaceae	3.1647358194702706	2.742703416211331	-3.2783800368995655
Corynebacteriaceae	6.67220275039013	-1.2970837240079642	-1.2388547935989773
Micrococcaceae	9.284568686780492	4.328194129597659	6.465443372893078
Other families	-3.4870868863360927	1.2443887045980142	-0.8757603032580161

Site	1225	3
X940001	0.0033097213556365673	-0.0006429191781278469	0.010007449136374186
X940002	0.0012625724067653135	0.0025528035167334436	0.006707325562098877
X940005	0.004533063798714898	-0.0005176828308432676	0.018647462316383943
X940007	0.001539033545962524	0.013554064292226444	-0.0035172153122086025
X940010	-0.034422667579576974	-0.031182528107270666	-0.006399406005096988
X940013	0.003934216529826481	0.0017195109986606252	0.012789723543850624
X940014	0.07587301620848823	-0.05920030172043167	-0.06370523057918201
X940015	-0.020446048890302323	-0.00503589269927592	0.0015116210679524075
X940019	-0.010131014964001971	-0.04802249195576634	0.0011391512178045356
X940021	0.0599452128066589	0.0853959310886862	-0.00538423595559716
X940022	-0.00827033847703846	0.006254591836523777	0.01749501946768185
X940024	-0.005710743337298222	-0.00594538733124946	0.018624505905816876
X940025	-0.002209647925127095	0.002289828330052427	0.017482694148739368
X940026	-0.007688281733753126	-0.013278126966410743	0.04320376471279888
X940027	-0.012074505132076297	-0.026595438898808332	0.008526493851967899
X940028	-0.010534591672568844	-0.025373695364066248	0.03483969596949112
X940029	-0.012450820885165519	-0.004775496536729814	-0.007887318407665432
X940031	0.00027644067484081813	0.02506870543416863	-0.004493095112693083
X940032	-0.0021424133148260217	-0.0034547444379883275	0.001974479487061902
X940034	-0.0012244419571107693	-0.013645646464508769	0.02776255621507281
X940040	0.020141703499921105	0.039590439005013515	0.012479548065708324
X940043	-0.013376405625143941	-0.0018373949737102383	0.006712690186511862
X940045	0.07695825696942313	0.030236242448153827	0.05981270364577423
X940047	0.045693967217569964	0.045502938677157316	0.018972665284585532
X940048	0.008828034727601283	0.034470099380355446	0.021041998081124547
X940049	0.006350555742354333	-0.008533136903254546	0.0070902649548685425
X940050	-0.016968132259755027	-0.028097297334315798	-0.003638000380502209
X940053	0.015321135929944827	-0.0033646604739430565	0.011821129915641168
X940054	0.02810388659237317	0.04068436910154184	0.00194609807295288
X940055	0.08812065170119647	0.02848636479479194	0.06657345878375512
X940056	-0.0339014872481411	0.004668251255290947	-0.015270211324637965
X940058	-0.011794124625617571	-0.024290073714470065	0.034237274243079804
X940059	0.01063888427297583	0.007786449872646133	0.011496767597547957
X940062	-0.031098603298643265	-0.01862439994045256	-0.018453912595604874
X940069	-0.005874613885682108	0.011074881976669082	-0.009268132542971865
X940071	0.0009640452720769945	-0.055809773636643405	0.01386298404855571
X940072	-0.005711815147798088	-0.009003912544215138	-0.006545556382015036
X940073	-0.08308449929545096	-0.13753417621112257	0.041554051925530834
X940074	-0.0016085943291436482	0.015288539276012364	-0.006337282865681641
X940079	-0.010848914638776215	0.011786026754747577	-0.010089867637395888
X940080	0.00714365376791265	0.0025841592826657	0.01623708632976455
X940082	-0.033427473391021874	0.030919443113947388	-0.012554559962257612
X940084	-0.01884328884483456	0.028480938673881847	-0.009224693351751878
X940086	0.009770567004545901	0.042406335253031086	-0.013958463940592181
X940089	0.012355493106331168	0.010737011151359182	0.01324402119027704
X940091	0.004002807846581356	-0.05068235486788808	0.02680739175960865
X940092	-0.03998214305099864	-0.023593373993439862	-0.0054694528446305075
X940093	-0.004741802122216158	0.006465571069818439	0.006297854436533453
X940094	0.04549748037537723	-0.08321999983699722	-0.14158711732701995
X940097	-0.006246840586064723	0.005812873633893017	0.004955464834281102
X940102	-0.0010106158469487976	-0.011078953397532535	0.015752665182925847
X940104	-0.02451907787131934	0.004045388429132831	-0.01658733406582084
X940108	0.004066943420245958	0.015642551752610277	0.007829768525652958
X940110	-0.0162287422379562	0.0345851692469254	0.012717462518360463
X940112	0.06011384348928591	-0.002659278747215203	0.062262604182218656
X940115	-0.037223788873907336	-0.05329288668573739	-0.0611435449869522
X940120	-0.013088376518905374	0.03328332395151548	-0.017297563368515394
X940121	-0.01543751322949303	-0.0052636891171259585	-0.022188667128847154
X940126	-0.008700898227014673	-0.002346601921845611	-0.010685450569184136
X940127	-0.03259960618169068	0.02919743540540399	-0.06250551519898873
X940129	0.008776451859383754	-0.016840310828384157	0.019012053497020828
X940130	0.034824371470352014	0.013658742055088933	-0.025401754739865154
X940133	-0.0024937201305374945	-0.004348475159822347	-0.011340702757845211
X940136	-0.002919545562615444	0.013889722790508159	0.004165790377410006
X940143	-0.006337285313515944	-0.004205594275954663	0.00019551102492125887
X940145	-0.01239646788182792	-0.00516253202500257	0.0042351663252098125
X940147	-0.033350473234261824	0.03723329663008702	-0.05658216141397507
X940148	-0.009875032999620042	0.007368466365011184	-0.018088695014868032
X940152	-0.019090601825343126	0.010529085177490306	-0.02358576227976098
X940154	0.008146934864078791	-0.01458347205034765	-0.00367873021827722
X940156	-0.0018725216479303767	-0.016246063118973843	0.004142550108979615
X940158	-0.013402289206753008	0.005170821903947315	-0.008088147049472638
X940163	-0.008803112298572209	-0.05621090066261141	0.01778923740443825
X940168	-0.013727240134737964	-0.02023543905949799	0.02791196959282688
X940174	0.02123125342100586	-0.06688277564967639	0.03871995386995256
X940176	-0.018319520358883866	-0.0012093316283787383	0.002732266842085238
X940178	-0.0037073510978904408	-0.01340575676362187	-0.028345825423321747
X940179	-0.01003169064387645	-0.00592118621476767	0.013519736898812742
X940182	-0.0012845589427952465	0.035349896443344374	-0.016845737173759832
X940184	-0.011357584173682576	0.07129511733162791	-0.008197558616755357
X940185	0.03776862441538601	0.02854053879091258	-0.006986844022825424
X940186	0.0009956647309057596	0.025465311601720973	-0.011599260938049777
X940189	-0.009975674641709325	-0.021964010695850016	0.008232442231581162
X940193	0.04654537486833159	-0.0031236215454614746	0.060734794773136515
X940203	-0.014265158594162957	0.02518355209924381	-0.04897369349340715
X940211	0.0033112287614292437	0.016089754086757814	0.0034150265843957608
X940213	-0.051576534656442526	0.006039895408482334	-0.05049982939940012
X940214	0.00914819916687528	-0.006944347257114925	0.011339394621083127
X940217	-0.005398682961881081	0.009375288609009998	-0.01932033022201252
X940222	0.054870696303539336	-0.026432762190458384	0.050644421439315114
X940223	0.03294227353375373	0.008302773149275832	0.015729899148334656
X940227	0.0016584371845901635	0.028787035527278886	-0.020847781811830727
X940230	-0.0013712792878898656	-0.02162349596257174	0.003611315047207438
X940232	-0.015436426640505957	-0.04824157503555931	0.0020311614537473605
X940233	0.004923534010615037	0.005050475725163379	0.016075898745472834
X940237	-0.028522751796491278	-0.048694723198442584	0.007789736140451781
X940239	0.007201682931142853	-0.02872510275046523	0.0061783101031491
X940244	0.030170166692749904	0.011555900113844267	0.02200577758162971
X940248	0.020289008207449506	0.03861329597056732	-0.02264718262227548
X940251	0.012054774926439301	0.034574983150359985	-0.006059353941746039
X940256	-0.00479387977790111	0.01738991476243672	-0.027991848926233406
X940259	-0.02645583828093696	-0.018563015848473592	-0.011260984091186045
X940261	0.008214260271994725	0.03676889404521637	-0.005300888871869498
X940264	0.007970668003189853	0.030965688567967505	-0.03498396327592535
X940270	-0.009670150479145531	-0.008092450842570275	-0.010577693827498824
X940271	0.014435293792823408	0.027291181830928306	0.016257327068114762
X940278	-0.008688579419139003	-0.006342465155791364	-0.0011904445563995275
X940281	0.02700356071438645	0.018024514839419907	0.03798863122552021
X940284	0.01555404955108921	0.014117198886732404	-0.03221241489570371
X940286	-0.15538319347966884	0.06458926302542783	0.09786078176511803
X940287	-0.033764871015209835	-0.01465523687321395	0.003684624393514646
X940288	0.026044373276318564	-0.03404266058040967	0.021836822194020555
X940291	-0.00581344354237304	-0.0038711030164529196	0.0007663871873310435
X940297	-0.002949623075357437	-0.0008881288493822126	0.011333280809056287
X940301	-0.003169674197002548	0.012351095251013742	-0.01593217130393547
X940302	0.021261714171541983	0.00035781771386428476	-0.00749425120663306
X940303	-0.003065009097768161	-0.008981788199986048	-0.015258634974008272
X940305	-0.009914627955290937	-0.03228527372993155	0.03378583631297144
X940306	0.03564666058720307	0.010254131864308916	-0.024901219419148957
X940309	-0.01641031156234973	0.016383758687917357	0.018260880794783555
X940312	-0.0008767391911892318	0.02430078196781651	0.014400005791250331
X940314	-0.0018589058421442533	0.011090619057401201	0.006928180752166778
X940322	-0.0027824645699618656	0.010846320139916295	-0.04219583651894353
X940324	0.022745350108749948	0.03390835403704199	-0.009261005063689176
X940325	-0.021856159914153298	-0.029869102740799385	0.015534331637201559
X940329	0.011551952945508872	0.0005624891923074042	0.01805968289254298
X940332	-0.01570449292374674	0.003440046066153582	0.014395672113156222
X940335	0.04802859001247453	0.025972759787811474	0.021057904438329805
X940338	-0.0023704099188003726	0.03423130343777941	-0.03473214737216496
X940339	-0.014397573429480228	-0.01676879807201186	-0.01580357139152285
X940347	-0.018546120145622465	0.031752190161043296	-0.02005571170952539
X940349	-0.030543980087283762	0.05475690607255442	-0.00827473352338868
X940351	-0.001819110361311493	-0.02111952018510405	-0.012974358191847161
X940353	-0.02374462536932218	-0.03318026891586518	-0.004010582937417063
X940354	0.001162642293551296	0.032531469565778036	-0.014117580253130842
X940355	0.022732564105625158	0.06643254294349517	-0.0872885366426329
X940364	0.034745790931495046	0.016169320254035422	0.030106672795892797
X940368	-0.02221648910849787	-0.021705364763738324	-0.0025574647724473814
X940374	-0.01719777337471529	-0.0037729005974772617	-0.003914715226331669
X940375	-0.009107002220677422	0.000450157892668829	-0.008527342128014748
X940379	-0.019504060228870686	-0.03669365960004887	0.0161600678106516
X940383	-0.0044571136656987595	-0.023533201353368616	0.007096950426143405
X940391	0.014364447176568087	0.018817022954145772	-0.021840225137413617
X940404	0.006151799628101193	0.013868948729566913	-0.011890062880670306
X940411	-0.014145505432346384	-0.07480167847408166	0.023159767723735087
X940413	-0.0057521403759378045	-0.03414947654169123	0.02555729513729325
X940420	-0.006728694610679386	0.002653075854382366	-0.025639799940913383
X940443	-0.019408286890242966	-0.01764566923974395	-0.030798199124104638
X940444	0.039763591653765425	0.0427507983374373	0.004791960168964873
X940445	0.01613580896501928	0.007623259393009305	0.02403337565747126
X940450	0.021372802489276064	0.000489414835179802	-0.0024170311269619293
X940451	-0.14287742730884884	0.1521140024605091	0.10130919838754357
X940456	-0.01107431241769297	0.0015413011294303555	0.00833166090612993
X940465	-0.013222991800635313	-0.05619669504281699	0.015137735919221705
X940466	-0.011029182827660343	-0.018542138733041304	0.007459764355439653
X940474	0.008571863003951482	-0.022142078157693895	0.051322498127469786
X940481	-0.026729456736462327	-0.012640946521347791	0.028626110298440016
X940483	0.01527846321751917	0.044029761356786656	-0.01895969062646959
X940484	-0.04356534957559521	-0.01906675464892882	0.007689494630976298
X940487	0.023365834393068285	-0.02924097989385141	0.06013340892286364
X940488	0.019622274646978445	-0.032397110789608566	0.03870550246513024
X940497	-0.01173918284278184	0.0019751285902231065	-0.03117627097992269
X940498	0.0063325154297097	-0.020149189829172704	0.042974921069997674
X940501	-0.03224409155345133	-0.02879730221367429	-0.025532248955644033
X940506	-0.04899921111634516	-0.020394924412620672	-0.03803448634836039
X940526	0.019394818198509748	0.012661753697951736	0.025503458787511587
X940529	0.08057950117878425	0.030080150196858075	-0.008899634997308005
X940532	-0.027332925974110866	-0.07387781225397873	0.05179487081272229
X940534	0.01860784101467235	0.007516121821000788	-0.012998991471927346
X940535	-0.014453108295581869	0.03527602399530346	0.0018888681802085381
X940540	-0.01602980045383937	-0.00844950565121267	0.002495849829738281
X940547	0.0055462524659435995	0.01223560812023806	0.007235098808835572
X940550	-0.010796541715259726	-0.018763322168751942	0.011836545480761537
X940551	0.006376782819240944	0.021133708171675106	-0.006318358630376829
X940555	-0.021095215706655984	-0.019076940879471087	0.01351873111043099
X940558	-0.022318727975870988	-0.012643488753226777	-0.01394411820614935
X940560	-0.12783126073758286	0.19303871086232677	0.07257031908389759
X940562	0.06316430122311605	0.02987626452242326	0.03506389708409486
X940570	-0.001818067459803509	0.008354826424255507	-0.018392153576076986
X940571	-0.030992931796175786	0.013643954071612254	-0.0006909589128160283
X940580	-0.006543505094155439	0.01212247666962757	-0.003407014829407726
X940584	-0.03963386224652816	-0.029972827878853987	-0.014765332041821946
X940589	0.0007086237723968479	-0.022163102949913648	-0.06612659483235622
X940598	-0.004520039146478044	0.009226524970426761	0.0002801551141428502
X940602	0.055822505552166224	0.017484140364134242	0.014578142362213518
X940606	-0.0008742532489456935	-0.023740905561242143	-0.0091146992849138
X940612	-0.005924392938566808	-0.03623876906925604	-0.024845422380174082
X940623	-0.020798334723442703	-0.031315388329480075	0.011066603333941468
X940625	-0.06563270857720654	-0.0064687792702200295	0.03593698022295741
X940641	0.014088297066290698	0.005464083747135917	-0.0005961100017776118
X940642	-0.014264574402139293	-0.010549195296192719	-0.002059877501570292
X940648	-0.0447033751280596	-0.09431916987823549	0.06690088578175142
X940649	-0.01858016993854307	-0.06948236708442106	0.04395779558575206
X940652	-0.0031493403077846173	0.006466201892036286	-0.011109945555677878
X940662	-2.4406942074350892e-05	-0.001949823308096257	-0.0015893135344463845
X940665	-0.018513507054371225	-0.002264989455742413	0.002374589196106981
X940674	-0.012603090269221537	-0.006327726745253914	-0.0026756391199172372
X940689	0.05649660694511505	0.02063581295614961	0.007194330192690256
X940690	0.00570290432116374	0.034681412891570354	0.0003687577397275023
X940692	-0.009997748029415004	-0.05074735692243382	-0.020169256689922952
X940696	-0.012814462872169856	-0.004440307502175992	-0.021517926223373406
X940700	-0.032296378006167574	0.00674713728602489	0.0014042965034183658
X940714	-0.026883875659118695	-0.021761508743241603	0.009921404950586856
X940721	-0.02353960109243484	0.03804804527020378	-0.08725880812465639
X940727	0.0025769609283658097	0.0048213083832329955	-0.005875552191715625
X940748	-0.014281518062192258	0.005484424827463952	0.006615805002752264
X940756	0.017267355570887447	0.03965243611283556	0.01746999093085795
X940761	-0.043495580193765995	-0.05015070363173447	0.0020148111052948263
X940763	-0.0028577948990379525	0.017001405289369956	-0.017350605999998717
X940766	0.005733657098231242	0.0027890290692545554	-0.000767426768978187
X940769	0.039102726875671484	0.04013029988026692	0.016609011919925098
X940775	-0.028947544588038727	-0.03538409301194094	0.024084709760742045
X940778	-0.0010002236868926289	0.009834884718358222	0.019155954909660614
X940786	-0.006530728164591691	-0.01226490354970011	-0.013301130835568796
X940796	-0.02437386414241126	-0.0468611068055911	0.0262773990848966
X940816	-0.016970024598254835	0.0024667616215309817	-0.020271917773153028
X940819	0.004472235838244385	0.03314091391426292	-0.024221803552712282
X940820	-0.01016736055045494	-0.0039077233278124995	-0.002333701795049006
X940826	-0.0028397346239269587	-0.052253209191693004	-0.007608535577387658
X940827	0.007420184022204863	0.03748149728162128	-0.015361090691925925
X940833	0.02504432506441669	-0.039611282038168924	0.027947895811985993
X940843	0.004715187792223825	-0.0030654692727858698	0.019855092384596873
X940844	0.0442271632143057	0.00682345529849638	0.024939171734727865
X940845	0.008398361607838543	-0.031974055839669765	0.05961057399756922
X940847	0.007639728285897235	0.00883666232625544	-0.002367220156767926
X940852	-0.01016915656951538	-0.01719768140344546	-0.009315272925727017
X940863	-0.011509734371978633	-0.020701077191111295	0.025438193133276166
X940871	-0.015179112620868324	-0.04033186755414031	-0.0175319106724389
X940875	-0.019585784806422687	0.002287340373866196	-0.01072939564459723
X940882	-0.012870607695242646	0.03606983358420734	-0.01672035845461275
X940889	-0.004195875572577714	-0.008996115078043022	0.004329773553869356
X940892	-0.0016101049270077167	-0.012387273641386089	0.04434130546412355
X940895	-0.014418697450095407	-0.001204687776672853	-0.020493863417743303
X940907	0.012011691481378185	0.017293176337054492	-0.002292732279976411
X940912	0.009125900867231893	0.038516655043423775	-0.0011793883470797078
X940917	-0.008846340343646241	0.0022943835624402195	-0.014685514995253082
X940925	-0.0911285198112134	-0.023594614637337245	-0.003968329774334579
X940936	-0.04106601634633112	-0.009257107560301719	0.004480926120464198
X940941	-0.03745378864087644	-0.023901173618665526	-0.020728422433927137
X940946	-0.0035699594141689614	-0.002342417480481898	-0.016930895440653602
X940961	0.010181602377872185	0.019846446463421923	-0.0015429609464012893
X940966	0.0011255384758738676	-0.006106964614574262	0.0026036936093925406
X940968	0.016143371111080097	-0.00868986975825303	0.00807421518190812
X940984	0.09332964775670351	-0.0001086260401351321	0.08271608161502643
X941001	-0.03835365330250409	-0.01799582310345426	-0.002021688233326821
X941014	-0.15044336695092084	0.14095031480603062	0.10812318282554412
X941019	-0.010769497420945061	-0.0045801521538750955	0.01872347420375049
X941024	-0.010005696601729949	-0.013470019071994096	0.016001001700625513
X941028	0.0036058518234211904	-0.008164135325336967	0.015488215464790976
X941037	0.07089577045026457	0.0309944370046031	0.008939408044072538
X941043	0.013546636465306771	0.015584366990595355	-0.004495887300921442
X941046	0.005691765055053223	0.023527367625419814	-0.01854762200827877
X941049	0.008439474308379937	-0.02388318795647475	0.023301854755990295
X941051	-0.008432027425438377	-0.009082973141630047	-0.013096374004686157
X941066	0.013835175514074488	0.03410256614891656	-0.017429259639017345
X941074	0.006311060963481752	0.0167333630040685	-0.02765858391521208
X941079	0.0199291498380523	-0.020748593720928906	0.022014532184754725
X941080	0.01201132197244703	-0.030463935961319365	0.019184454638432376
X941091	0.00018856843841175922	0.06080243997567286	-0.08059330311227346
X941095	0.007425196434743782	0.034644482167807474	0.02031112123350416
X941106	-0.011058621173505116	-0.012511122130040256	0.022974073832828488
X941118	0.00995530804059165	-0.002032105408765163	0.013037169245650687
X941124	-0.005542665250292643	0.017332633894824263	-0.0005150311459904094
X941134	0.0017572945310763816	0.006842715299553858	0.0051335156588542714
X941144	0.0004483827723898838	0.006129353351837112	-0.0031807450088478773
X941153	-0.07712795528315321	-0.016551658695619375	-0.06083389931108104
X941154	0.003985594103954325	-0.008479290420651243	0.006920600876192211
X941192	-0.038150504171356674	0.002921121981840988	-0.02608316228394731
X941202	-0.030443084850029774	-0.02072744699545035	-0.023349869089731252
X941204	0.004386999846202553	0.026703560770090787	-0.01521257550442842
X941208	0.042594207366399704	0.014839132945682988	0.026087109380394668
X941241	-0.1437978369139399	-0.017911582444349972	-0.18746939248403552
X941250	0.023406620162421354	0.014698241803361354	0.007089566668450611
X941253	-0.013333958296884127	-0.005047655116043282	0.00797425051813262
X941257	-0.0605492887205669	-0.031734567637543516	0.0023582319229074966
X941259	0.005217762484832564	0.008799619906986569	0.008169851562178122
X941265	-0.019353691553596983	0.003248184104118702	-0.03084595490307544
X941274	-0.08913100234083046	-0.07743050565670676	-0.00814070161122865
X941308	0.010451355490585637	0.03172404583065627	0.0021415905498169993
X941315	-0.0195041008427676	0.016221467596094094	-0.05288265044228989
X941320	-0.00700494007000187	0.002842325369204945	-0.006027618990887953
X941321	-0.04103425439257744	0.024581195352852636	0.023655357186091654
X941367	-0.005565314997327055	-0.0008443460160076115	-0.004357168989145451
X941373	0.0074627978274351275	0.0033689952459989665	-0.01325375437326135
X941384	0.013959543783702115	0.04126432507774442	-0.050954858364486835
X941385	-0.01667530236143113	-0.0014480780709608097	0.018014414250476278
X941392	-0.10869783844143749	0.11999878986877904	0.09568662783665913
X941398	-0.03822255736516159	0.03128373329869334	0.015288408477868125
X941404	-0.012805239991340102	-0.01018593644690632	0.00184247880518563
X941408	0.0058444826747387	0.02288271472592112	-0.020471438137303514
X941422	0.003943088152484812	-0.00557750947203615	0.010999526477685656
X941439	-0.0015042564235021347	-0.006911356105210205	0.016294573941961155
X941445	0.026341982062866916	-0.014325927725287914	-0.04729535703333275
X941454	-0.010512349416604472	0.044107030470673415	-0.0016551777899678334
X941460	-0.0022796261586957352	-0.019009130494849872	-0.03953462124348939
X941462	0.03234047639256301	0.03330060315931473	0.017377917294156286
X941464	0.015452530144525408	-0.010007095762348997	-0.008463298313342145
X941503	-0.007725818214754127	0.03440604875651833	-0.04418746252169819
X941519	0.002738974180949988	0.015770111149256996	0.00881892638579896
X941530	-0.03307742751684773	-0.016926041027447564	0.012310923034623033
X941547	0.006137827546127407	0.022994351478517413	-0.007503958845515157
X941582	-0.004743496418977868	0.025726088636972035	-0.029920300022482468
X941617	-0.00549493206281942	0.009284682675959718	-0.007939301570899246
X941623	-0.016333617808284538	-0.023964953978928456	-0.02660181542873719
X941624	0.007192430662421553	0.005167893828562023	0.008869248902851071
X941639	-0.017500321809872144	-0.01497406188957784	0.01141696689100291
X941680	0.008335075336405198	-0.005653487095552277	0.022887260808794687
X941684	0.0010266729545186	0.017025178463351522	-0.016176289558103477
X941709	0.028221276087848777	0.023676143859474773	0.013179303661020797
X941714	0.04126001273621063	0.013798382767668628	-0.003999930699938692
X941715	-0.0022347344831265582	-0.0029859000403235484	0.017600785147207185
X941738	0.028097347851779243	0.03989741883773599	0.005710742491126071
X941759	-0.004751087618353092	-0.049734061738000025	0.016684343789651168
X941772	0.019035518546683113	-0.00585303117248535	-0.00948805834187951
X941774	-0.007523058413308822	0.01634031470832167	-0.008865642402672513
X941807	-0.006764844356168556	-0.02065963024066363	0.04029609055747985
X941813	-0.046737160951863976	-0.004631901116649346	-0.019710753623661342
X941817	0.0006306793145997452	0.02277334104062726	0.008511993722186357
X941887	0.007033413478096359	-0.01839866424746483	-0.014222222456988043
X941902	0.010332109588915154	0.047577522361268686	0.0020319232241636184
X942011	0.0009518800042542264	-0.008850153313357607	0.012244214498005427
X942026	0.008246783749355984	0.051247391421623656	0.06355944655130288
X942039	0.011152615285329046	0.0012474051896834506	0.018177664089041756
X942075	-0.017611120506019703	0.001826519672267983	0.0132401250984421
X942094	-0.02189343604313913	-0.01656486058999428	-0.0035328655562090294
X942128	0.011248259525349918	0.00280647385578531	0.01997600215559215
X942191	-0.03186711638992214	-0.06442580744668158	-0.04425738103932286
X942237	-0.02780792510126189	0.039695450527371126	-0.09355213490053073
X942303	0.004892225331907568	0.05296401793806611	-0.01611790873240761
X942319	-0.05610299355176404	-0.029251165009224266	-0.020656221467299046
X942359	-0.0006086850495762937	-0.0021395849481883815	0.016147387197650676
X942398	-0.013680906447192491	-0.0033759484300515574	-0.012689993986516136
X942402	0.020071863117164638	-0.06044798986119838	-0.008861550285912498
X942429	-0.00671786841770996	0.02198026235320216	0.013083687881706583
X942467	0.030988359197466144	0.010701418049353343	0.01773844133053893
X942487	-0.0023000090180596827	-0.018483880734488107	-0.01861050589718506
X942489	-0.03194916634824132	-0.02658903922473622	-0.003755255048384884
X942490	0.02065698650813098	0.04026541901587197	0.010603791164034327
X942504	0.006371786923934016	8.661497768563356e-05	-0.005549086274848847
X950002	0.01933821521572483	0.0407045595667633	-0.01804866118878617
X950003	-0.015892150538075377	-0.006446034163540113	0.018023073549304755
X950005	-0.012410822542899864	-0.006341632993004244	0.009245442644053222
X950006	0.02052999476637569	-0.0031933837906582517	0.018862140949036137
X950007	0.004984792701594363	-0.033345644423012064	0.0003475178398795755
X950008	0.014523338819591078	0.00431354565765102	0.03684831522644615
X950010	-0.010940526040453591	-0.003418414919236764	-0.006309477495884156
X950012	-0.015825745779744795	-0.06352237103286418	-0.0038809396421730803
X950015	-0.006692246736091432	-0.011233768063951691	0.00700645266042447
X950016	0.03407710626501511	0.034738728519262976	0.0011456858764236511
X950017	-0.009568036883909383	-0.011567133396853817	0.010031663983062447
X950018	-0.015556951719443567	-0.015449506721798378	0.021460440334825876
X950020	0.003164030548585149	0.00037688912730347233	0.00927053249649
X950023	-0.03560326615973488	-0.06764281135866847	-0.050724664696509755
X950027	4.0941265363749425e-06	-0.008703537256461091	0.013524107776190257
X950028	-0.020518254365833415	-0.03632878663274538	-0.07385802675817114
X950032	0.02544539562281631	0.002536991532700722	0.017555054029491857
X950034	0.015424507298388037	0.022179512664740827	0.008879651637504347
X950035	-0.010894693046115357	-0.0050225302251236245	-0.0012937050787144356
X950036	0.010516416775647708	0.03267161956403592	0.007158111359015055
X950037	-0.00015541686591629368	0.00048645928174404445	0.0027058871034363113
X950040	-0.006381361432416297	-0.00204091529728382	0.013364273399184149
X950041	0.005476697533308783	0.009735763351735696	0.005475023271645754
X950042	0.014390874230242911	0.0036327848524284312	-0.004970520934051667
X950044	0.004795703110146389	-0.00408677107692345	0.021840760182286062
X950045	-0.008047336725559774	0.013913200032736588	-0.007908542687409443
X950046	0.009969195020931649	0.010202792751855006	0.0005014630351297585
X950048	-0.011036215181126529	-0.007407606278873972	0.028902378048235346
X950052	-0.1528327227296924	0.09011695672982999	0.08802404270530173
X950053	0.007520603700933415	-0.0031014245365445434	0.0219765580979109
X950054	-0.012901584820507237	-0.010563304789436413	0.0008641458848785963
X950055	0.029189607873060273	-0.0005881154347296502	0.019761144927003305
X950056	-0.031848330660733136	-0.07938831220875815	-0.06195679182232683
X950058	0.06327031459181941	-0.016365894545640754	-0.07073807382139133
X950061	0.006545149039187725	0.0033078288765045153	0.018123295433628485
X950065	-0.008615374218654178	0.0032002904588315706	0.005474720721440794
X950069	-0.0037159748069162885	0.0010039030363593363	0.006951691909256096
X950070	0.033692185392377456	0.0023990968082514314	0.006048212692934687
X950071	-0.00997423257096436	-0.009394884585687515	0.014942782027652975
X950073	0.014111163258197197	0.0295201897380985	0.026565537807324784
X950074	0.01161205292321895	0.018565967771482186	0.005683413645806854
X950077	-0.014555642853005687	-0.0016732639021586435	0.0007897388778453493
X950078	-0.0039038725343755725	-0.0031253406155179624	0.01725491131190412
X950079	-0.013422848298113795	0.0010277611869381228	0.0010841511320713673
X950080	0.002103561616209237	0.021429133994415813	0.006589444290268508
X950083	-0.016997546713218136	-0.007560298889494524	0.002921566158384676
X950085	0.017921350992781977	0.015922273371840268	-0.004155867497747
X950086	-0.0016279138440000857	0.00420595951895603	0.018947708427590162
X950088	0.02164603316724736	0.007169074931310557	0.027279036425524678
X950089	0.007579341070202368	0.012673997166349033	0.016341783716278084
X950091	0.016470447556079192	0.011219798979990682	-0.01410387322887336
X950094	0.08126911038769079	0.016073007862177056	-0.10236790309366751
X950095	0.018511199627295947	0.024852280724884115	0.0011885651650886393
X950096	-0.01973780114626797	-0.010933496403594579	-0.0019474936164741638
X950099	-0.006556909145238045	-0.01769600671456311	0.005114454386788333
X950101	-0.015506542218977196	-0.0018366065571121491	0.019505840562301265
X950102	-0.014312687483294374	-0.009428521747421148	0.011157575836681739
X950105	-0.0016221795154969245	0.0033467258405708794	0.008646860707045366
X950110	-0.007775564614013035	0.004241076339686502	0.018802817504537588
X950112	0.01941345459972103	-0.014914939934057967	0.029966797925888917
X950117	0.0018847219713423139	0.008216637431404999	0.0038279481169090587
X950119	-0.003567228962015025	-0.015190627103918913	0.010258845726776714
X950121	-0.006017480122063813	-0.0034300452223495243	0.004057529290229054
X950123	0.008506168486901505	0.043669947928008566	-0.010348548834617369
X950125	-0.0017594003618684616	0.0023859742155811835	0.008275500864568333
X950126	-0.002324643027616164	0.004957781644874805	0.004808082197891007
X950127	0.008886846670319474	0.03179342180757687	-0.0001386918148141841
X950130	0.021214599075430357	0.01359136373881006	0.026326657420276605
X950132	0.016286852884202247	0.007079589136708907	0.005257953978186669
X950135	-0.007551724240892017	-0.005410489661589679	0.010409454832250411
X950136	-0.004649113455807355	-0.019230621913730907	0.0060414635658773835
X950137	-0.0059150862950975635	0.012355637487633795	-0.0003431506568690437
X950138	-0.006688598503798053	0.006699693614176671	0.005618949417602924
X950139	0.026049074607078795	0.06106605955945609	0.015021142125346595
X950141	-0.0005476981351420512	0.019036450027750985	-0.0004502468245480912
X950142	-0.0037374545155180313	0.06119067878035091	-0.014880693899718609
X950143	-0.0133674753135524	-0.01999162305929668	0.009895786483538302
X950145	-0.003706042631373201	0.00023150265999909812	0.0003139345919103522
X950146	0.0036974694464050146	0.01162980581865417	0.013388615960239441
X950147	-0.015504773226020566	-0.02062043814565491	-0.005913963009251072
X950148	0.010375761912116326	0.04403461523261903	-0.004789897624858271
X950149	0.009083813770122968	0.0003352360961110773	0.02406891540019115
X950154	-0.014323945047208892	-0.005808318967287165	0.010053042099617692
X950155	-0.01616539577572884	-0.0119414093630359	0.013761473218915622
X950157	0.015452798770566972	-0.01495396495513031	-0.07699147748871918
X950158	0.0066017024094903	0.0020043134088193696	0.006347866045928415
X950162	-0.0090755503507581	-0.007217831996281403	-0.008352910355924056
X950164	-0.005671710594809372	-0.005507350625724609	0.02172116277342704
X950167	0.023037243228011813	-0.001371369897914566	-0.012409492042904416
X950169	-0.006357424718471466	0.001658009294824576	0.008753820833380867
X950173	-0.00023001630602499472	-0.017867838477009707	-0.023842794681359365
X950176	0.014457211861039314	0.026090438345307228	0.015367305915251523
X950179	0.03531164447396075	0.021190139990259496	-0.0271697834831796
X950182	0.01476962709533468	0.03795770700432245	0.0028101721513870016
X950183	-0.008207465659729829	-0.023968174932262613	5.9769569508249014e-05
X950186	0.007111312223468042	0.015071926186319947	0.016103399277329993
X950187	-0.013854027788295656	-0.010457381146137942	0.010003192424030093
X950189	0.009327578757856298	0.036278699206775206	0.006229813411237991
X950190	-0.015947082691683427	-0.03322319699593942	-0.03093787928197199
X950191	-0.005053585896547604	-0.015873796809133107	0.013814484276586318
X950192	-0.02499945875399789	-0.07414254041790547	0.0057178834494186394
X950193	0.024247487747340733	0.01434940488859376	-0.04052830960228782
X950196	-0.004246608229082016	0.00101480991680393	0.004584741484896687
X950198	0.02359623813504514	-0.0022719864202915044	0.017042797374699856
X950200	0.008054659491605816	0.0050209163260444825	0.01773926928771297
X950201	-0.0069504081330136165	0.002412723251942089	0.0062430443362436
X950202	0.0032623839018084315	0.01260803277010489	0.011170235638428373
X950209	-0.007843102632067707	-0.0055894710547083615	0.008849432148108209
X950212	-0.0027217548540519098	-0.014646091679273261	-0.023268871870396182
X950214	0.018740127806115402	-0.00473148481760104	0.016127361825899727
X950217	0.0013987794204249736	-0.0003725696524621952	0.014358989576755337
X950218	0.018291880307785963	0.01596134926899241	0.00990846985896467
X950219	-0.00997294754293928	0.013205995665742555	0.000601575108956309
X950220	0.00195490949352484	0.02461968804335645	0.00859823909704637
X950223	-0.016022592429238713	-0.03908082281798716	0.029973783797791902
X950225	-0.01419332771021432	-0.03815488349007097	-0.08602340799557867
X950226	-0.0067036170968715215	-0.004030984273440342	0.0003729814342034189
X950228	-0.0024343714508005317	-0.021062069134637908	-0.07443498279349153
X950231	-0.013296106283837391	-0.005582282199664614	0.017059458289402522
X950233	0.015554571469290717	0.026038630966336244	-0.0339394313855233
X950241	0.01100403201382979	0.0029439684532214664	0.01100638136084719
X950242	-0.01586154270016595	-0.004264707194571278	-0.01109849557738289
X950245	0.06018208340982515	0.00846033279971272	0.04460980034101149
X950247	0.006449376982678473	0.011971155662289552	-0.0011812033140138325
X950248	-0.011162941654012033	-0.007882692161339928	0.0007693841082589547
X950249	0.00579997737620805	0.031176533004795157	0.011493639167910569
X950250	-0.03364196778549498	-0.07124195237620312	0.05251758251367318
X950251	0.00798008403121694	0.034193685575850355	-0.006985156023769205
X950252	-0.004248446654064608	-0.005459458011144472	0.007547458691743834
X950254	-0.011577153552823651	-0.0014658521213040763	-0.018958941918009856
X950256	-0.015042742266441056	-0.000796809245504041	-0.0024737612311425306
X950259	0.021897973236414188	0.0007464852737597249	0.01153791414769248
X950260	-0.004068128576726779	-0.022338258767968057	0.005399220456585906
X950262	-0.001190275443692583	-0.01626891518242771	0.04776790602420572
X950264	-0.011145173281315878	-0.01270354775281484	0.0024848886956306093
X950267	-0.0041815801552424915	-0.0014577774194893358	0.00689610731865826
X950268	0.002921875809551741	-0.0032435103084571338	0.021225192454516883
X950270	0.021751722707419697	0.012372769192288484	0.026164877001301563
X950271	-0.013975374856946185	-0.008309107179763183	0.009516217604470604
X950274	0.008548926939173059	0.006860316147757965	0.01608546938590514
X950275	-0.005760436160073187	-0.006963741187426906	0.015068748638107818
X950279	-0.023921512819877023	-0.013944119597114458	-0.02030742602066557
X950280	0.009077738094269469	-0.003791607178741144	0.00782830188427748
X950281	-0.005177686944109412	-0.002375254628038526	0.007316230095578017
X950283	-0.0063334706370159	0.0007061471459966914	0.011292167292063232
X950285	0.010349517360020185	0.029967794456412563	0.007232191209118884
X950287	-0.018182630536163504	-0.002568361553994079	-0.010395387063444065
X950288	-0.005190464485475924	0.011601379514087655	0.01923319491867511
X950296	-0.010336414133507178	-0.0020600468901702594	0.013513851149974472
X950297	-0.00361206395820884	-0.008367278743175485	0.015799199979764564
X950300	-0.0023322420548405947	-0.02947142296460938	0.012565261682892643
X950302	-0.01508386037950598	0.05085448630201235	0.003586062198067316
X950304	0.0008801942631701449	0.026804200834344587	-0.011728203389200022
X950305	-0.02018258041315387	-0.04655522473970121	0.02518566898925079
X950306	0.00858123914218644	-0.018861922948374518	0.0198622426417607
X950313	0.01289701938102024	0.023073058218732113	0.009906779022021951
X950314	-0.011972567206121453	-0.004179052897140965	-0.012810447335262412
X950316	0.03256422093565056	-0.007558302051082607	0.0035172030715776973
X950319	0.006384260842302068	0.011696393144421353	0.011554341215197493
X950321	-0.02677134099405325	-0.04356481886374998	0.027846673307661923
X950322	-0.016934827362299787	0.00098649639157274	-0.010883339605107303
X950329	-0.016959628490507795	-0.01357415666538152	0.028984687563609494
X950330	-0.0063125133242380345	0.005268026322553684	0.002684512172315857
X950331	-0.0031083214877669126	0.00047527235369732533	0.021989946954626086
X950333	-0.006371864896800513	-0.0031238923395033157	0.008034777721107273
X950340	-0.00888919157863156	0.003641261559210136	0.01812911957236278
X950343	0.02378846793311818	0.005656251455124535	0.006367835426344837
X950345	-0.025554289346965825	-0.004829533607230136	0.008383937356364779
X950348	-0.014840789588098903	-0.010091583964860427	-0.0006308563086406686
X950353	0.006014072990775535	0.007029608271771425	0.009411664278516297
X950355	0.0021938366501287098	-0.009099853570988988	0.004107431708605964
X950356	-0.012099823509857997	-0.010192932656244956	-0.023794100214032672
X950358	0.005069524330838043	0.001259635950569817	-0.011887201733007304
X950359	-0.021467498100993816	-0.00423138769558298	0.0166585847814312
X950360	-0.010530023552427376	-0.013654791786941083	0.00512497836055557
X950361	-0.0008268843143477379	0.005478803116084781	0.01332357822527571
X950375	0.02247452105710535	-0.034354939848813944	0.012387540759863347
X950383	0.01154163866796345	0.01138930830100063	0.014918536752538665
X950389	-0.012972872930032514	-0.0033696774009562168	0.0070744629341214045
X950390	0.0007624347118602705	0.002158913739934188	0.003980606179736165
X950391	-0.006773266220682892	-0.003729758451870504	0.02444513463176789
X950392	-0.010335007639711818	-0.0059125865850494655	0.0054188485326932025
X950396	-0.017053061968466426	-0.08043111516060211	-0.10405261172100151
X950400	0.003116162322350663	0.004508189480218134	0.011538230581652922
X950402	-0.004376394434958127	-0.0021763038060847767	0.018826111451375784
X950406	0.02664417835044897	0.018028759999935386	0.0030917458229371034
X950409	0.01095917949988688	0.02027114026144247	-0.0022474470022775953
X950410	-0.002941477457568494	-0.0024619286550183342	0.0072398853993106155
X950415	0.027474819960385248	-0.029546500223337643	0.02700335846214468
X950417	0.002678896809532136	0.017699941732902565	0.006149583960882181
X950422	0.01122158201352909	-0.04879038103058187	-0.01193483503734469
X950425	-0.009818093514492343	-0.003962949365049147	0.00793995385129342
X950428	-0.003877150820722244	0.020230773523601767	-0.06489780226386002
X950430	-0.0063424360312564106	0.002633031385098624	-0.0008821569455888197
X950432	-0.0010196827154309567	-0.005407628414598129	0.021604361797413027
X950434	-0.006333079157446147	-0.0010817192019433163	0.000694017641062006
X950439	0.009730263068553815	-0.0010285517794342196	0.016548472341255425
X950449	-0.03517045687105665	-0.03631898308933712	0.0017452240774349142
X950466	-0.00963000048586644	0.001976574342260191	7.360671184555597e-05
X950474	0.015964946332283462	0.034934186306743234	-0.019631491354631526
X950477	-0.014422033199065392	-0.002361441639898697	0.01744417056951898
X950478	0.014157205085479635	0.01881551290407277	0.010706564736384485
X950483	0.024200038522661265	0.02328567889818416	-0.006070727025141918
X950484	-0.01627725241015745	-0.001097014488247836	-9.602281484825995e-05
X950485	-0.005719400686860855	-0.05069184259019247	-0.053391132290685754
X950490	-0.013664046378851295	-0.0038409738587032297	-0.002668639655860018
X950491	-0.0034382957834942648	0.006588066927329991	0.005726496067536674
X950503	-0.010574704519693817	-0.011396988240464702	0.01166168576762092
X950504	0.01189585581136017	0.015602793156996596	0.007132527654927943
X950509	0.009885468132454344	0.007269962501258998	0.013571871835502299
X950512	-0.018506277230038108	-0.00037737039142229223	0.006700283428512528
X950513	-0.002999094543218366	0.02968329447271399	0.004246725229598129
X950516	0.011651130737396499	0.02491066378309077	0.013490195243835336
X950517	-0.02305994845518177	-0.011940130866730478	-0.005705716105790471
X950521	-0.0034350740273895106	-0.01744916179991597	0.005353076722530475
X950525	0.0017514038036761193	0.0038012848019931943	0.021633786500325842
X950528	0.016472142989474248	0.010727855246210689	0.012753792543189585
X950535	0.005519876407512038	-0.004755661588099978	0.018459277499810817
X950536	-0.016848093115631207	-0.0026906898307940785	0.0015758182333358711
X950545	-0.017774625500440882	-0.004175216349720886	0.002259962130249718
X950548	0.0063002743268071905	0.007650615192754079	0.00850051379182944
X950550	0.019856225573264656	0.024234599467618467	-0.004085084700606611
X950554	0.02379500916161366	-0.000730657112945536	-0.014298423469034946
X950557	-0.0013527975708782977	-0.000604199838514082	0.009451758326882066
X950559	0.0026093054647661354	-0.001248233284193947	0.0170313248665813
X950563	0.007982421201538116	0.017107276816700153	-0.009356700670994257
X950564	0.008236559670621587	0.005474168536566573	0.005284574508643589
X950570	-0.010085310649664631	-0.0040136545543491674	0.001456723953587794
X950571	-0.009614868194124661	-0.07927768157163054	0.038788997115357646
X950572	-0.0057043377465961775	-0.005943386483227925	0.018603428193648536
X950577	0.019899277313947347	0.013600170284155524	0.01229277032045299
X950579	-0.0036483461921617867	0.0038635725031464048	-0.010341424490895982
X950584	-0.07750213209201652	-0.009993225585073758	0.015316696043488618
X950592	0.004694714029099463	0.010598980978442236	-0.0036008002230636686
X950593	-0.01637492770949491	-0.0059960941641886145	0.007150102549469986
X950594	0.009138916618081817	0.009087881535829343	0.012012935447402206
X950598	0.005610105406336303	0.001663810717738073	0.013171848332437546
X950602	-0.012463976986101436	-0.007831247130777014	-0.00048285773117407246
X950606	0.028713979251502375	-0.008301452655331897	0.018054141730848294
X950607	0.014667931187261002	-0.0242665907862517	-0.013565047413586221
X950611	0.022113794782014615	0.03454663124261617	-0.00032732517465230927
X950613	0.009459136025629176	0.014773544209344337	0.005948621457668973
X950618	-0.0023111769822315442	-0.0037149038572417085	0.021410705224651622
X950632	-0.022574751988405976	0.001032178949387471	-0.004101494048201313
X950633	0.011457885962931512	-0.005117019210503786	0.012418755661154439
X950637	-0.004922296352820844	0.00274236017504724	0.015461352579925945
X950638	0.01032199614744132	0.027045837595937528	-0.002588912242661716
X950641	-0.008879911173921368	0.007280705908715966	-0.0036468022101663724
X950642	0.007291499726900805	0.04385109795416196	-0.00621400453860288
X950645	-0.005229306021613393	0.0008421643033043369	0.0005946838919485644
X950649	0.011967613668179222	-0.016180330517820984	0.035126576931721526
X950653	0.0024882295265485554	-0.025372999107676028	-0.0008225475025769347
X950655	-0.0014770699015349113	0.013265020272493579	-0.015713306262666246
X950657	-0.023877421245162164	-0.017328945828230614	-0.020179285990030653
X950661	-0.12440117316121199	-0.010508999067976062	0.01803313794180077
X950662	-0.013540223455710014	-0.029753907203336528	-0.008913793854585657
X950665	-0.0044401553992625235	0.0202379589704028	-0.0029287947323103484
X950668	0.010084689183973684	0.02064684875321554	0.003281425412977963
X950675	0.02785967388320094	0.05275561341059097	-0.0059386057924248345
X950677	0.017671082984386393	0.01617217729331396	0.0037910558018344753
X950680	-0.005388314893471221	-0.015426510537596092	0.020726899719921858
X950687	-0.02313897278964407	-0.022056418098628326	0.010533451631060177
X950693	-0.007330177402939904	-0.004526383399910956	0.0061706493523429355
X950695	-0.004339126474408219	-0.010303594861993332	0.010547824662073789
X950696	0.023633314520331298	0.026672541356515693	0.019946887637055384
X950705	0.00477745549660688	0.0038152942611554036	0.014211523859789162
X950714	0.03432504095928274	-0.012325512116033619	-0.08291757533674216
X950726	0.003975174294235228	-0.05466660139035662	0.0001333523627834128
X950728	0.017108069317111268	-0.026007474589570496	0.027379029778393835
X950732	-0.013510206850791006	-0.005504374056950032	-0.006361351501206222
X950736	0.0015469529419145228	0.022873496395950155	-0.014475917849071632
X950746	0.0005497967477090735	-0.01791712453095634	0.016610856703033885
X950747	-0.00911939283206752	-0.005128511560366335	0.0022507451337368555
X950752	-0.019363836074761547	-0.005802213664104531	-0.011329964019581485
X950757	0.010596144284481602	0.01471467472234127	0.01201565603708141
X950758	0.011294643429510176	-0.0033491517619200035	-0.011821532778917496
X950759	-0.007477648988496876	-0.0037845868276365695	-0.005586521887524951
X950766	-0.015690747373304805	-0.008736647163866988	0.007213737128347634
X950769	0.06954583714376278	-0.01056248911408131	0.071055199214456
X950782	0.021296543420054433	0.005721995383828878	0.013447997464998624
X950784	-0.009580901720102081	-0.008805205125876542	0.004033680959321456
X950789	-0.01911232173144764	-0.006070747326576553	0.005494836133415354
X950796	0.011383415934414312	0.016491554625950245	0.008729379443606295
X950798	-0.017419667128239506	-0.015723715457935647	0.01953070403740199
X950799	-0.007704040828535299	-0.0007727069201241008	0.009885308416059686
X950803	0.01137797516508429	0.025448729046090624	0.017249753600670045
X950804	0.004379587360125873	0.011704333014231821	0.00705942714794635
X950809	0.01678497324239783	0.025489089502648544	0.009440315080362707
X950810	0.004312834406486112	0.011801880764651839	-0.0026268265137121
X950813	-0.011960304534728914	0.02056414327516954	-0.004694764800405218
X950816	-0.016152178362224816	-0.009877337181398441	0.013336614497103081
X950827	0.008578648781332101	-0.014957074090219168	0.0016088867858669162
X950838	-0.005813875281370335	-0.010829973116258612	0.01471837575623
X950841	0.03005434659019843	0.052353065578874036	0.0012060655292823507
X950845	0.016937185449012404	-0.006668880263576719	5.854203112620397e-05
X950846	0.00799739649416556	0.0028430826275861252	0.01108769199693964
X950851	-0.030977731069622337	-0.01627906002757184	-0.005643280816597022
X950859	-0.012343944789431016	-0.02482531320598622	-0.019031721802419077
X950860	-0.009274877296569206	-0.014214355947366383	0.001729506508542465
X950869	-0.009333949806267505	-0.04253372338754718	0.0030731460799232908
X950873	0.028170233805575217	-0.010420796578366436	0.027983098960391826
X950900	0.000851436239868716	-0.0039265938686140365	-0.0002905549012837642
X950904	0.011606615033130013	0.00685117732060963	0.013553787680748646
X950906	0.007884818335061676	0.0007828772503573507	0.017714110103718712
X950911	-0.009797405058271588	0.030198426792467238	-0.022703189902397006
X950914	0.011128923405904616	0.0009070512309492013	0.01976782090181535
X950921	0.03333893698397272	-0.045829707444361836	-0.05642225695314757
X950925	0.019826500809469332	0.044093405387844974	0.010104253756663293
X950926	-0.0177014217264545	-0.013135804942252161	0.008529635134283554
X950929	-0.008656797897004262	0.00032391720736625113	0.008633869614400025
X950963	0.009559647306953448	0.030522106986656274	0.0015308245009772537
X950966	-0.018300125375404222	-0.013011575547687634	0.00615271125124963
X950968	0.0023526521885477917	0.0006888567441311936	0.027449955902920098
X950987	-0.0226428846942301	-0.03078357514815064	0.004825032547874888
X950995	0.013226947039817923	0.02917431926538688	-0.00011509416156177755
X950996	-0.03091686091668622	-0.014154136738504856	0.00483284354674247
X950999	-0.003109138274047976	-0.015488561889337976	-0.01959436488592854
X951002	-0.006012585077029166	-0.005050392887350686	0.010219905889714316
X951018	0.004775214731600838	0.00821482541356192	0.00523581517807382
X951019	0.028654036405718213	-0.008065408832300596	0.014497253394488893
X951027	-0.009692954507118566	-0.024718317465935682	0.024751928147248144
X951030	-0.014902791188570476	-0.02358664682372024	-0.0015698176791379376
X951041	-0.006575246388840206	0.017701567353799023	-0.015118641493993374
X951051	0.02656466058261107	-0.00733286865305196	0.011089011884074582
X951054	-0.026496526873420457	-0.014643277800135948	0.0057603723027888675
X951055	-0.007920723710741987	0.0010716849093610086	0.004356349734730827
X951067	-0.013992023696472277	-0.012092825643991988	0.004496990907317695
X951071	0.008175424089876274	0.016644458022280234	0.005129351210052802
X951083	-0.014037604009931674	-0.005578346282750674	0.005516891635864423
X951085	0.020268210704398316	0.006729455725283443	0.018695760804005816
X951115	0.018447490615979424	0.0010517409715009483	-0.0012327260285793949
X951141	-0.029116464646266015	-0.02711471177855181	-0.004157863687209967
X951144	0.024951425888823986	-0.0020036531495412234	0.02928268653566783
X951150	0.04330218436442173	0.024623854776560806	0.014157966238687711
X951151	0.005636572240967388	-0.014331821879337596	0.025460171901351497
X951154	-0.022656572581674812	-0.021014226247890577	0.012192886333050231
X951156	-0.0037584539071792364	0.007914487053371227	0.0017567335638024432
X951162	-0.006466314099648989	-0.0007542459043595064	-0.004043976746180735
X951171	-0.0113813401658448	-0.02153815899160088	-0.013208367803323772
X951174	0.005682361142014132	0.01215451275358551	0.017866985661164295
X951242	-0.008745286232681932	0.011372037162706594	-0.00013496665702547356
X951273	-0.022018254050893745	-0.0068596345296752384	0.00708435012475655
X951284	-0.01572097555274167	-0.01864969349489565	0.004140921810833609
X951317	0.00393784608279693	0.00873391628527263	-0.0033012651644393726
X951318	-0.011872634855108803	-0.0014800171468419576	0.002250673539927893
X951322	0.013972411279582849	-0.010803563044672497	-0.0007055529478248033
X951337	-0.007239022518743137	-0.003134089095640197	0.012645883781672005
X951365	0.003495896470006879	-0.020245745177566894	0.030372300900450226
X951409	0.01553862167952748	0.0004203592658359236	-0.0008618089000602143
X951429	-0.00554411600593103	-0.009827804597025761	0.023013941503620565
X951457	0.003912226328470311	0.022664275214773814	-0.026188171557055374
X960001	-0.007343521076321804	0.05148275820902786	-0.0046316493725055
X960003	-0.012495183592200526	-0.012535395453605236	-0.005222029938528323
X960004	-0.014040521941204451	-0.03527714006364048	-0.002896776089229354
X960005	-0.0031314966128470514	-0.00275041333809876	-0.012534883627143832
X960009	-0.007312611440289453	-0.01364518535157276	-5.106942925535332e-05
X960012	0.010702114506466253	-0.005637166061222572	-0.01649064445135194
X960016	0.002825767237210092	0.011137106317426454	-0.0019928894420426944
X960018	-0.009582284524987368	-0.004722280118084157	0.012063643054270875
X960019	0.10870316150753638	0.024053150119987703	-0.017558263120592266
X960020	-0.01905757842111469	0.0462014824229561	-0.013264403775268338
X960021	0.021063194701350676	-0.002328181484224899	-0.007427906922402693
X960022	0.00302397679718439	-0.004319763273047061	-0.008139833790811894
X960023	-0.026909149024742725	-0.05654810017835373	0.010994801290884391
X960025	-0.009303105921833008	-0.03065662617257772	0.0020850568763328306
X960026	-0.014625575176473848	-0.03915793658578224	-0.018634075840531582
X960027	-0.009864027197505966	-0.0008490912396039471	0.015102871208170362
X960028	0.0303581756114025	-0.0663491569783704	0.0817828838645271
X960029	-0.10041436879016766	-0.03807338162158586	-0.03698019001739457
X960030	-0.007482135170883217	0.029629202560881543	0.0011211108886744496
X960033	-0.01703756863780886	0.021784095273217927	-0.012872780841663172
X960035	-0.002459906444297401	-0.006165456962600788	-0.03955175989035992
X960037	0.004547854255994888	0.0018640369124892356	0.0017362600143695022
X960039	0.0030325223633038013	-0.0031633683267085233	-0.00060111440596237
X960040	0.00029998999788508675	0.013432769301095451	-0.027666085566999836
X960044	-0.002936589771698282	0.003606842209826393	-0.002973090603018981
X960046	-0.0017257277968480134	-0.05418634809945749	-0.06718674493826228
X960048	-0.12064369976702964	0.042259536290785	-0.12947456779334743
X960049	0.0032131169597554403	0.013098488444534926	-0.0028476894562923095
X960050	0.019527045363866614	0.00017637642961291036	-0.012840338361572045
X960051	0.004844326193795655	0.014635141644673217	0.000939565934538984
X960055	0.006146739367527957	0.021477423917432206	-0.001934812646924985
X960058	-0.008383390716820462	-0.007410268310264818	-0.00014687978328227497
X960059	0.014559395204000835	0.011415107633641352	-0.003781353731167131
X960061	0.02754413480623781	0.042018412731158826	-0.02893363912608116
X960064	0.001486736069463187	-1.176670144649566e-05	-0.009346070526342072
X960069	0.027038757817775608	0.007669118619543537	-0.04215207110244996
X960070	-0.00828067106021372	0.010286115449568325	-0.01193253087604185
X960071	-0.010955742558149597	-0.0020127382043681713	0.008355510603314676
X960072	0.01582014319105645	0.0009990215843641511	-0.012770928380069978
X960073	-0.030143499472495863	-0.015375546983917649	-0.012117143247384887
X960074	0.01682058588603679	0.007494796197864796	-0.014835344190542448
X960083	-0.0007974571126098255	0.004165235526075886	-0.008230403822511306
X960086	-0.002367485468998429	-0.04153228669332547	-0.0731610728713063
X960090	-0.0007222174120156311	-0.0018287982343856786	-0.00851439915970452
X960091	-0.01494147161387206	0.0030173330277630467	0.027314151964992057
X960092	0.006716955161312705	0.023511814434917445	0.0025191980498541038
X960093	0.0047282922859953795	-0.004196802052554755	-0.008384687890252516
X960096	-0.010076648258869092	-0.0526555906622799	0.03514227598503056
X960097	0.01067527149178935	0.012899688762604207	-0.0119545073449052
X960098	-0.0009812285153290505	0.008188335915660944	-0.006871625394277208
X960099	-0.003653877645675034	-0.005674864157176898	-0.004847140890211938
X960102	0.025056438015284375	0.033419920779119046	-0.007054291895158814
X960104	0.016253950644779486	0.04433210503776047	-0.007549164247664816
X960106	0.004761983046966622	3.6581007524355475e-05	-0.01683414133222917
X960108	0.00971902569481471	-0.024113224795691342	-0.02068797783097017
X960112	0.07325263914462242	-0.02436565446468353	0.0978484792392549
X960113	0.007635780494777021	-0.004973082338324604	-0.0008354189493484079
X960114	-0.021834322006522734	-0.032408419427366005	0.011842032855329834
X960115	0.008940464161777458	0.01006919755118626	0.0017709751054447327
X960118	0.008080785053516299	-0.09461776033674767	-0.022774759882328757
X960120	0.009399524057971557	-0.0065884260943555335	-0.009815101462722025
X960122	0.010368452378557253	0.023617641716905793	-0.024761418816368938
X960125	0.004662797536268812	-0.03894434747431074	-0.008604983427656978
X960126	-0.014973097130239676	0.011080405495402453	-0.027993093833531373
X960129	0.010503346818346313	-0.012917726917459994	-0.03534080296710984
X960130	-0.011654337413987291	0.011857710738260863	-0.0027906125789229686
X960131	-0.010803725413823616	0.015084558321902666	0.0004370411987676466
X960136	0.012884476470699732	0.003944331450683143	-0.008338664424377633
X960137	-0.0068262635800875205	0.013879180291130794	-0.0010406905012270515
X960140	0.03967147662409165	-0.027340048286296395	0.00261152428207148
X960146	0.06391742520069066	-0.031105205849381694	-0.06740003237590018
X960148	-0.08684097936563089	-0.08457750803606355	0.0038370416536402836
X960149	-0.017617253636303322	0.03955451580806399	0.01395671853698378
X960152	-0.024743799828086294	-0.0069979391360940465	0.007077474252593451
X960153	-0.018405659561950068	-0.0671396214552499	0.015638814755622336
X960154	0.006658930855248483	0.0073638114181920865	-0.020752346076841774
X960158	-0.007434918254471752	0.03647002052755777	-0.04386748039641275
X960160	-0.001978213587822947	0.012662540646522134	0.035789057501693325
X960162	-0.008022788157568022	0.001070742567273851	-0.0011526165696704432
X960164	-0.008624079233069265	0.006612461562842854	-0.01596162464858194
X960165	0.026744467221891253	-0.0008233746630493794	0.04220313860644625
X960169	-0.01054790320131534	-0.004107951035927195	-0.023087344949342038
X960171	0.017451580971964992	-0.01345511816430003	-0.03737226214586393
X960174	-0.008467816651524141	0.01552285473617045	-0.01994317759003607
X960175	0.003472360148433576	0.009873666086756558	0.0006913314977361649
X960176	-0.009093725834650367	-0.035040409840783375	0.002884912713678766
X960177	0.014654854590348935	0.012680763391772652	0.030894087997188936
X960178	-0.011377963636735837	-0.012741291663872145	0.010220685459506555
X960179	-0.0015341491607156962	-0.0010013677546543741	-0.004892469301474178
X960180	-0.004976707543285811	0.018731992831591868	-0.00985371684373061
X960181	-0.022693368653912274	0.023967430028540054	-0.0030123914922705304
X960183	0.0008431046043954443	-0.02285896507117386	0.021681793935195225
X960184	-0.009426726127767866	-0.030509602238609695	0.00802908745608885
X960187	0.044678924401238516	0.0043339909792542135	-0.03133885876038119
X960189	0.025026161787793662	0.007881702880996369	0.006334079120679274
X960193	-0.07106608942968098	-0.044291639420234355	0.021847720254730647
X960194	0.08926770425068357	-0.01296137946836375	0.0630230031556133
X960197	-0.008876179380761491	0.009611040140778382	-0.0032688691356060305
X960199	-0.008999460818506742	-0.009269488875449119	0.0179449041915812
X960203	-0.005455821751763703	0.0221038578174994	-0.0021181238585830826
X960206	0.02875535055030136	-0.1026932536906523	0.0950960830670579
X960208	0.028837138361061665	0.011217515914242691	0.021163284415667734
X960212	0.001070787875585893	-0.012500049365927282	-0.006313171073530134
X960214	0.035377270402795195	0.04900523958415877	-0.02239869486797717
X960216	0.009486547842034523	0.00729017994593473	-0.0035508163179289354
X960219	-0.043636994033869496	0.012510271493806511	-0.0033720137914263104
X960220	0.006156819592103761	-0.050455396927092284	0.03648572568745373
X960221	0.012993846416648448	0.030651719531645093	-0.04093818037511924
X960222	0.05576281878235914	0.07433483187398583	-0.03689848392720034
X960224	-0.012885328445159053	0.007320025598175043	-0.0089505472351167
X960226	0.05342273969771387	0.02768835020262868	-0.046417263735516544
X960229	-0.006432595623086763	-0.0010651186749673022	-0.0032692025345294378
X960231	-0.003135491789331472	0.022099980547042576	-0.007728939260271187
X960235	-0.028768461415367604	0.017993566247332587	-0.023516458854161586
X960238	0.007999566314665814	0.011987366020935747	0.014942167787107056
X960239	0.023206082403585574	0.014773817998494608	0.001763271945320903
X960241	0.0069364095943106625	-0.010520980644188606	-0.00868868506026549
X960242	0.01345054826661893	-0.007625133491270814	-0.12478311878066632
X960244	0.02731896477285741	-0.00710348891924946	-0.0029505283153406885
X960245	-0.0058648385056898605	0.015820934865454134	0.005550770465666993
X960249	0.018314996727050864	0.016328610126614466	-0.016883205262206973
X960250	-0.00950363944142256	0.011239293226787617	-0.004745033960103875
X960252	-0.020145368103431847	-0.004789515895434869	-0.004225308339133881
X960254	-0.01996565871940376	8.232796826077931e-05	0.013052453590832031
X960255	0.025020347904718947	0.027195344454210593	-0.026407389801216246
X960263	-0.005724776685350128	0.01595848505316733	-0.001713099753279158
X960264	-0.010695362241847842	-0.01710211756423325	0.022173402666212774
X960266	-0.024060923945793303	-0.003911813586997525	-0.009595768474146353
X960267	-0.011530067401557278	-0.025521959488294298	0.007681370615350158
X960268	-0.007214293857546071	-0.020541704014616812	0.002893135160028161
X960274	0.010733451328448263	0.01465041927982816	-0.020864626272503066
X960276	0.02323026610168518	0.029076485228789938	-0.005995483224297227
X960277	0.008958859234134833	-0.1011546178493885	0.0799698703434074
X960279	0.0012923434527939788	-0.036548041415662924	-0.04574900191550548
X960288	-0.010626954482779904	0.013043728863449736	0.007751167860387924
X960290	0.02173596457183241	0.013221276575638492	0.029295835018496776
X960297	-0.0046831459132136025	-0.009488148371729184	0.0019107439774033606
X960302	-0.016897757585751048	-0.037167963822746876	0.03125167942682203
X960303	-0.004777880749281234	0.006292997687618558	0.021889978255004362
X960304	-0.014085044963769257	0.008468996779819528	0.029219565202074225
X960306	-0.051632872843332324	-0.02035971446012514	0.005974432649185868
X960309	-0.020328489632081725	-0.01775715305255974	-0.002963716165525618
X960312	-0.01545159285581728	0.022249012928766035	0.0014609915651994363
X960315	0.023935752171297158	0.018604982591590647	-0.03432051881486584
X960318	0.0069102624797005895	-0.01136526420494628	0.029954930243179984
X960319	0.060622276831316095	0.04439371285821861	-0.031940368699854386
X960322	0.026710735377462422	-0.02119345164513771	0.010696208588800908
X960327	-0.020314634102226004	-0.07113917694198349	0.031046822242928502
X960331	0.0007769499506373488	0.0014266885926374148	-0.02748942439753256
X960336	-0.01949412222298379	-0.005149653534962753	-0.03574428072037129
X960338	-0.08248517025089716	0.016091700413269197	-0.03891374498039112
X960339	-0.009931593339911607	-0.0135817821565551	0.010241647809760284
X960341	-0.018710294886573244	2.48298487448432e-05	-0.0068899266142084465
X960342	-0.022356975472807777	-0.030288334891769898	0.006775276190601152
X960344	-0.004445879849412588	-0.005694798069898741	0.00234217131645521
X960347	0.008685395874286949	-0.00366057620295032	-0.010956721906672948
X960348	-0.009713657817156525	0.005462857051085408	0.004968896962948625
X960350	-0.002161961147329053	-0.00506539025074427	-0.0030691306620644937
X960351	0.005408710905146157	-0.01097076013866454	0.013537530754455452
X960352	0.00036716453392191483	0.019480723621305058	-0.005914844302786168
X960353	-0.037029819389356324	0.053201317271409164	0.010764242196011688
X960354	0.019825813624301428	-0.05054382809300271	-0.025043215356776293
X960357	-0.01919145891603881	-0.047611784508172966	0.006918790392356716
X960360	0.0061592185892668004	0.003877897396017806	-0.06646047712574973
X960362	0.01753246649598176	0.030035762671563406	-0.024697577440519876
X960363	0.015937811347612598	0.000200120059709549	0.00934920309839095
X960365	-0.0014507555059622387	-0.007220799358250453	0.019114543661985797
X960368	0.012599770572505817	0.0011484071286399266	0.008923518204902515
X960372	0.042997908789636594	0.048978305273550245	-0.010228494475170227
X960373	0.01045295199551537	0.0014523153383924395	-0.002144959963384846
X960374	-0.0878564835616706	0.037836089211460415	-0.001900854883990651
X960376	0.011549973826420286	-0.0057369506086789755	-0.02130776014186295
X960377	-0.0013966750325657854	-0.049174978677744285	0.047594312283313005
X960379	-0.016901434314475335	0.005617798396313996	-0.018550133431466168
X960381	-0.07274266722471132	-0.07528471902664227	0.03434187122232843
X960383	-0.039491233899693994	0.06965498861931753	0.021670425458012347
X960385	-0.05074951624178246	0.056510585336267835	-0.014863041794406447
X960386	-0.061744696369114414	0.018444889256668155	0.023224914709328064
X960387	0.014837239074274644	-0.08858621110033195	0.04079472508531478
X960390	0.014860722831985971	0.005826662881938626	0.013957274487051214
X960394	0.004845760976304144	0.03987244185475505	-0.019061628389877776
X960398	0.004395232528058161	0.04269358272692117	-0.02436764003204042
X960401	0.012295181622218458	0.0013501942732352956	-0.049743431983103534
X960403	0.02145339544861044	0.021939317458069832	0.002076906157042933
X960404	-0.004749735278621218	0.0125098184983892	-0.012083857632740527
X960408	0.021737771918773612	-0.029070194543717107	-0.020223923395410168
X960410	0.018640057597657314	0.01858002103806439	-0.013275968571800368
X960411	-0.01849970197175386	-0.012502421296950476	0.04098288529281815
X960412	-0.007097123583514243	0.014823353594050435	-0.001216911532957301
X960414	-0.026564985544413965	0.0005489872284510924	-0.003356803009563986
X960419	0.007512754290592514	0.024992720425559938	-0.01140486595034003
X960421	0.05295373225891327	-0.00814289328569928	-0.04961605347468828
X960423	0.005641260377414482	0.00013406686496435493	-0.0011030544071437462
X960425	0.030809408342966055	-0.025504511494739028	0.056354416442154456
X960426	-0.0010137280855655076	-0.001276987588602929	-0.00017250187952677634
X960427	0.020261515509535002	0.0016780853015465368	-0.00631523815548728
X960428	-0.004017736647778924	-0.0011036201534210697	0.004281307349734478
X960430	0.0007651379217262295	-0.0012831434232651753	-0.016796115941591815
X960431	-0.03466058208826451	0.014035946459280501	-0.003928993309746474
X960434	-0.0002752746391262757	-0.004759095895954914	-0.00912500384673722
X960435	-0.04293469599838792	0.017968050432938865	-0.017652124105383183
X960439	-0.020294877958611807	0.012224758064736519	-0.017852401722411575
X960443	0.09027115495926845	0.008135570914627408	0.08486046696087306
X960445	0.012269388161313743	0.007393514819150989	-0.010777026139386347
X960446	-0.00041136814019191175	0.035428801267996385	-0.021507136982755266
X960447	0.02122945479732773	0.015681764840621365	-0.0064457042128616155
X960452	-0.0008388100342362458	-0.016520454890733498	0.01779535774050765
X960463	-0.1594888578346001	0.020587091785158378	0.0657047626162851
X960465	0.03367770886270376	-0.02632189440209903	-0.09417371378176799
X960478	-0.00996084527567445	-0.01244126642235994	-0.01087110510909427
X960480	0.013105665770983226	0.029719270639097434	0.0024086839724577493
X960481	0.041025085729373245	-0.020777418954253692	-0.05092683917858634
X960483	0.024239614794356806	-0.014984792803573276	-0.014421046235791225
X960485	0.04090497621859906	0.016130603113654864	0.019762010744969336
X960490	0.003446980520820742	-0.013024519734160817	0.00135692367487286
X960493	-0.012281766761282877	0.04294080941481471	0.007556884460421565
X960494	-0.14561430225997654	-0.011949406243457838	-0.1781276935826858
X960496	0.008410709518558462	-0.0016592411422245651	-0.016583347656577135
X960501	0.01122746714984367	0.01151491152693088	0.027075894215836296
X960513	0.010345864549627529	-0.017323990066084816	0.024341362610170825
X960516	0.016533314325326433	0.012928032132945513	-0.012005856849049527
X960529	0.00575762784271931	-0.010477426482794048	-0.0030550813663247282
X960538	0.009351325162001064	0.02292705507382908	-0.00147028311594777
X960542	0.01647435833386634	-0.04905556261562996	0.01670862700497063
X960544	0.13911325978521563	-0.01006591416505699	0.13128513153394286
X960550	-0.007549943862513204	0.01106063223459299	-0.01948129329650837
X960551	-0.011021671397674859	0.009628125504671613	-0.0009258244294490846
X960553	0.005800714876068466	0.006051942201914741	-0.007074343556373986
X960557	0.02605281051019726	0.04028471582511051	-0.024932636683602148
X960575	-0.019217839685346128	-0.0018755942216159898	-0.03337366917566639
X960577	0.005101223676536984	-0.0207397486036901	-0.018805376027073346
X960589	-0.0466140344668177	-0.006964781042288512	-0.021288339929469092
X960591	0.011530543007423927	-0.062160599425452975	-0.008180589842566588
X960592	0.28539928126994374	-0.0715942039195095	-0.012326653696309775
X960596	-0.0019155864617012306	0.01792781639610041	-0.014164073781873152
X960611	0.016313202054964875	0.03138371323954707	-8.713188857932828e-05
X960612	0.018665305350181297	-0.014423974205286938	-0.05251915001803951
X960616	0.003160282920614485	-0.007331372305161275	-0.006773185024377936
X960632	0.008840134466711155	0.015272491733969837	-0.006857912942988047
X960635	0.010985949354044332	-0.013587342782840841	-0.020881541422005677
X960636	0.006185659891843654	-0.010567987120237397	-0.01365041293795287
X960639	0.016567061505336423	-0.024539252968348434	0.05252783333266996
X960643	-0.005564399346539759	-0.013509504377865763	0.00030997330961859764
X960651	-0.01069508845287084	-0.032868923871778054	-0.015922760780204912
X960658	0.058301935078065366	-0.051211086591861577	0.04877134576583236
X960659	-0.004800599724803594	-0.003362051139633284	-0.0003301179073669653
X960666	0.035169404332977626	0.046978703012753344	-0.004904024701606366
X960667	-0.008848892065832867	0.03624109407596724	-0.007071168840225905
X960672	-0.016240859535920634	0.00252616202755323	-0.008961495797181722
X960673	0.07917966136391451	-0.0820034377264378	0.11520978259415618
X960683	0.07035154214317511	-0.05355812799245717	-0.1636084341706498
X960684	0.016074879873258275	0.016418314675153207	-0.008246229342002025
X960692	0.020890273613742717	0.027913866349578455	-0.011843196361548387
X960693	-0.0027468079516734323	0.009269942753998697	0.001176689129879107
X960712	-0.03127865241679938	0.020065163054504617	0.00040295741966824976
X960719	0.023461786159264898	0.01445381349188307	0.0065912596723533895
X960720	-0.04819391827316498	-0.08690775044935074	0.021013451850570946
X960726	0.013820509070151046	0.005471782137354662	-0.026419575382568502
X960743	0.027770863534799312	-0.04286527874079743	-0.003195501229731362
X960748	0.012989947534139866	0.00729672420993941	-0.032845782385220276
X960751	0.00020192328107606584	0.050108498823397435	-0.022814002056266592
X960760	-0.019617360107564707	0.06869082932686597	0.005901241383906494
X960764	0.010352785936004668	0.06596293049459157	-0.004272902647680097
X960788	0.04822759019185108	0.04660958938107532	0.0005762357925140547
X960792	0.054362233061153495	-0.016849441540092325	0.08561935942736164
X960793	-0.09414799657266205	0.13244465264050087	0.08224219183234177
X960795	0.019742188910688355	0.02231626139590488	-0.028783944121961325
X960796	0.0013679926895782575	-0.060710909418439984	0.00015507559699562675
X960803	-0.0023217260339149916	0.0068484518873402345	0.021628074336061304
X960807	0.0025830238467134375	0.026487793348821172	-0.011627651025390604
X960837	0.029012889472942047	-0.02573492519504984	-0.04415812311176506
X960841	0.06477822560046963	-0.06967159454247807	0.037767794816879835
X960843	-0.020348822300137015	0.006276136152838394	0.006525107996862541
X960848	0.1165220629146905	0.06550433816866613	0.11403083081654451
X960850	0.03802564168542882	0.011115211353527596	0.0020042873062550083
X960851	0.013454296015371424	-0.053293227395002155	-0.08529795493108863
X960857	0.0008102656322578711	0.05067472655393249	-0.05307773548674266
X960865	0.03274405832288953	0.06442028740968866	0.02771491058928856
X960870	-0.005833417880931492	0.011047609755255343	0.0039900178288129915
X960875	0.018764541852851317	0.010319366882915142	0.02100222579562108
X960883	0.030979028476124732	0.00010056989103423527	0.05500004086652332
X960884	-0.054443771111262904	0.06420011374650336	-0.07318253813517231
X960892	0.010040901404037347	-0.021219495173429994	0.0230068902680297
X960894	-0.005273086067787051	0.00500678388695767	0.018991188867932236
X960910	0.01107337785868193	0.043714786198822284	-0.020610678969130547
X960911	-0.00439057670551864	-0.006946758558644802	-0.01181264474210381
X960920	0.004614643151632791	0.007512150091805887	0.005862533122956636
X960934	-0.10678623119607923	-0.015741759266221723	-0.009218983932854677
X960939	-0.00410558988170171	-0.004086552335459296	0.008616410756806804
X960943	0.012112787891137521	0.011978684977497062	0.002846946455530533
X960944	-0.11779715454260932	0.1300187254026685	0.09661310753807248
X960969	0.0022247741666910604	0.007934457072567765	-0.015536508804491343
X960972	0.003391084628348121	0.024246161767780543	0.017659631174204594
X960974	-0.0008262481789397417	-0.021069869998712187	-0.0024467919020081615
X960981	0.016305843686545966	-0.003630752704433573	-0.015764458461903674
X960991	0.018850846390038867	0.007578617100462324	-0.03512007607135465
X960998	-0.03421281920404961	0.014638744025769328	0.004289520242555308
X961012	-0.023274130721937115	-0.025175360715548087	0.030299865949171122
X961035	0.03328777845205555	0.01070098877913967	0.032227221692987834
X961077	0.00849001092582406	0.03429883263061416	-0.013898999526487918
X961092	-0.01820282244654717	-0.03103543494613741	-0.008031844397519831
X961096	-0.01676514406675022	0.011992903035065271	-0.019564077501654568
X961105	-0.014036048739768749	-0.013969025219201549	0.0019793613790170766
X961124	0.009699906608550206	-0.015515541969790133	-0.032755595260838224
X961128	-0.0007081278621922298	-0.024681655051257134	-0.009793603312985021
X961151	-0.0035428858207973515	0.00971089684218236	0.010119510133297977
X961177	-0.0007255755741469979	0.033497142759465644	-0.010674862782355654
X961180	0.04433027784275883	0.004453479966095675	-0.03330205798647461
X961193	-0.0016148514327612403	-0.036406200497626134	0.036874837549591186
X961214	0.009644339302390248	0.021017047427078803	-0.0032044888409150586
X961221	0.013123329483525037	0.002467504230129238	0.0015555232120080332
X961226	-0.02574279860937971	-0.08657258954047341	0.01876982776807016
X961240	0.025087069342289586	0.013844909985748109	0.015522428079036603
X961242	0.02532197775054783	0.07721774493920712	-0.04003529985864575
X961243	0.03254063334407914	-0.07001216366021544	-0.12135881355729858
X961246	0.004430756121594883	0.0023570863070345657	-0.009036575142752743
X961263	0.003637175541659263	0.001955688024783017	0.011065134613594693
X961282	-0.008389039903286233	0.0010103303606492917	0.009239531968788187
X961321	0.011601652311000283	-0.014207066954183997	-0.014651197904962896
X961325	0.031167168656095787	-0.0015816857357595696	-0.0903272144510897
X961339	0.027005468821389683	-0.014474732713012684	0.061598443812045225
X961365	0.016246035964523103	-0.020092736767917924	-0.020709149533180905
X961417	-0.009540202097781177	0.005005710155544287	-0.008883441932259898
X961423	0.02091539553705275	0.015785302992027617	-0.004506134940037922
X961434	-0.054530908725704305	-0.0029567414812389854	0.010731904350310729
X961485	-0.0007421096772487607	0.008905383560256228	0.010663984694884445
X961553	0.013476116076998172	0.027954679708479358	-0.05280210659851112
X961577	0.0465265364296947	0.024349608104133853	0.00403177785165529
X961634	-0.02562651620776047	-0.011414163889587074	-0.02330191357086029
X961684	0.007419537035335162	-0.002929878155725037	-0.005607785270757621
X961686	-0.010154654943445638	-0.017139364121523473	-0.07217352722282613
X961738	0.02162154731545496	-0.015440771434621942	0.046828029185084545
X961809	0.011404151786492386	-0.022485977301148114	0.00035924169862031405
X970002	-0.013184158599189708	-0.021536493809193657	0.00852664993063143
X970003	-0.002853086844910101	-0.005568632061021075	0.010578870091332142
X970007	0.008589008639353465	-0.005022484820158916	0.022068808539729316
X970008	-0.023875179084876127	-0.017240526833234435	0.010034771787691937
X970010	-0.002484930398226267	-0.016775057699200006	-0.006545098910784475
X970011	0.01698592194291768	0.009242055491635691	0.008611546873902975
X970013	-0.0027316994429179876	-0.010339963923462625	-0.002468733291827461
X970015	0.01740341329452161	0.01753516615198071	-0.059942887379104894
X970016	0.010778036674306013	0.03424492470597535	-0.006842735458340191
X970017	-0.005569989698234607	0.028226485440671023	-0.0017758348390144632
X970018	-0.0772786799901807	-0.013207261245755516	0.00713542098479712
X970022	-0.003037760504520852	-0.0038614746804630806	0.0018661689043897756
X970024	-0.0003332373143394679	-0.022623211692469152	-0.002563631808273464
X970026	-0.0024162395401953873	-0.00907923136961207	0.005553601723829731
X970027	-0.0014807580033451989	-0.012314182197388506	0.014445509362962804
X970029	0.01952477563544962	-0.012168604508989865	0.038064138439378406
X970030	-0.008769212629525949	-0.006621150118859753	0.028047212937433848
X970031	-0.010143882691557906	0.031766117413264926	-0.023836346681823665
X970032	0.011880623477547335	-0.01344662447660816	0.023948963983363575
X970033	0.02223560524290172	0.0029554193088193945	0.01844500898610943
X970034	0.0004518808537401855	0.014748573414970607	-0.017233780365319484
X970035	-0.01490014737865553	-0.01792102784327802	-0.006889645201599425
X970037	0.0028930737882539707	0.027974530520823063	-0.0069257109791484705
X970038	0.006357296692608469	-0.032679102055169766	-0.008668812294373327
X970039	0.0011365468691971637	-0.011312002350619771	-0.0037333496845818504
X970040	0.030637181335695218	0.01615344340180471	-0.03584473763150768
X970041	-0.00258661681079161	0.0018279566435580573	0.0016404790021865314
X970042	-0.0023539566325547433	-0.007116598227471755	0.01872694231609574
X970044	0.0030978443144528862	-0.01126343008906866	0.0022003951166763586
X970045	0.012905085130229331	-0.0012448077899536725	0.0008384546801497809
X970050	0.0033909572718963613	-0.005030146327606612	-0.00021538696833503678
X970051	0.010584152646240892	0.022408675173458455	-0.0315946313399645
X970052	0.01245762673818144	0.009169682159364274	-0.023400224619396535
X970055	-0.022367292823752744	-0.005819889393982329	0.0019929404464903984
X970057	-0.032030124798236956	-0.0024939833732582624	0.0022585786758109933
X970065	-0.013513236073135504	0.0021694839911897156	-0.002354905429059964
X970067	0.009465447818503083	0.005399613020673194	0.00017652817967082234
X970069	0.05470646463755089	-0.0188773621494416	-0.07166979104384932
X970071	0.0011241983096180064	-0.01003365480414376	0.003520039461562999
X970072	-0.0007748275240957222	0.00400605035344311	0.00030294713952485464
X970075	0.014774459234867456	-0.012318175620260307	0.004685352361452188
X970078	-0.004011763417954935	-0.009933912467250205	0.01013334387808037
X970079	0.033650257946479044	-0.03657599447687013	-0.027301135517302576
X970082	-0.0008853163130761731	-0.03216251903288426	0.021545201680953224
X970084	-0.016241643431674564	-0.010429898725772352	-0.011019352077628466
X970085	0.03877927453780703	0.04678164566775363	0.003694395006851229
X970086	-0.0016805872476978	0.0009423381425717993	-0.0061165462102985724
X970088	-0.006035387619654035	-0.019854422171677513	0.005420194036085949
X970089	0.0031673463094425577	-0.0013324500978672525	0.028775798627752654
X970091	0.002863268540192661	-0.002571211094476044	-0.04160471588078525
X970092	0.0416703400170513	0.028039447997808983	-0.06451272776286132
X970093	-0.0042791293415450566	0.016310206499909014	-0.0020138667522921574
X970094	-0.0051155174769843235	-0.0567831719499187	0.003324411326562449
X970095	0.020353609221400743	0.006667562025362492	-0.011932524079246656
X970097	-0.010993220861820181	0.011809433292217389	-0.028959925876077146
X970099	0.006062520440168519	0.0010525120987346117	0.010663341763232519
X970100	0.033812725005453	-0.026381664164157898	-0.03833715247229425
X970102	0.0030321486341841684	-0.04378636347814085	0.13319512780212658
X970106	0.007712291933120698	-0.02174866513066976	0.01810845097937412
X970109	-0.004156010440430661	-0.009849596513436146	-0.001982930896919475
X970112	0.008044795259480179	0.008794742153320769	-0.0011709579194212302
X970113	-0.03142513432064451	0.05013606675387563	0.04130983765811065
X970116	0.01561999433349794	0.022991998323010746	0.008496061627003317
X970118	-0.0030375252596869947	-0.008172187541598912	-0.008790667840095023
X970120	0.006063250189456211	-0.005025329181211645	0.0331321872505057
X970121	0.14781811586138377	-0.11648146699948048	-0.11058501911011334
X970124	0.03532320733471784	-0.03882810715663915	0.06435116407928791
X970125	-0.0035944996362109343	-0.021973459110669207	-0.0044110902988785195
X970128	0.016076228575401596	-0.02851736864320756	-0.002864179750966509
X970129	0.009462752109355555	-0.008838101450922889	0.0030110913637292906
X970130	-0.0005843012656724338	0.03127462936679312	-0.009176066524615674
X970131	0.01990075794659383	-0.06884568779046112	-0.020616149768973552
X970134	-0.006618922387798929	0.003132281126485718	4.1296925855669115e-05
X970135	0.011086575230715512	0.026016756808639865	-0.0064903889838536
X970140	-0.010196550909358986	-0.0133592940338799	0.007016981719167
X970141	0.0015934340476185561	-0.017561237872744863	0.024666686003107733
X970146	0.003970117346722939	0.011654415091969688	-0.0005259931817125607
X970152	-0.02289661529364663	-0.005036642459383981	-0.010096295376280675
X970154	0.01827866404405323	0.014571956272123902	-0.02180175660855542
X970156	0.013835246814335476	0.025130432323099357	-0.01934447691207353
X970157	0.00021831923339249394	0.005002838546422787	0.0019354626886323176
X970158	-0.004312643192692297	-0.0547794639613987	0.04772727205106069
X970160	-0.0012438015733987776	-0.005346126167408899	0.021613554112127408
X970161	-0.006621288682812651	0.03699079165539475	-0.003611167505832893
X970165	-0.00507155304205338	-0.023920999410585172	0.001410444021257738
X970166	-0.0011738274810505196	-0.017869845055393244	-0.03771326878493728
X970168	0.004526603534168401	0.02773762289340087	-0.01685872269810894
X970177	0.005893637913333694	-0.02369029580173634	0.0032695562868949833
X970179	-0.008504940009425891	-0.009347799687958033	-0.0022355311313257535
X970180	-0.003689039541104433	-0.0245776920791241	-0.0065161488032424945
X970181	-0.0024833799804238337	-0.021285553816366504	0.008540383478474717
X970185	0.006968205732996741	0.01502179980948683	-0.028830958849414372
X970194	-0.001622107936238703	0.01108189345882507	0.014808881539936944
X970197	-0.009833703588483077	-0.007146533937063	0.01831431133530163
X970199	-0.014189888900920555	-0.023112810315661342	0.00403124176872145
X970206	0.017191539290089184	0.0009724025553129427	-0.03699069151734856
X970207	-0.03786952902486298	0.04982030936390609	-0.01038552864546653
X970209	0.006782046855794296	0.024473162228759116	-0.008573121746379617
X970216	0.0887624761953269	-0.003207967535705484	0.033979736809296654
X970221	-0.00899341597177815	0.017457937590294063	-0.010793255161584766
X970225	-0.0033526968389385983	-0.03484255222368342	-0.001382229753736653
X970226	0.032586886242266175	-0.003573018071081018	-0.02771798832172464
X970227	0.009370022319497573	0.01123026141295615	0.0008305521709101011
X970228	0.014888378146884441	0.00017182500905331313	0.012572750873114574
X970232	-0.03606392511992518	-0.013349985751578017	0.010092303316100434
X970236	0.021933830822096073	0.00446282486977915	0.0038940379297560195
X970237	-0.03493059102874044	0.03915342139817056	-0.011311195216311364
X970240	-0.03890401244406969	-0.03213162407622827	-0.013620926076144582
X970250	0.010040656841072125	0.004793361539942766	-0.004499531567715979
X970251	-0.038873603436376004	0.04635900140816547	-0.004981115203732331
X970254	-0.05457559119917008	-0.10703805861296112	0.04272383953922055
X970255	-0.0002812596103885915	0.022181432592967953	0.0014275986020324417
X970257	0.004790187567021867	0.011162174491450941	0.015819701118702588
X970268	-0.0016870165000841945	-0.007033700805326843	0.018871126926622104
X970269	-0.0011546740523458727	0.042503480944310605	0.0017157984439728105
X970271	0.028649250027964167	0.018190890894048854	-0.02038232147987462
X970277	0.003784582390407841	-0.008747222361860865	-0.01954721360509807
X970283	0.005686373055064239	0.03538760502044108	-0.06592625479307848
X970288	0.007842921262616516	0.015531695596754406	-0.01478363663409931
X970296	-0.036694389216057555	0.01697240669433034	0.016072682224244156
X970299	-0.0027897066861095015	-0.02557265171916037	0.008130194433818487
X970307	0.01358292476819539	-0.011478610586213332	-0.001593712911192955
X970312	-0.004616487221847458	-0.01725699984665085	-0.0021581956594887626
X970323	0.013943448988066393	0.0021631206224499047	-0.008148496641044186
X970325	0.00781352204474206	0.0315195461518115	-0.014024956813570383
X970327	-0.023366698989211843	0.0024759186980790383	-0.0006043731114016483
X970338	0.03491766085837772	0.038605095327954524	0.011969993295889072
X970342	-0.014331715189072048	0.012769850456727825	-0.031172787768813826
X970343	-0.008388669332054368	0.010640586131019035	0.016120313914971467
X970345	-0.007002230521632241	-0.00972458199702492	0.003424761203532686
X970346	-0.020005189696235385	-0.028614206047760316	0.06253182529415309
X970349	-0.01598122763505408	0.0031720489828875997	0.0009142369938327471
X970350	0.00013074126114454178	-0.005887563100817964	-0.013560718383021983
X970358	0.00902494221723765	0.018074134793336	0.002429434899334469
X970359	0.02628884003859497	0.02685024937324339	-0.0007271762942513252
X970361	0.0143404640936043	-0.030031276490015812	-0.06699663099482618
X970366	0.005633146429581921	0.02924916904626308	-0.039610086494608586
X970375	0.021264156781286125	0.005026784564742961	-0.01984882124227797
X970380	-0.005025280459680356	0.03146480681646783	-0.04594050709299704
X970381	-0.00931184000866003	-0.014705574371890327	0.005753305951206802
X970389	0.0422419485221487	-0.011678417809305366	-0.010693868880875054
X970393	0.008312229155895164	0.007199585127650217	0.029071404530925955
X970411	0.020420436333193116	0.011410400730377662	0.021951426589226962
X970412	0.00021713091417248546	-0.015404465897999863	-0.011280306450000447
X970414	0.003997407349253116	0.027767049728317162	-0.0101051004612182
X970425	0.011842546556490667	0.015247861587180295	-0.010520968465989627
X970428	0.0728224090273809	0.014676983289370697	-0.023915137424359502
X970432	0.0248706843859959	0.010544283334699119	-0.026647079806933097
X970454	0.00028397089732730733	-0.02811778725841242	-0.008989347309840136
X970472	-0.0016564130235011978	-0.01634204469929444	-0.0031506998821327348
X970474	-0.01434759372688119	-0.026742237941489007	0.01730128311686937
X970480	-0.01717452839190732	-0.010471345122673758	0.0008764353759398753
X970482	-0.012838882250701653	-0.11014270470869568	-0.01447284447911879
X970497	0.014653757030504776	0.007323595068047943	-0.02602057500569685
X970502	-0.002386075940367564	-0.011880800348363694	-0.005103852439485403
X970504	0.00832103378899634	0.06437016766329254	-0.026540827236726988
X970509	-0.006126747207096862	-0.009216616046186357	-0.005585011831941802
X970512	0.0037067972554344175	-0.0003096905125692698	-0.0073147775686811245
X970515	-0.004929135009184803	0.002125603610673087	-0.0007693007419147865
X970517	0.028525317392521756	0.02198600306704154	-0.016466322636234387
X970519	-0.0017876019381131807	-0.006147932814581541	-0.02242035283146522
X970522	0.021750468676184603	0.013038556319150933	0.00650176482204492
X970524	-0.008180925554576562	-0.00741703642533379	-0.013084292042697114
X970533	0.01379751489968257	0.03815555058304373	-0.026846350275306196
X970536	-0.009288867986382551	-0.023166193751052545	0.006544915248416865
X970538	0.011945351006422765	0.020283313342491192	-0.006397689416416814
X970543	-0.005467998334300648	-0.02715906990131867	0.007484029692154967
X970544	0.010698789158886175	0.012219299627937738	0.0025969035406886148
X970549	-0.06274668573695949	-0.05800517753091415	0.0051496539781326605
X970563	0.019940521166319822	0.0041476400998807575	-0.015471792586501729
X970564	0.009146246992442491	0.0015954070577536231	0.0025951798034427355
X970573	0.012814981500504872	0.007919164536668433	-0.002990429406112112
X970577	0.020588891518172024	0.0029308025516429173	-0.01140348683381096
X970587	0.0013606270024649407	-0.015722346015087787	0.0026255419250782097
X970599	-0.029462655701014695	-0.043299207192583726	0.03505670578009155
X970614	0.019887731222262235	0.021932736620600864	-0.006572349534852763
X970625	0.018152972393681643	-0.007302190610505979	-0.008792969648045169
X970633	0.006950853814039849	0.012395641225219675	-0.007288146668653777
X970638	0.028899780257214472	-0.027389684810344362	-0.03640330710395115
X970649	0.007780032452783048	0.013699174915999333	0.03946065413224755
X970659	-0.0013391547022178663	-0.00867577569043363	0.027569720352711314
X970663	0.005882914476839495	0.022863401592368514	-0.006894773255519805
X970664	0.0037399167988399684	0.03861255474181676	0.06740896963698995
X970677	0.009406755216640132	-0.003186605002624351	0.019251483392186533
X970680	0.01367321579204433	0.023252576380628012	-0.030467817414835795
X970687	0.02435357574384893	0.00886025345735136	-0.01140337113629648
X970688	0.01090666929761755	-0.021180571610384006	-0.05655617889866272
X970692	0.0010604260621278252	-0.006154792509986626	-0.0028927472258386652
X970706	0.012664907025089647	0.023365846140873815	0.043804288298774884
X970707	0.01934336227595064	0.04472285360121548	0.0027572399856925743
X970717	-0.015305428933627699	-0.020979883098987552	0.00553168889685214
X970718	0.004118422016453332	0.006310247757060676	0.0031341130943400453
X970731	0.005371552783285953	-0.024883551245931553	0.002165977285957269
X970732	-0.017959873701829124	0.02556927182372992	0.0024355647426905287
X970737	0.007143118737783476	0.005729721494513542	-0.019573329915747895
X970745	0.0040099602836900575	-0.021334710459318132	0.034896218043884424
X970784	0.011401231538357775	0.01897880967333065	-0.0009357781677722481
X970791	0.015764603541814956	0.034697678698591715	0.030884172829912387
X970813	-0.008697090930065685	0.003363023681493429	-0.019219707240650627
X970860	0.013299618784101273	0.008302070040628228	-0.0034753773507916197
X970932	0.004806515680343255	-0.005407313970009398	-0.03335882189698282
X970960	0.0050865316068454585	0.012351370805637437	0.016189736406659983

Biplot	0	0

Site constraints	0	0
