Eigvals	3
28.954993433979034	24.269304687506818	13.85255219744729

Proportion explained	3
0.5177545422744185	0.36374048718330576	0.11850497054227563

Species	12	3
Propionibacteriaceae	-1.9382456780664754	-19.025332711494833	-1.5021930247801076
Staphylococcus caprae or capitis	12.945041447097028	2.4513607109261617	-1.7703110266313544
Staphylococcus epidermidis	-4.8558904208076905	6.652021218187214	9.114864851149871
Staphylococcus hominis	4.175105839173417	-1.8295232187495305	3.475700010608917
Other Staphylococci	2.9441906985355684	2.5244136301363516	0.9040015030663722
Polyomavirus HPyV6	16.811558469536834	1.837640670729691	-0.6213673008560456
Polyomavirus HPyV7	-1.2597361436137084	-1.7192249947888527	0.8253986634983972
Merkel Cell Polyomavirus	-9.935125166181049	12.074779386016143	-5.747443345966907
Malasseziaceae	-6.2211179008351305	-0.8107725998169201	-6.451504703410265
Corynebacteriaceae	-7.068452790726049	-0.03924858254687886	-0.8400895771504434
Micrococcaceae	-10.864914558524607	-3.5102674239653417	3.61756046996924
Other families	5.267586204411881	1.394153915366792	-1.0046165194976928

Site	1225	3
X940001	0.003050222464701275	0.0021588672109809403	0.004142833213568365
X940002	0.007614645634428288	-0.0105633198638861	0.009690394874278627
X940005	0.003092318894801045	-0.011854329252357139	0.020583350925449297
X940007	0.016657924068160752	-0.010039626691682136	0.005071955007420384
X940010	0.04688500386603282	-0.00020147673701665609	-0.03433933805824788
X940013	0.007044435356333813	-0.0024439346139479563	0.009577606651412543
X940014	-0.09199133353619536	0.14712421544963328	-0.07404819913047879
X940015	0.030644992632818693	0.008123503636267406	0.00788490578360308
X940019	-0.028098199407522582	0.03671778448378344	-0.05248583601050591
X940021	-0.024636487715239516	-0.018647985770803052	0.008854069171881354
X940022	0.024538601726841476	0.0022598018845680712	0.013912530876239601
X940024	0.018008922802771606	-0.0011342426731620527	0.014196060385521207
X940025	0.023231464295249225	-0.013782064412024345	0.018165805995220573
X940026	0.005123945430886334	-0.028741442495647484	0.0031425155382130182
X940027	0.020097031103923885	-0.012816282809067355	-0.00805240917084102
X940028	0.0007497314974937473	-0.02753347837758488	0.004108244632961124
X940029	0.00566881039924144	0.010518320404450682	-0.005599291803556542
X940031	0.017637531838793612	0.007896591412421642	0.00776429699238957
X940032	0.011727718233082352	0.008814766505445491	0.007621778684632693
X940034	0.008037920238899337	-0.026284446280190506	0.007894929539061143
X940040	0.005498764926216816	-0.019571380336212845	0.01664786389312536
X940043	0.015926092582197706	-0.007829650206215897	0.005101933029879044
X940045	-0.07794977382558321	-0.08497320238719168	0.03156154102430483
X940047	-0.04124469837970017	0.0056409659125201085	0.022384792935537023
X940048	0.01124945502301433	-0.0051667033980209	0.024353313024608282
X940049	-0.003273733011381737	-0.002298182282276923	0.008897298453968435
X940050	-0.0321848305835753	0.004563645664366727	0.02023123440707902
X940053	0.002336509754933888	0.0012088420399787635	0.013636281997571859
X940054	-0.009260915853973829	-0.018608905374238517	0.006043666982849417
X940055	-0.08614461569085391	0.012390892664159348	0.062155434508773595
X940056	0.049307722285984866	0.04305328736222477	-0.02469782892105208
X940058	0.0029708083996759925	-0.023944112918447624	0.011890604690830055
X940059	-0.001244256242704083	0.005922141820987014	0.017647640747069517
X940062	-0.056671896164434694	0.015281046327098532	0.030280734708181396
X940069	0.009790964722179805	0.015787378906937835	0.005163429740302011
X940071	-0.05837825350933686	-0.009738748420073317	-0.06999034418154008
X940072	0.014203430290626637	0.010215852626648442	0.0019337832684475753
X940073	-0.0404087219707179	-0.12451416640681086	-0.04797554322240555
X940074	0.01958098526142504	-0.012979586276724134	-0.00715607463016265
X940079	0.034450389615905616	0.03204966893261405	-0.04174240414289016
X940080	0.001856708063685802	-0.02632879066353724	0.002463383915016992
X940082	-0.09157587311390142	0.03807684378417359	0.035136129532847955
X940084	0.04440115725489437	0.004053835664773621	0.012242601275700196
X940086	0.007133227732337134	-0.008658360560125583	0.00668117133736729
X940089	0.014082604502317318	0.0025505836173518362	0.036597500648668374
X940091	-0.02676221919537179	-0.12648751826024202	-0.033687044307612386
X940092	0.04916270870917089	0.006690935515341681	-0.02700140184076567
X940093	0.0142796836965975	0.005295299607267011	0.012547081297195704
X940094	-0.024761121625104028	0.11779373455810561	-0.13840974802127376
X940097	0.006164684691072119	-0.011549608638654552	-0.0016754844445632461
X940102	0.014776580578808079	-0.04302674610850463	-0.0029153554837899488
X940104	0.010475331960235788	0.006818904280358973	0.0014041370314630329
X940108	0.009864042959812544	0.011070549303255697	0.017646469700311578
X940110	0.04262390478723901	0.04453103425667548	0.0187618561279137
X940112	-0.08258194754399376	0.06675679196621977	-0.03797249363199617
X940115	-0.049021036809724694	-0.010394703797294689	-0.013400712680641023
X940120	-0.00021079681395950978	-0.01147698342677681	0.004932384577624595
X940121	-0.12213292319002139	0.03412891528886242	0.04196165279790462
X940126	0.009936480098155896	0.020133481089018444	-0.00037837808267393114
X940127	-0.0006364052159060475	-0.02192542428535995	-0.017209436316646124
X940129	0.0022970246573172062	-0.024396658906345004	0.017688384128629452
X940130	-0.007060241867769581	-0.015163733468126876	-0.017208948438736615
X940133	-0.01241723946403235	0.020850794278869506	-0.00617819121275933
X940136	-0.0008727781015738118	-0.013525210936357631	0.009202448993026805
X940143	0.01901165136678682	0.008160322031782323	0.0029021931934808723
X940145	0.0012851543141751856	0.004789881483991527	0.0009150194795064663
X940147	0.01510123539601215	0.008572164700318394	-0.012185541021286106
X940148	0.011018304108434188	0.03228795881801734	0.002938440992187402
X940152	0.022728601740234732	-0.0009904426776432787	-0.006642827648753946
X940154	0.004298572712746399	0.0236976665734982	-0.0031374349064314665
X940156	0.007099196949211772	0.0010995586098368278	-0.0013537659386327768
X940158	0.004354576098270855	0.03242824766921833	0.004812318276135214
X940163	-0.037726941474282266	-0.060932864551794724	-0.0247891969008211
X940168	-0.11421113277243024	0.017156114006388813	0.056170672056763016
X940174	-0.07302478871511368	-0.07549733567629273	-0.10031501990607708
X940176	-0.04603065076385361	0.010848675023109785	0.03852250313947001
X940178	0.014177710047443138	0.013694010920942435	-0.02800114247612399
X940179	0.012194445085382252	-0.016811986962167874	0.011885053062631814
X940182	0.0031477606868190243	0.014589093361694335	0.006699619983548016
X940184	-0.007751738067200023	0.04128166597338893	0.013195288503910538
X940185	-0.043282016208252026	0.03776707638281517	0.013773572560853554
X940186	0.011483532576701573	0.015813271958650784	0.0007669264053387006
X940189	0.012167759027499727	-0.019457899151187428	0.0013284154789287871
X940193	-0.05908922613007383	-0.007403278714866669	0.05120086010326801
X940203	-0.019399649545023757	0.017157189036692493	-0.0655415769519889
X940211	0.009043538811916703	0.019090096481094058	0.014037534908093598
X940213	-0.004656535661107105	0.00470086717792388	-0.00215361082616291
X940214	0.01388529572193584	-0.02683207376142676	0.015600701177242543
X940217	-0.0017820564392496483	0.034987053432413935	0.0005110735867546124
X940222	-0.03518595454020608	-0.022767044911715502	0.05064394285829347
X940223	-0.03780553857669741	0.043930794530866575	0.015105744536659076
X940227	-0.03367405091072453	0.0429462756324104	0.02398632032713804
X940230	0.009030386965606391	-0.017499662815244038	-0.01741936813992259
X940232	0.005290300037689585	-0.012577668035702814	-0.013786914942841877
X940233	0.007544691637700697	-0.025960138638825913	0.0028185940592253497
X940237	0.00999863887885477	-0.03229925311168092	-0.02249414327714638
X940239	-0.010925192149985063	-0.16559227373530322	-0.019851743605056118
X940244	-0.023233345173979934	-0.03122606902563917	0.008988225680380501
X940248	-0.03302896835443033	0.03328336115257746	0.024313993539100548
X940251	0.00023827147568571507	0.026171262569581556	0.017745408319211207
X940256	-0.0026317625158922696	0.015548052289901715	-0.0028109953673353073
X940259	0.033250689772574	0.017161854843642885	-0.025822069083760935
X940261	-0.003183622193857908	0.008727880148678143	-0.0015661731737480332
X940264	-0.0073458789589393985	0.045099077075187524	-0.035645164307547446
X940270	0.014512182757436046	0.010080164849896368	-0.00971508537028802
X940271	0.013814284631204158	0.0005673008913298039	0.02243863360163486
X940278	0.025603652329956608	-0.008316004058683544	-0.006257572772679648
X940281	-0.02665670514470675	-0.04588220328034755	0.011775133797800997
X940284	-0.018505876942996033	0.03825689384205313	-0.013152164452964384
X940286	0.013776309887962088	-0.0708460410220379	-0.01636775184443438
X940287	0.01841444556704171	0.0031205302986338813	-0.032319420966718956
X940288	-0.020214581670757223	0.017347671050173413	0.02257139875333528
X940291	0.019010135599717107	0.002706472252370921	-0.0007120185434570239
X940297	0.013307154880498792	-0.001079191982223106	0.020123216609206046
X940301	0.010618773025703786	0.023362588045340124	0.0035780734291629237
X940302	-0.011329559402029553	-0.00940028253219587	0.006394004599330598
X940303	0.011907796094943161	0.00993736638955861	-0.019807271971479697
X940305	0.0015278723067939028	-0.027498261929664335	0.002993542850741645
X940306	0.0018158840405735394	0.019331900923513366	0.005549244512852483
X940309	0.01659096114707478	0.014181015027705994	0.02206253314582105
X940312	0.07131655812070828	0.013860645266100743	0.051634871056886106
X940314	0.014959350176216286	0.0012820889350264439	0.015315406881343318
X940322	0.017587553732653412	0.04262861640585235	-0.04093820827489314
X940324	0.06515460609043597	0.027790992194767904	0.05528879623328581
X940325	0.028800422415640212	-0.023055112503133874	-0.014755100616023382
X940329	-0.00816734533627546	0.0012578713524141474	0.01737749189648612
X940332	-0.054854677715138536	0.002640683530860708	0.04697912177046502
X940335	-0.045401419420793225	0.0010438055375956792	0.015415765780183667
X940338	-0.010034655333395811	0.039003364912259385	-0.02421869903667979
X940339	0.027254985156646983	0.008285479440695652	-0.0308712068416956
X940347	0.021659946579943162	0.003414241748001531	0.002456861055617162
X940349	0.022090188275664672	0.004956664248591013	-0.008127984016162371
X940351	0.007255355789237888	0.006206482171547638	-0.008896893646210598
X940353	0.006769711910584292	-0.06572467524270988	-0.010840338395530837
X940354	0.031113196743615727	0.010525593476607609	0.006414462353265186
X940355	-0.05766965184139503	0.03713967468467164	-0.036152666984694035
X940364	-0.031482079600426816	0.006752607921502889	0.01931658420728132
X940368	0.02503901695325118	-0.006727576082375355	-0.022715173379969842
X940374	0.002028782400725684	-0.004167715489204153	0.005609482063173985
X940375	0.010925890195170896	0.021567413797687302	0.004798631899151883
X940379	0.016188367662277877	-0.021669374724590355	-0.005341755766364865
X940383	-0.02341775390861148	-0.02838858966288999	0.017253824462485197
X940391	-0.010204456099376672	0.009887124881650772	0.0026297858859448157
X940404	-0.0040264231573158265	-0.05607481395007741	-0.003117010026613167
X940411	-0.010535105406745756	-0.0743615820794422	-0.019067052244889974
X940413	-0.0007103194086701546	-0.04269987210441186	-0.015233804726260194
X940420	0.020263669354247844	0.012138361617911417	-0.028527124379388875
X940443	-0.09262563252671459	0.005306571920514281	0.020152018672186182
X940444	-0.00908222244965802	-0.021038765026227188	0.009440445142564891
X940445	-0.005441730108987986	-0.027007833442500292	0.01199080274561979
X940450	-0.002787324079897666	0.010347647449815318	-0.00048503021905606946
X940451	0.09257523235885494	-0.05073788738284726	0.07500824616627774
X940456	0.008115931391027243	-0.00097667550820244	0.008558229584661738
X940465	-0.024051074803628083	-0.0430761563792868	-0.010409921699560003
X940466	0.009026769765692987	0.0021885159678650483	0.0055647722305490295
X940474	-0.007108044475738821	-0.04486905116836984	0.025474124439614495
X940481	-0.009128307659723715	-0.026231082395407126	0.01598685621283039
X940483	0.0037429911301055186	0.02034687072901924	0.0035592537517170385
X940484	0.05012195835494642	-0.03250777802959973	-0.01933935704288334
X940487	-0.044151735340292424	-0.04415627161938234	0.029281393267108307
X940488	-0.016524696903558626	-0.04483051536542023	0.05464825009683097
X940497	-0.0907543760283294	0.021530247374578138	0.029576376821812737
X940498	0.00160029754285092	-0.07149963955827852	0.015267679735729126
X940501	-0.07417988289902912	0.022492908306622195	0.024140036060806815
X940506	-0.10119157611690124	-0.006891321859238136	0.03836876485731987
X940526	0.003804998809623338	-0.006608780728746565	0.03202643237195346
X940529	-0.08113235146341002	0.07855285281171871	0.0077987013070321964
X940532	0.006101682625408206	-0.06041343410551034	-0.00827577680847862
X940534	-0.002659361047910162	0.017237030092727743	-0.008069444007300683
X940535	0.01843450262596722	-0.003087042600096114	0.018109724803361916
X940540	0.01559916979859656	0.0016962105112235558	0.009342990923183258
X940547	0.008561342401313685	0.02306125154274553	0.01641698166449466
X940550	0.01600690550259591	-0.01069981634682581	-0.006736227600376575
X940551	-0.010098539077209793	0.043490934009262835	0.018406471722341278
X940555	-0.05499984972786894	-1.7977865282298186e-05	0.02916668936062197
X940558	0.023973548570185715	0.01272045458172235	-0.008765081137840035
X940560	-0.020052160119806692	0.014255297607412995	0.01864685383540543
X940562	-0.041763388900879085	-0.02609814619542053	0.04399905458366684
X940570	0.016025209603895956	0.056731029070313035	-0.01486651178187733
X940571	0.0404466148244918	0.02281900102973874	-0.004665002575335261
X940580	0.007664284526470555	0.009645254036602128	0.014610785999609417
X940584	-0.08755558817675835	0.010471111056327146	0.04057775353584054
X940589	-0.023743604261318895	0.019033736376751324	-0.06072164523214711
X940598	0.010958598216647386	-0.01120399107705169	-0.011618097548863747
X940602	-0.04853695992490903	0.0412170024947654	0.012926464437887452
X940606	0.005551152247495411	0.00539952199712064	-0.009410038432343424
X940612	-0.09675476606038684	0.017955362790473068	0.02096855639267608
X940623	0.015883393939029107	-0.025215285594166994	0.002962254568499244
X940625	0.0712969500088899	-0.008004615307186925	0.009041540459110828
X940641	0.023361623273197952	-0.0025401388188362084	0.015934111347056627
X940642	0.011024948404393407	-0.01016012854698441	-0.0110107926843216
X940648	0.013066932701426011	-0.09059245531200955	-0.012077228595467369
X940649	-0.04737323689169624	-0.04520614779790304	0.0036756653454561145
X940652	0.0028219456265419786	0.010745239269190722	0.0021283052648040763
X940662	0.007383447993095001	-0.006593450473872462	-0.002892748896064787
X940665	0.0013047550822382372	-0.008238479136725459	-0.004269816325689582
X940674	0.006992913254501411	0.0019120376073815304	-0.002955333017932967
X940689	-0.0607830120165942	0.04782848133557762	0.00018251900250549694
X940690	0.012462564329582902	0.014607866982229573	0.021482939027766112
X940692	-0.0011333019435540055	-0.013852229521147825	-0.037332860937817666
X940696	0.029501732513856335	0.021697968644400094	-0.020322546736142703
X940700	0.00895209717703353	0.012538201399437602	0.020814009808861708
X940714	0.03289031854809197	0.013670444098596047	0.019161916997291813
X940721	0.038542793371963535	0.01168965311519875	-0.11953654198292789
X940727	0.0034449311103241253	0.02809268513063849	0.007720235123880721
X940748	-0.009387141981714142	-0.027276542415360622	-0.013350155873826824
X940756	-0.07031155940526766	0.005166066613323751	-0.007435536605568184
X940761	0.02463496691715117	-0.013688132514008983	-0.013284529941385494
X940763	0.010203550351116999	0.004481960971913197	0.0007884349687985253
X940766	0.011010757329627094	0.01994941537879333	-0.015112511264320835
X940769	-0.014494580789142147	-0.05899139784635441	0.022388210011176326
X940775	0.030646215642925377	-0.009407138730044756	0.013888439268396656
X940778	0.007935067737554598	-4.013993049178794e-06	0.017282763252153277
X940786	0.006435196121987258	0.022223776975911713	0.0025800142655502756
X940796	0.017150392285853956	-0.02007550531439373	-0.0114975477100289
X940816	0.0035470619522821683	0.011804233439173405	-0.008151791105458814
X940819	-0.04876318737192349	0.03887658574899499	0.0031698166221428097
X940820	0.013607993359048748	-0.006051875480027125	-0.006238665818193342
X940826	0.0024298624273060504	-0.020618360851640323	-0.0437272493712902
X940827	-0.020753080541110847	0.014306534391167332	-0.04462074159534729
X940833	-0.04799741916874208	-0.030020292339237767	0.02578337331689796
X940843	0.0076707906527285425	-0.011499208308171669	0.007544770458831837
X940844	-0.03087978290524556	-0.04047871195180042	0.017517540276512394
X940845	-0.04293276256080077	-0.012777127288927732	0.019663608074724295
X940847	0.010101784162599181	0.005065324514803174	0.00027165215911877474
X940852	0.0193947088196564	-0.0010375112777984237	-0.01325817777117779
X940863	0.030731019862533498	0.005944233835488188	0.036685126353571636
X940871	0.021324823408207436	-0.017356840194801132	-0.055449682252078206
X940875	-0.010280248675267894	0.01887882504814817	-0.04622968116228897
X940882	-0.026854249282126607	0.00955483238703427	-0.025495492577323184
X940889	-0.001269803922969678	0.025351302572240345	0.022004763524372414
X940892	0.002155232030838318	-0.025812141609441626	0.014850330518583634
X940895	0.008347301458282864	0.01380171739595086	-0.010653725279572293
X940907	0.007093392251357331	-0.0021857808913029186	-0.006924776335818834
X940912	0.013293395200086211	-0.00634498781353235	0.006539512441995375
X940917	0.032243575321377865	-0.000531020346946722	-0.018012725270750637
X940925	0.1170290959448279	0.000753914151181909	0.00796292989582659
X940936	0.05316250198623538	0.0011719233142598916	-0.010520735501916961
X940941	0.002653241058720716	-0.024654397693291426	-0.03464712747948488
X940946	0.0014785970862725628	0.0194988979043236	-0.009746261298198392
X940961	0.008114030793684024	-0.00854379358128543	-0.0008521237443036482
X940966	0.0007985096208139292	0.0035680407409043684	0.008516286151092302
X940968	-0.0176010080411904	0.009254660493209043	-0.0006306156152841328
X940984	-0.09752646707214402	0.015715264948187722	0.06531875660649147
X941001	-0.002394172868896237	-0.016838968826088024	0.020840735793024343
X941014	-0.013380909315271774	0.009600627761210869	0.04577332858303434
X941019	0.009001135136266809	-0.024046995921679887	0.007356542851821955
X941024	-0.004149238405959444	-0.0008567713628377139	-0.006436534683976955
X941028	0.006089395231331608	-0.03696482436866659	-0.004801008031744614
X941037	-0.07351510177376544	-0.02384252024314496	-0.0020725132585163166
X941043	0.006141777096495947	0.004804811222122948	0.020518463026527115
X941046	-0.013590109915433309	0.026946735698755445	0.005260572307959608
X941049	-0.01359963922609348	0.008730127041416394	0.002755019508269809
X941051	0.02185388992705468	-0.008455417812160531	-0.03373989645669053
X941066	0.017674413526404135	0.02489182754632217	0.011552882642076236
X941074	0.011772729380631492	0.04604870903872372	-0.004815770868096339
X941079	-0.017702828540216008	-0.009245019471486161	0.0003630993735247858
X941080	-0.009487662205560783	-0.05645303867782379	-0.010988677965489817
X941091	-0.02006609066370962	0.04592318143811574	-0.022476571627978174
X941095	-0.014164611567634008	0.013366214190576473	0.015799139108772394
X941106	-0.012287306792890178	-0.022031919927628582	-0.0015128529567586123
X941118	-0.003481535508311379	-0.04071972971983678	-0.00692153984249963
X941124	0.016069753954007414	0.015046267396850511	0.003590439796685215
X941134	0.009553609578324112	-0.01296327620149796	-0.0017305588754558208
X941144	-0.01052153458819541	0.008655367598353099	0.027233358735604604
X941153	0.014484054264744282	-0.05204116083764585	-0.012995733571538711
X941154	0.030366217002709032	0.004702832180047997	0.03585590220456968
X941192	0.05817949938101567	0.024491113415020232	-0.04544931617063026
X941202	0.0366631477856775	0.011082345798123045	-0.04379427532901903
X941204	0.003332723289358795	0.016376653603082495	0.009016132193878229
X941208	-0.013554458060835948	-0.028342903946708076	0.030940629378698563
X941241	-0.008064540310815485	-0.07654844455222812	-0.020925825629025167
X941250	-0.006760655204567808	0.0013384035456646746	0.010989518740607995
X941253	0.03066280298458851	0.011598925749048845	0.0033078953766367157
X941257	0.060966884651266595	-0.006657360386057351	-0.005910369044303598
X941259	0.0025740470174545884	0.0013221483288312623	0.013191254605760552
X941265	0.03632295412950564	0.030322033033941608	-0.042375184374611075
X941274	-0.015556794032913449	-0.11889023768923267	-0.01639314626630216
X941308	0.005702983253576087	-0.0018009781225206852	0.0019410309171605617
X941315	0.027310175624188686	-0.008920670807088388	-0.049757811557150124
X941320	0.013247588571389224	-0.02465646073123054	0.000951435183039339
X941321	-0.015857294770433187	0.0034899213158455173	0.04596623146406618
X941367	-0.06128716443888007	0.01938042786786734	0.033800616236659836
X941373	0.007732657963053112	0.009911013040542125	-0.011394260436911404
X941384	-0.09099641831599539	0.05230636005975972	-0.028242816711285795
X941385	0.031195847223075307	-0.016484846974994062	0.012489219826985507
X941392	-0.048244383286929794	-0.0007883632695301852	0.06436672024214216
X941398	0.03476997177042004	0.006815915434945957	-0.0001855042938569713
X941404	0.024237458035260465	0.003623090158736073	-0.0036973024959528074
X941408	-0.0005352035373567237	0.030155975886227718	0.016022466411215377
X941422	-0.025090283190482017	-0.005017591466783646	0.0113070220426623
X941439	-0.005504542384983359	-0.006174002516505316	-0.0027424590611566484
X941445	-0.0025806458800947613	-0.020999049829084182	-0.03509367522014315
X941454	0.04127725390165978	0.026786635165666914	0.011019566848200347
X941460	-0.08613294096518703	0.017555389665468626	0.02018136232214521
X941462	-0.009448784146506179	-0.02741508617207621	0.02315231369585912
X941464	-0.02821340004089612	-0.027176880976756017	-0.012509872885288726
X941503	0.03981240467753011	0.04769203927286204	-0.011767634349195387
X941519	0.012978974809137083	0.004245600990592024	0.01912570772215945
X941530	0.0405094876810367	-0.016994500135796363	0.0001012801982321609
X941547	0.006361817447339483	0.022514021863989146	0.009753012118923115
X941582	-0.06457395230497227	0.028865549792553364	-0.07126168636367548
X941617	0.02009313023483848	0.03128558550129726	-6.908132502605845e-06
X941623	-0.05364906199055276	-0.0031063221352066028	0.011911978524412828
X941624	0.01388827326143549	-0.0013898869920396075	0.010964980813649258
X941639	0.023686061911083384	-0.0010688860576929828	0.02027548221180979
X941680	0.0329811030964617	0.0034524410971448725	0.038231558805111636
X941684	0.01616698878527225	0.01564298068844379	-0.00010067525467092364
X941709	-0.02857041666867656	0.02670502348292586	0.02332643218957464
X941714	-0.029601574225609117	0.014160207036550408	0.005745590322062065
X941715	0.013088201390153327	-0.0005889476854166976	0.017292463812292616
X941738	0.009402447552385916	0.005771987924325701	0.02943521743699229
X941759	0.0063238369758846	-0.03406456666350854	-0.0032552519512039106
X941772	-0.05693723975329835	0.009932655024643992	-0.08955395528668647
X941774	0.007518757749225208	0.01731973629777972	-0.002851309166203692
X941807	-0.009497164448759527	-0.026439073857377548	0.006094393615516133
X941813	0.05933634014359492	0.03633402708707356	-0.01763169867180623
X941817	0.0031239013561742152	0.01953772044474061	0.024176864793355318
X941887	0.0010630180114683634	-0.0001031793666348998	-0.00724157051396915
X941902	-0.005661218085214029	0.019512883767942118	0.026539302350874143
X942011	0.009476426566818873	0.021116875949989625	0.007342400536861312
X942026	-0.01741697460738858	-0.05105253977259986	0.04820582683891536
X942039	0.0018478535900625927	-0.014282139164526551	0.005600799162037917
X942075	-0.005276807733138941	-0.00452626695127896	0.015107266435005626
X942094	0.0005562391636923474	-0.021519316895627312	-0.00297926363143747
X942128	0.0024410857647312744	-0.021558470433606074	0.01409560670916677
X942191	0.014731375304020883	-0.0180300838586531	-0.08409667009560694
X942237	-0.005661621661805647	0.03419738571809533	-0.04960455180819664
X942303	-0.039597861515823785	0.005825099012055225	0.03355243502182789
X942319	0.04894802959104976	0.022220881230911316	-0.016904421808462373
X942359	0.013542958053446784	-6.521886593625946e-05	0.02176538761628246
X942398	0.011309438268825264	0.007030594293738279	-0.025570361159861745
X942402	-0.03744863109977803	0.0005377951466502696	-0.029056302733138927
X942429	0.002691782631307739	0.01833790860255133	0.02806861613456618
X942467	-0.012593089820068199	-0.05218195793014623	0.013443635218105715
X942487	-0.008979968696219857	0.013254969232014966	-0.016555171051971906
X942489	-0.03029203643381505	-0.009118909845359997	0.018484387343802988
X942490	-0.01845430222610613	0.020451233811578498	0.018484975989190914
X942504	0.0025407983722895533	0.0008987017464788394	-0.0003015179955713644
X950002	-0.027730486261844753	0.015701607370744265	0.030706035029759063
X950003	0.012034505090041944	-0.02651264827981135	0.0005275067523110264
X950005	0.008545546590565794	-0.0016507375875016081	-0.004554775131708499
X950006	0.005433000940832332	0.009080146274067556	0.027465651170540995
X950007	0.03061293616434852	0.050928911903034634	0.025847507028925847
X950008	0.004374438509135651	-0.010960636165078422	0.034611932029313466
X950010	0.0009049876445318156	-0.007913095972081034	-0.0024033548295185683
X950012	0.0037491667806409637	-0.015156410737462725	-0.014953025696253364
X950015	0.006511397268630258	-0.022033564606820828	-0.007439714643934116
X950016	0.0036474498324696528	0.013321866625557116	0.032536734147097984
X950017	0.009716874116126432	0.0027939561212917616	0.010476236089228817
X950018	0.019624712516845704	-0.006808785973488404	0.015645244530810697
X950020	0.011124643841221079	-0.0022393390881594935	0.009122931531297113
X950023	0.015362148648665187	-0.01110870032654582	-0.0984784043425763
X950027	0.011260873927142602	-0.004642516594979193	0.01153530236378398
X950028	-0.01466459620777289	-0.03818363588159878	-0.12675501389767685
X950032	0.006555784488572462	-0.002720634682693996	0.02764887180933691
X950034	0.01472611210332408	0.012975006069662147	0.027291178615351238
X950035	0.00914664777132237	0.008271973390218635	0.003668739812905935
X950036	0.0016004765117226354	-0.0018755982855889477	0.012138973069651319
X950037	0.005675315726278481	0.0031848984283020416	0.002075428469704085
X950040	0.00611440411329621	-0.013680527455623289	0.007987562167918787
X950041	0.012774012145515146	0.0019355181811994218	0.01684262842807994
X950042	-0.014950251885392299	-0.018251010706990117	-0.02320328834497963
X950044	0.007232796182745342	-0.01533017487455483	0.016695126797458937
X950045	0.006131297632023756	0.006828488657883273	-0.004243693325620311
X950046	0.003004552592447236	0.014356497754344312	0.015354302499177259
X950048	0.0038891953760114163	-0.019371484991630744	0.013878539544268024
X950052	0.01573510521389622	-0.07393185962060163	-0.01807385061518596
X950053	0.0005430418303276188	-0.026765281638390877	0.013358642978087613
X950054	0.01105416919590254	0.004071239002695173	-0.003317886124726404
X950055	-0.006592555742991671	0.0270735028110726	0.023093692895377597
X950056	0.006570361903606269	-0.02196569435128478	-0.10009660152095465
X950058	-0.059402975977235095	0.053390448180051	-0.06456131572598699
X950061	-0.0007418917495281763	-0.015844771095469994	0.006258818666326661
X950065	0.006962495877630663	-0.0012856072045124658	-0.0006187041941863929
X950069	0.011495756254648489	-0.0016989344600535138	0.0011568616048046325
X950070	-0.0106235866390913	0.014893367963268248	0.023919926973801756
X950071	0.013346795412373437	-0.019846834318164596	0.0023521431560028696
X950073	0.0056780905620473915	0.0019359939945057007	0.03595213949315442
X950074	0.014135962096319015	0.011784573881052746	0.027488477102016736
X950077	0.013465845219076176	-0.0024573669087279283	-0.0005929611032557648
X950078	0.009653957110240464	-0.011860241779810208	0.010607380895501024
X950079	0.007981817684476027	0.0011408587299395225	0.003288347464146276
X950080	0.007435663239711171	-0.016210151207571088	0.003265047449832167
X950083	0.023274607444889427	-0.0006639067788483065	-0.0030933560384411784
X950085	0.008520329429551518	0.00445276955816734	0.012468288416529286
X950086	0.007165455519407995	-0.011872309098457021	0.014085486838373714
X950088	0.0035732700652207293	-0.022710815365132985	0.03222081842450137
X950089	0.003610002891479908	0.01368520128634239	0.02469898975595586
X950091	-0.00862846568151294	0.034766028751801535	0.01933562686432531
X950094	-0.05113981483435273	0.013251700434999488	-0.07869306396745253
X950095	0.018294449250557177	-0.02208543192917515	0.02134943995692347
X950096	0.0091758266134249	-0.009093196787021978	-0.002805865231421405
X950099	0.007741114004031498	-0.09946357429106059	-0.014064085440259774
X950101	0.015356209543628012	-0.01917011573120732	0.0058763154713410625
X950102	0.022579558638238097	-8.261301329435413e-05	0.006533179118845546
X950105	0.017277793255412753	-0.0017002784633741862	0.017741296252308417
X950110	0.01957642285516226	-0.022534765220950933	0.008593998709352704
X950112	0.002205604006885023	-0.005703747230559342	0.037481427592848865
X950117	0.013452372210727663	0.005580678131162638	0.01600333531508331
X950119	0.029783515799466895	-0.004761056741946269	0.015986497424282767
X950121	0.015412206841902792	0.004189913056822411	-8.99121139354631e-06
X950123	0.033945187602993	-0.011195409613727779	0.01172933413760126
X950125	0.011697678803661907	0.004612875538230123	0.010316457190906566
X950126	0.005848309353201484	0.005297720173111726	0.006346926636764074
X950127	0.021685220526323733	-0.003131032050638188	0.016652171322672132
X950130	-0.009524610080220876	-0.015193253883100746	0.025619847992182525
X950132	0.002172532603774126	-0.009864284758385342	0.012853502883905096
X950135	-0.004523047699510891	-0.008334551440359021	0.010184345668745435
X950136	0.0011454121106474254	0.0003760894315762562	0.007494253467672972
X950137	0.01593361041608246	0.01361451190402656	0.010336164828034431
X950138	0.008499212349719105	0.006054255415782776	0.004644226555872945
X950139	0.010296634274091646	-0.012760097411003125	0.03418580502461955
X950141	0.01635509306302276	0.025068128762112753	0.002858845372487968
X950142	0.03230416922492254	0.027170016067020252	0.003569418447994494
X950143	0.021462110466542967	-0.0034426742430168082	0.002313087943384443
X950145	-0.005055927705466143	-0.007750314661451717	-0.009969782691732067
X950146	0.02152176940431336	0.008566289338229685	0.02519728713411216
X950147	0.021077952639110314	-0.009214553471865823	-0.007809893267045151
X950148	0.020447767784925713	0.01673614356231446	0.021076250627273738
X950149	0.004781852635549028	-0.015195128444009148	0.018333775564944126
X950154	0.008966983008919687	-0.009539728828472293	-0.00031137305254190506
X950155	0.022207117163263818	-0.0038640139234055832	0.012800383527868005
X950157	-0.012232585337601966	0.04136373752634876	-0.09437203363653252
X950158	0.009072354032328271	0.0005185604639328712	0.013261370258581883
X950162	0.002596106892569563	0.0021462491942413862	-0.007588743595293241
X950164	0.006424554361700806	-0.014662825966275342	0.014048772698140791
X950167	-0.004440024490532517	-0.026639061894208747	-0.011106060841718756
X950169	0.00939158412195691	-0.0011761609068473827	0.004312745876105207
X950173	-0.0020261627451921686	-0.047264622252043906	-0.04295392896188878
X950176	0.005498222095975247	0.004385603965291352	0.016005992347814944
X950179	0.00209737733692362	-0.02341398004817597	-0.01624226970534129
X950182	0.0074968323592440895	-0.011045136360450342	0.009648050518979646
X950183	0.006272581687412787	-0.047451812960471136	-0.018223529904033076
X950186	0.013097535570397629	0.009786182347996844	0.029337782341797274
X950187	0.006867088594600045	-0.01347226494046605	-0.000502590254674205
X950189	0.010680623047795353	-0.005838443122970715	0.02223699015200259
X950190	-0.04357469982014985	0.0034051254456433284	-0.002936164514491015
X950191	0.027237002434248453	-0.009279694381658057	0.013910421239651489
X950192	-0.004716596795461623	-0.052929346308434023	-0.045567706754346675
X950193	-0.033836919041526546	-0.04153958386072444	-0.060887951308081514
X950196	0.01003103405985275	-0.0031166578669256637	0.003078319891277575
X950198	-0.007444858817916884	-0.00023680452868362343	0.023017441062372947
X950200	0.004985361518904808	-0.012359889444636611	0.01608540541892621
X950201	0.010395908258062024	-0.001781626110517284	0.007627309328599274
X950202	0.016163922575787127	0.017720952339509766	0.016895274586851562
X950209	0.019257490629999426	0.007006056137569026	0.011549643720095301
X950212	-0.06782779064277644	-0.009294279182985877	0.0039179139590811846
X950214	0.0009167142668547367	-0.0028745333979478416	0.02302626571763199
X950217	-0.00011677227596359162	-0.0038698209245420726	0.007214715533263811
X950218	0.0027434236190383814	0.009870871333486405	0.01922856502258374
X950219	-0.0013601757881211505	0.00034371912085672175	0.004268846966203148
X950220	0.011080132093536569	0.005871725720339872	0.017498287158437445
X950223	0.008994824523624509	-0.040613382125920305	0.011143860020272317
X950225	0.0031281081620601675	0.00557586320365761	-0.10340082114907301
X950226	0.006997163040258031	-0.003726683168331323	0.006600613749617587
X950228	0.00021377346640623243	0.025901715073071343	-0.08265500014340722
X950231	0.011658483523874922	0.002622748875796816	0.013769362930608722
X950233	-0.020062126174681786	-0.0026711496167796897	-0.02234248471858003
X950241	0.007070055579182998	0.004126967855187056	0.01949310760598049
X950242	0.01109144770658429	0.002446246973307974	-0.013540777749777515
X950245	-0.0577003733642676	0.003860984997060946	0.046344587961689464
X950247	0.0010786989598796232	0.012399225557091982	0.0016418725323451107
X950248	0.006426683019863228	-0.005829731555101109	0.0006595940189119133
X950249	0.014606958989403456	-0.042650686625112955	0.01425107658754313
X950250	0.020171891375730194	-0.06295349341449262	0.006188938092041759
X950251	-0.01075454411625605	-0.003659599089350726	0.018594391583575072
X950252	0.01231857496187248	-0.002378610554757949	-0.0006972677745938998
X950254	0.015419520176008197	0.005499448041213741	-0.028070050570697048
X950256	0.004525819633330155	0.02057622171124734	-0.00451727125065226
X950259	-0.007443473806597764	0.0019660007292030407	0.018135834469324544
X950260	0.0028751914371639097	-0.04077831162293227	-0.012358077899384822
X950262	-0.0229892357580514	-0.04756745738632252	-0.006936993461879554
X950264	0.005300066246266073	-0.00200234829139355	-0.0016079681793176712
X950267	0.007769219204801369	-0.0010992156412006724	0.004833482271912379
X950268	0.01438609033630786	0.001981164167453317	0.032463948673989496
X950270	0.0016904343176251222	0.01144328796397238	0.0328377180467054
X950271	0.010402720554222896	0.002969293331231132	0.0067685798578137075
X950274	0.004404674327680308	-0.023675299744216276	0.017453655590266785
X950275	0.01813106719941223	-0.023156067228433296	0.02499648707719393
X950279	0.02460057933190371	0.01579991246885962	-0.025693371179095183
X950280	0.007242261035498395	-0.002545864906491822	0.009000952926591503
X950281	0.015464841111878482	0.000855999672622643	0.002732796805241208
X950283	0.011013851643741709	-0.01233003681764742	0.016858037137282927
X950285	0.013756426400416896	0.0055941296875858795	0.01620820340562996
X950287	0.008574783391232748	0.014998393293093777	-0.0039029609257855108
X950288	0.016534344391928253	-0.026730682482325723	0.01256177667553827
X950296	0.005370812313355882	-0.015641611717569823	0.0039951859393419055
X950297	0.035181592674392456	-0.006389538240572612	0.02486082033561035
X950300	0.004031347181053805	-0.027515720631969758	-0.001202689773104995
X950302	0.012089292969955078	0.01063349825256712	0.014355790283626003
X950304	0.014434017704584802	0.005571261510322011	0.014416539202400507
X950305	0.01144969561203386	-0.03098323723372206	0.01238966906935359
X950306	-0.0010060107709217163	0.0013058580992592987	0.014989720840328942
X950313	0.014880663668294361	-0.010756499698315613	0.0320567253946393
X950314	-0.01191438898726708	0.02810288452749957	-0.0013985895600239038
X950316	-0.018756702881029402	0.018483372068763573	0.02829470223566448
X950319	0.007010760981589446	-0.006929232068444324	0.013336872549961317
X950321	0.03060219861079378	-0.02733280329307744	0.003021109628908866
X950322	-0.015384509852429187	0.004676871774807705	-0.015006086710742939
X950329	0.015715499998052086	-0.039865343411270356	0.008053625603524977
X950330	0.007810765942503315	0.0048345200582049315	0.007799052400308418
X950331	0.012339681865587673	-0.013612353710270262	0.015197375770064716
X950333	0.02279189864263786	-0.0013363055534521449	0.006561844694307542
X950340	-0.0028055911382333155	-0.014956530703111239	0.01974368707061696
X950343	-0.0023815758902897906	0.013454482421416853	0.018507687220012854
X950345	0.03053697615396151	0.003612544249084449	0.003786844546444834
X950348	0.005011334436793623	0.006450680522866023	-0.004047275897228651
X950353	0.02026242506096918	0.0013118721602910527	0.019374547697664828
X950355	0.0059441732064757545	0.003820863880482946	-0.003356785415489019
X950356	-0.07053535769527569	0.008885979435170088	0.01717244569822298
X950358	-0.022178207897394137	-0.003821526208254356	-0.008122389737584003
X950359	0.020718213630850642	-0.0031366992058946583	0.004685901091649272
X950360	0.010924793871070194	0.0024299433971279303	-0.006516751373737323
X950361	0.0093330168541682	-0.016134524851168272	0.010777983036469733
X950375	-0.004881710403201955	-0.009265161063762982	0.0019147938693962131
X950383	0.0041878882480841165	0.0074274478100192776	0.026715849605845696
X950389	0.021692523247623705	-0.0014119510226986876	0.005003987847373328
X950390	0.013390217941209884	0.007953741682462148	0.009934643395191244
X950391	0.002675595343734554	-0.012600326505770683	0.008490211343518251
X950392	0.008700234271179637	-0.0046859554836678335	0.005255534214432901
X950396	0.01899350090052982	0.032973017355646894	-0.15753073487249175
X950400	0.01915961011629781	-0.003694977314838697	0.01663247386831373
X950402	0.025276269164502332	0.017281939980590497	0.02535884580465069
X950406	-0.02908634246937492	0.033353658691028194	0.007753222657946846
X950409	0.016990726807600044	0.02870079522044898	0.020031170468552947
X950410	0.005891231161308405	-0.022705874405176126	0.003582542203683987
X950415	-0.022372119181986488	-0.11227484592574435	-0.002832645029779786
X950417	0.0019686851872376095	0.003645995538512685	0.01363039942232309
X950422	-0.036019142200610324	-0.007284589577909441	-0.0005111241367518905
X950425	0.014909453547957665	-0.026193217802519476	0.007740406133607575
X950428	-0.0437780664974527	0.010518776609338707	-0.035372690326577055
X950430	0.014841204271723165	-0.001816405824279283	-0.00436173284255705
X950432	0.009412513062099835	-0.013017221670203092	0.01726452679547788
X950434	-0.0011707780252958081	-0.004450325712587587	-0.0038571705687226714
X950439	0.01525836343966455	0.00991635856602865	0.03513495368250985
X950449	0.022217969885949884	-0.019019212820113502	-0.02710306049837857
X950466	0.018413217531587454	0.011160596474194482	0.0043198765618685095
X950474	-0.029998689615757728	0.015898920088545602	0.024045800676483247
X950477	0.02734878376379368	-0.012145036579973213	0.01842599610202763
X950478	0.007514363130647475	0.008157662193558835	0.023876514516114847
X950483	0.005183461918375322	0.03149629618547088	0.025827419940671073
X950484	0.01932327396857953	0.015696460578573823	-0.011342032088917717
X950485	-0.014707351180317895	-0.014407980337548346	-0.07844442735557955
X950490	0.01888628915322786	-0.0022610595351941513	-0.007853614678705496
X950491	0.006043950600286516	-0.004847144600915635	0.008023771061662962
X950503	0.008512265161136377	-0.003880140463064698	0.011238207654851522
X950504	0.00216064330691094	0.017674121506132512	0.015205886136936785
X950509	0.01629783202471194	-0.023495810265667924	0.023792321023008628
X950512	0.018901019789078717	0.00916228125891521	0.00495631281673634
X950513	0.03012627975679967	0.015348804727188095	0.0297721937483555
X950516	0.0064516993606665305	0.014717056467016126	0.013915076291157236
X950517	0.010191707922119807	-0.02484170847603281	-0.019376972442120013
X950521	0.009684641595284227	0.00425390488140573	0.0008575837343822493
X950525	-0.002014041813596459	-0.007576128045475452	0.015856399714761892
X950528	0.0006736056625079621	0.0012627172831832863	0.014618501909294099
X950535	0.007976140742914401	-0.017957495862384106	0.01687144748853044
X950536	0.004480202615301085	0.005478467451577008	0.0021072114475209737
X950545	0.017830846994364304	0.004916430824599741	0.000748187576903387
X950548	0.008700293740732808	-0.00031550110047192043	0.004650175657356358
X950550	0.001355547362755205	0.03126185706868159	0.012454595079102689
X950554	-0.013468011574181172	0.03339242852418922	0.043203600977048146
X950557	0.011844637868877865	-0.0014004417995955208	0.009353054046436158
X950559	0.000715604692687312	0.00191264958190327	0.016257736182313836
X950563	0.00679301520141195	-0.00657480712893021	-0.009142086865080909
X950564	0.011434215504065898	-0.00023265689054136345	0.006577748083059382
X950570	0.010768425936330532	0.006668171871354288	-0.0031079910883162515
X950571	-0.037129658306027685	-0.09940855068985602	-0.03380341783550328
X950572	0.009319713514059691	-0.00821117736662295	0.011350938849752561
X950577	0.0005527976361208198	0.0039652766607276	0.02179765597241755
X950579	0.01114769192215875	-0.0028403430329518816	-0.011584922992189764
X950584	0.09095878077410152	0.013882056389720466	0.01646252561623009
X950592	-0.004311017445694275	-0.0006099148515139862	0.0019868664527863534
X950593	0.007288502213554945	-0.01466639531679032	-0.004938915959996217
X950594	0.007462512800763801	0.00026624717576601936	0.015675575584037083
X950598	0.008065260968319382	-0.002390716023243618	0.01547793906170981
X950602	0.01693958209229465	0.008148906845010087	0.0019621903181940843
X950606	-0.003447479239638282	-0.003336107092317255	0.0338344196933051
X950607	-0.017440325676479705	-0.01615207315090469	-0.0153340445133803
X950611	-0.00036533246862999094	-0.0009887959912640218	0.015031045739934041
X950613	0.007252527455389815	0.006907579009509433	0.019860870436675712
X950618	0.010677252616870817	-0.008706243006515721	0.0149776687328981
X950632	0.012455865811025018	0.005982663124785019	-0.006831823066476093
X950633	0.0006199267935521465	-0.024840145592617623	0.005232625868952413
X950637	0.012609289685365156	-0.0025752358683918744	0.016422327382025648
X950638	0.014457145803251983	-0.012516637216936953	0.013488585696424926
X950641	-0.0002851751571308072	0.01472048446134392	0.0072990820854409695
X950642	-0.00470662243556694	-0.01422474952085643	0.010486392773301217
X950645	0.017285837504025563	-0.003215683721775276	-0.0054758149460588145
X950649	0.013825896480332304	-0.0056122843873808595	0.03483333110730411
X950653	0.0017335406932332171	-0.015167654987668996	-0.004006960125433534
X950655	-0.008600252062444467	0.025710314426968955	-0.010031094162154447
X950657	-0.009438312981302942	9.116274113109526e-05	0.009414802318491223
X950661	0.1315641204104753	0.0076483590842576785	-0.006375377483342086
X950662	-0.10689042220687306	0.005305362417655746	0.043672845568542826
X950665	0.012077467533345123	0.007971346430933028	0.003384253042092263
X950668	0.008406005374942193	-0.02135055296063945	0.014138525113076821
X950675	0.004698108462616429	0.0041915926292196955	0.018101953496635386
X950677	0.008828809529793293	-0.00234009843976792	0.01746415722688537
X950680	0.006479141608674459	-0.023805124237487072	0.001021197575121109
X950687	0.029965509713354734	-0.0056426585307909	-0.0052845154318176685
X950693	0.021060299360355146	0.0027775512024664673	0.007242535344760965
X950695	0.008384425182314444	0.009033819653082717	0.013781960183012696
X950696	-0.007772336284490438	-0.0036858074950532377	0.024220561399464147
X950705	0.014664988388296656	-0.006585149900542304	0.023859129298171883
X950714	-0.11240159537075264	0.01922285674785309	-0.017644972185211813
X950726	-0.015368742422595965	0.019808499768937067	-0.01387582925464723
X950728	-0.01748822132201269	0.017260370290745876	0.02482043464495518
X950732	0.010354701086361195	0.008463062595057582	-0.0015871406834683235
X950736	0.009592087621689328	0.02087363699120819	-0.0013778287940391532
X950746	0.012278581186454593	0.007190335801283197	0.011922331585203495
X950747	0.001690501237974791	-0.0001712111531517641	0.003045252619176838
X950752	0.007658540310709527	0.0015870713955140415	-0.0181944483460292
X950757	0.0161063370755169	-0.04002443914393997	0.016794376201347848
X950758	-0.0021276664574982297	0.01163123362168103	-0.006019163173876139
X950759	0.005878749210760297	0.008384279274091334	-0.0015919522828538423
X950766	0.02193260434323676	-0.006255305348456615	0.0034334045245860284
X950769	-0.06099996339062328	-0.03237551664515258	0.07413641663426954
X950782	0.0016821211884944884	-0.004648928143513213	0.020121854591578784
X950784	0.013377542830306245	-0.0015950090149274051	0.0010473798448219767
X950789	0.013829601296822107	-0.0043232401727453474	0.00609783009557547
X950796	0.0035668205469652956	0.0032184553828217646	0.01185073963839825
X950798	0.020555675097476564	-0.016626321683630374	0.01678771354505444
X950799	0.016161733205228658	0.0014555788671560765	0.0022717091751910095
X950803	0.005231306561932346	0.007497222123053968	0.025991891540268125
X950804	0.006203826967568376	-0.010797591050958063	0.014864225071117738
X950809	0.014949947628620286	-0.0018437758306778685	0.0285285293908306
X950810	0.005164381838210242	-0.008980634280212587	-0.006647467832598876
X950813	0.013340869950249225	0.015961506675922575	0.007840131976427132
X950816	0.00458124890030513	-0.06630992184390662	-0.01678288492373616
X950827	0.0007852667504590414	-0.02753088037386807	-0.003841278053487025
X950838	0.015718760541045897	-0.010847139525784769	0.008682800982683422
X950841	-0.0011407539632011692	-0.009689724077533494	0.013652917317336024
X950845	-0.0010050072990979535	-0.015981781684391533	0.0017733615720028268
X950846	0.01410599251146822	-0.004079951940389671	0.022340203215731096
X950851	0.04463588422294529	0.01782107175290259	-0.02131861883467335
X950859	-0.0012218788709970957	-0.018776902330314888	-0.04525076445128256
X950860	0.026676776688571584	0.0027801923738052397	-0.0065581791167255935
X950869	-0.010858820754531713	-0.03127180311239042	-0.022891616955810493
X950873	-0.014484702749102065	0.0015544957809340188	0.02794591579860873
X950900	-0.026707975779140275	0.021341276352668935	-0.006801424470981038
X950904	0.01191938142289756	-0.008378469936956054	0.01680001088647955
X950906	0.009091775749538906	-0.03351620894037677	0.010589250546439395
X950911	0.013094175952791129	0.017157530570682523	-0.004941235620227094
X950914	-0.0018370456941625831	-0.008959620030988652	0.01938917816627673
X950921	-0.04585498444982286	0.02356786621093425	-0.05937540186841271
X950925	0.0033495815319267187	0.03755931877569126	0.030948392920331805
X950926	0.02721043280521224	-0.003876441039995312	-0.001164987500480383
X950929	0.008688011653994916	-0.01047370603555811	0.0022235372895082466
X950963	0.010307154386879585	-0.015149930195025113	0.0207401327703669
X950966	0.011845298270655984	0.004200188873103377	0.0014470748557445698
X950968	0.010126225334006773	-0.005335527883918629	0.038893924722240576
X950987	0.021411646125642503	-0.0029936969458994895	-0.004009031725436379
X950995	0.026168326013569443	-0.006496351530085764	0.022418590817745238
X950996	2.880138333857538e-06	-0.017747177606469065	-0.004931687268355689
X950999	0.002803444747861886	-0.012659332135911602	-0.03465728579512823
X951002	0.012311692561295197	-0.009104447125913432	0.011088998184344665
X951018	0.010251076215534442	-0.008680116748755464	0.014400689770930753
X951019	-0.03480493382030351	-0.027588956942981066	-0.013147026125196526
X951027	-0.007745453901674112	-0.020690409206631444	0.019793298155482704
X951030	0.00817485484428649	0.0018745736614510118	-0.018308900746343927
X951041	-0.007631101989868546	0.02553412167448394	-0.00226789688840219
X951051	0.004596393724901361	-0.011397152921205776	0.021927815866188034
X951054	0.01183983754004178	-0.014300760175451458	-0.008379562836253027
X951055	0.015994437325035783	0.01207775048530015	-0.005866029960448833
X951067	0.009646365288328067	-0.014087503457392916	-0.003880158601739143
X951071	0.010408681712371456	0.012757748151810648	0.01740693525031472
X951083	0.00029323827504226487	-0.01702528923491076	-0.002344349530744759
X951085	0.014970315971952244	-0.04388818747091687	0.020908975452007216
X951115	0.0017002908547307939	-0.0031284858400184045	0.007007257289799229
X951141	0.016438899250556718	-0.01639118052977517	-0.025197774094397007
X951144	0.013131874874117785	0.012034609438079371	0.04055670498575963
X951150	-0.012095927645920107	-0.00021309192121422542	0.029387139689113738
X951151	0.0035092611322379654	-0.017098566809067905	0.01694005518212865
X951154	0.02350230203990482	-0.0009056514525978405	0.011973132451460854
X951156	0.002528436809146182	0.006796253522836205	0.0063873849878010504
X951162	-0.01240280453069212	0.010236153529970945	0.009827129080516602
X951171	-0.0034415776905327494	0.010876651739113941	-0.01100009039935736
X951174	0.006649008700075436	-0.02753672931742523	0.010031318979738107
X951242	0.007805525271257912	-0.0022531292651865415	0.005136055152691365
X951273	0.011318992840537589	-0.0049262319629053185	0.00048154798248269717
X951284	0.017537002032887144	-0.0033782455268036166	-0.005676564094801921
X951317	0.005330428527076643	0.014485503565898554	-0.005037191173124055
X951318	0.017481967071302288	0.007612533883041041	-0.001637757300582484
X951322	-0.003944933616903585	0.0016256999808938232	0.004984638577300972
X951337	0.022243247356712622	-0.005152993472360049	0.00939246868878564
X951365	0.014821388429849867	-0.019660138785230187	0.023760518602237206
X951409	-0.01871632684722076	-0.032685293210004816	-0.015768245098809083
X951429	0.01400148411966297	-0.016143367255509883	0.01192511420807854
X951457	0.0024006292263022604	0.029653469407750467	-0.013316092559168857
X960001	0.004727121901719325	0.041543249458650705	0.013409769725554195
X960003	0.010451626961032249	-0.010264121765767584	-0.007829909956899353
X960004	0.009531183694450331	-0.027502096181216656	-0.03131115046711025
X960005	0.011781792427804255	0.022516755376744375	0.00020224479203443448
X960009	0.0066688446727710265	-0.0020487273547111456	0.005605149521386873
X960012	0.0015271279760957393	0.019456945071584113	-0.00862487066927255
X960016	-0.04607682198245695	0.01664732450744374	-0.04408269936349718
X960018	0.018787565177513618	0.0024931400301633584	0.009360457414118985
X960019	-0.012516605211664146	0.0968022670663295	0.06806473933817599
X960020	0.052436608023664906	0.03523957423555115	0.002565734635818556
X960021	-0.010221462235578928	-0.0029506006542251687	0.005028433499254237
X960022	0.007566181241064796	0.006658336040307195	-0.002151617023484908
X960023	-0.028450345921545717	-0.02429663642578398	-0.016481945468123028
X960025	0.005754717405729877	-0.03886577295211566	-0.0198598523242608
X960026	0.03444836871022055	0.006595402726074991	-0.01921777928918245
X960027	0.01593245318631858	-0.0019834591801878468	0.0105435173048794
X960028	-0.07108293366662638	-0.03485718655422203	0.03393939140471552
X960029	-0.0028775544702301097	-0.07846201818622911	-0.0167777185239443
X960030	0.0050379858383362225	0.014106170027496678	-0.0020011898771065116
X960033	0.03057857809907524	0.01831501899552162	-0.0139819361720441
X960035	0.014139299684258085	0.015886467471064356	-0.04381869880317407
X960037	0.004107727081230305	0.0013471379121182498	0.007406786504078873
X960039	0.005516426720696837	-0.0021111471007458	-0.000305340048311676
X960040	0.004689980421514387	0.0035988652071076255	-0.022455617423451618
X960044	0.019340271584338597	-0.00012248947413826864	0.0007713268123178649
X960046	-0.004494304021937287	0.04786523026298351	-0.09018595964851975
X960048	0.04144298528616233	-0.027879175056168756	-0.02717931673264255
X960049	0.009594953761293448	-0.0463011461102656	-0.006941172794093909
X960050	0.006476982411178294	0.01578605537751513	0.00501398360095396
X960051	0.0007002973538421307	0.011593594473046942	0.015647949458428678
X960055	0.013254574037439555	0.002975510069130273	0.009457695227146587
X960058	0.0157423758533396	-0.015535745782137055	-0.020524429996274185
X960059	0.014278158509825672	-0.016628249422065818	-0.003976684635996613
X960061	0.004005245689439514	-0.01808450710577273	0.014926924617534903
X960064	0.013196940499158328	0.011391805884234817	-0.000117343201370928
X960069	-0.00701935505177402	0.019295037358112766	-0.02576087118043024
X960070	0.014590431357307065	0.024790683955843707	0.0033326684698448635
X960071	0.015393886840521035	-0.0006743301246888045	0.0061828833532255835
X960072	-0.015538190269334057	0.02217440668488637	-0.007359600355056087
X960073	-0.022834852069923393	-0.02147470094331964	-0.01875788484535051
X960074	0.007951777647523433	-0.01116071927425862	-0.015133461823784831
X960083	0.01369459119683197	0.0229240534178856	-0.004465204142089442
X960086	0.005621369621333098	-0.023601331606242504	-0.11164884659682335
X960090	-0.007645394527499303	0.008976902236550687	-0.005089655639553081
X960091	0.0014356144810291724	0.013668362090948065	0.038462108824986754
X960092	0.017134904211608425	-0.004379481220350392	0.0224180378623501
X960093	0.007757295798898822	0.01980381444134359	-0.0022897931751538975
X960096	0.006251431708591163	-0.057740059983499833	0.0034225647906523183
X960097	-0.0064087594471995335	-0.006444104249738417	-0.008982339277877296
X960098	-0.0011977245781271027	0.012977467557376103	-0.003514584723468682
X960099	0.01067545931834518	-0.0023129622768712885	-0.0016866600780397706
X960102	0.008630537906749587	-0.007200505242930044	0.023059687007352288
X960104	0.003817842597320875	-0.028828821053562066	0.012575186143635462
X960106	0.019790074189194352	0.01817407585693199	-0.005457213461119043
X960108	0.010094508979278412	0.01092673916762389	-0.01385894875424112
X960112	-0.08752352694793665	0.0006521768592526115	0.07423537091822605
X960113	0.013369155188679288	-0.022888350315911275	0.005331301207978062
X960114	0.007866560789770093	-0.03503657543155934	-0.009507361185200451
X960115	0.009836340994740057	0.0041518611495558674	0.0026567757758179443
X960118	-0.004152580967628127	0.034379781979471995	-0.0405583641012852
X960120	0.005088733459105308	0.009069426109650572	-0.004142773379172959
X960122	-0.04113217669192699	0.019984530486704708	0.001406563469558062
X960125	0.010684912802152101	-0.023673949064845243	-0.013393163737191443
X960126	0.015862548791100495	0.032070384973336453	-0.03033606368811857
X960129	0.007466927091253793	0.04467256682355336	-0.01369380178155467
X960130	0.020114139358582472	0.02427255959136459	0.005234096670225295
X960131	0.017761773971901606	-0.007856420868122056	-0.0010003617952759913
X960136	-0.0010355816847281397	-0.03834809087185092	-0.0023992207443677377
X960137	0.012513270494913145	0.025088692799075513	0.010707269133948745
X960140	-0.006160953456002172	0.014488719887228765	0.02200218842480391
X960146	-0.10917485935747874	0.015893815312213486	-0.09421808729518176
X960148	0.0020265339816519135	-0.09639141256036599	-0.03528766523193181
X960149	0.027335474909046656	0.021414106062172165	0.03144686177488381
X960152	0.03422764802808397	0.017281131814644243	0.009524560802552531
X960153	-0.027140166382088184	-0.08526110021756886	-0.03781170069185527
X960154	0.009724692436630133	0.03175438131670566	-0.0010834397679199785
X960158	-0.061259544639082765	0.053504111708260325	-0.07810215822414238
X960160	0.010743087315784204	0.02303124877572381	0.0461354825503232
X960162	0.014457354348071688	0.017861053344078306	0.010592968391111136
X960164	0.009459390910769201	0.000769599219203928	-0.003970684772082953
X960165	-0.014436751576440367	0.00916979865454576	0.018015199882637833
X960169	0.0173895637707379	0.013841336977886599	-0.012778538447138457
X960171	-0.0039043644185844727	0.05680582630331306	-0.04317153506726808
X960174	0.012262071009124294	0.025308849959113162	-0.016072803741442994
X960175	0.00698928568144499	0.009761012605935858	0.007549934949601563
X960176	0.006227931005911933	-0.021175893319889692	-0.027707102639957334
X960177	0.0017174719428679286	-0.0031917955226796954	0.02498084579356733
X960178	0.019995655400066342	0.0055643491462800355	0.0038532054022272577
X960179	0.013014126928956038	0.02243750579196978	0.0021830279808554773
X960180	0.019726350590356934	0.01741331418724699	0.021654712096854132
X960181	0.01795197801855621	0.02474047777102312	0.012673502339203134
X960183	0.006688697583272708	-0.0036127730693351337	0.009681022675074051
X960184	-0.0005118913025527704	-0.020893973729647054	0.0054206185903748014
X960187	0.027346581933011753	0.06674631771963625	0.042097775596675144
X960189	-0.016124708377641468	0.018261949528339254	0.017003734834296503
X960193	-0.07722475070096099	-0.15476317362184952	-0.020543836614375255
X960194	-0.08548025722494948	-0.05380056527312207	0.04431154559363224
X960197	0.007289935685660809	-0.0060068619352607565	-0.0018503937171645076
X960199	0.019499275161298766	-0.016876913083296495	0.0077548978313299296
X960203	0.018383354151857892	-0.056913604774118755	-0.001345062415852345
X960206	-0.04988425082813551	-0.030406149289235886	-0.06039512516892326
X960208	-0.01776700277746309	0.006247068077566354	0.028655329229877506
X960212	-0.0025300521831387915	0.03055527451995164	-0.005745704004173287
X960214	-0.0076358369254868564	-0.010361173205512306	0.008477321684057489
X960216	0.01589797239609667	-0.0031043421198149825	0.002824376452420651
X960219	-0.014613606165792943	0.07358060358239202	-0.07125295145386636
X960220	-0.06821412318820064	-0.03813974166426547	0.002849355822520402
X960221	-0.0006377211336492602	0.03583125344680039	-0.010613320817399042
X960222	-0.025265839057850025	-0.007966776870082308	-0.008023524062425806
X960224	0.007976841420035283	0.023712682893960547	0.002141688271616293
X960226	-0.07532014804524705	0.02749068206229334	-0.07181163704272914
X960229	0.013260897184644837	0.01830006368660633	0.008592114074565874
X960231	0.017263727754838396	0.0026518671549384185	-0.0041482868012426895
X960235	0.02096245871939702	0.03545858148320459	-0.0013127286557340914
X960238	0.006924440462815531	-0.015864200396073763	0.01941288946626545
X960239	0.023832784318917347	-0.011984097248092363	0.013900710043306955
X960241	0.004255112743598339	0.002821582791509466	-0.0038250997692934187
X960242	0.010360886880953477	0.006288873007777511	-0.15751991934578088
X960244	-0.004572539093378253	0.0119843527800654	0.00417461035328685
X960245	-0.06439069515482813	0.028427918310426622	0.035516379441793026
X960249	-0.0038881278031458674	-0.009018890833641505	-0.008488895556323959
X960250	0.02867139075704176	0.032342982797339735	0.009608209997617799
X960252	0.04006263528788275	0.023081117164109037	0.0010485129651940039
X960254	-0.009125288660863736	-0.022937240300404355	-0.015624687456964917
X960255	-0.012854634073309484	0.021217135388331733	-0.0055734074482366265
X960263	0.019199880492486374	6.707357503810565e-05	0.0021781683219989877
X960264	-0.02527935650883224	-0.004639066514018781	0.003916883719179132
X960266	0.03988242829934304	0.021530301106131168	-0.009252972624592888
X960267	0.015163106339693226	-0.015886000465238432	-0.012912637651276461
X960268	-0.0012211474466728366	0.007319110999775992	0.004327763542380691
X960274	-0.0002754020710737697	0.014066627410202441	0.009126135835483393
X960276	-0.0058445387771115164	-0.030967880891133746	0.008704880783876084
X960277	-0.08088869694851852	-0.07083015763192295	-0.0038996804783536514
X960279	-0.03726555769895424	0.006221438484375491	-0.06166056734004047
X960288	0.012415098567798792	-0.00118887821031993	0.012780151763790083
X960290	-0.0030445056758287453	0.035527667121790854	0.032712666850368784
X960297	0.011777704559291915	-0.0004353117856468793	0.0030775105204090725
X960302	-0.0014993788947841409	-0.044308382656014944	-0.007000507836165911
X960303	0.02121302942189336	0.018643463467280404	0.019857653856557078
X960304	0.017192176458605685	-0.005645821440717039	0.009641959954448758
X960306	0.056479320402229735	0.027705731890986456	0.014487157584469734
X960309	-0.11122009430518535	-0.010428941489807433	0.0357747807174471
X960312	0.035813100957746515	0.057170665868654255	-0.007580437047223964
X960315	9.037796927316782e-05	0.04524042788656228	-0.0011496622297035763
X960318	-0.011048082346346714	-0.07686890942907333	0.004020877585029766
X960319	-0.017811717203488397	0.030858455384857455	0.016069032283287227
X960322	-0.02616752866106395	0.00024075195668535565	0.017508691429573214
X960327	0.024160190278349775	-0.05690667089598187	0.0036272392869459258
X960331	0.006813699288873988	-0.047671387373798085	-0.028699634341922724
X960336	0.019794152333095748	0.009206333807862151	-0.054301258691355866
X960338	-0.017778589010387633	-0.03243061110805465	-0.08046959323414278
X960339	0.009771820226118562	-0.013744256944270356	0.006315330389864319
X960341	0.023355562150506323	0.03425940716396614	-0.013157680944101765
X960342	0.02363324592611853	-0.012029867206777945	-0.017074476653436806
X960344	0.015768119720468366	-0.039562691317460534	-0.015395409646388282
X960347	-0.004684616692206088	0.018195456311157456	-0.0030340378377308273
X960348	0.010015885961296756	0.025499923958538458	0.011801280132448345
X960350	0.0011968880285678726	-0.028522558938341883	-0.007827225062148625
X960351	-0.003689225127975387	-0.015431931519686201	0.014524614614523734
X960352	0.02067611542502483	-0.041972475161302696	0.0015306372689209864
X960353	0.010660691149522804	0.027467959135383344	0.019953504230681922
X960354	-0.018353896365459706	0.07176431479486436	-0.022177450708675897
X960357	-0.034694618758733725	-0.009307680537072182	-0.004031666523566453
X960360	0.011014540289456132	0.11397994378369875	-0.07081818278214153
X960362	-0.0018167796861700753	0.006882221192537428	-0.006391029937581262
X960363	-0.012432346687115787	0.018394541501401122	0.018228573737648125
X960365	-0.002944301051931782	-0.010286226396216264	-0.0002311123984253379
X960368	0.0008720690455721103	-0.0035581072434156726	0.013199423347843625
X960372	-0.023090100480002287	0.05387112269690765	0.015630954550463056
X960373	0.0107596789811098	-0.0009474134511960543	0.015367014205784995
X960374	0.03480628013771249	0.04070863762285991	-0.07234827307195774
X960376	-0.009277434550926575	0.002233009323013927	-0.0373331346147378
X960377	-0.024401385799837926	-0.030843864490943843	-6.48251837878916e-05
X960379	0.0028843706045502955	-0.009731266873954493	-0.011097963894219671
X960381	-0.01911521304030532	-0.08703088496372506	-0.051863183162487975
X960383	-0.0482507460162304	0.041170577490485354	0.011554859913081184
X960385	0.058707418275758635	0.030555895720836144	-0.0281045962785513
X960386	0.06839239912062185	0.002962372236049514	-0.003325577487346808
X960387	-0.04384682753920464	-0.030675808589624022	0.0357475727303799
X960390	-0.00224430518451228	0.0020327034115944108	0.02125447535322907
X960394	0.0011716295703443809	-0.008830988270599601	-0.0013096794717939403
X960398	0.001510965339769065	0.0329445153438757	-0.0022867647100440164
X960401	-0.0026980830264737594	-0.007572909886793166	0.02408163129405284
X960403	-0.015711380042799428	0.0297546922483786	0.009186030214221208
X960404	0.020543096794158718	0.032710382834720844	-0.0013090752233009724
X960408	-0.016516192334156	0.09956595726344591	-0.010542578521647365
X960410	0.007160603341083918	-0.037363802723293094	-0.004740496836359
X960411	-0.011381095708662874	-0.03640011577928707	0.004042577149101152
X960412	-0.008019629286278722	0.028024203179216372	0.0121466410285709
X960414	0.02871187376025137	0.012453684978991535	0.00153330471232296
X960419	0.01345329578329789	0.018135395306438252	0.0053210730087299655
X960421	-0.05025723879073157	-0.08555471813987663	-0.06915857090917353
X960423	0.0034202400363679093	0.005075810575960846	0.0030178300971388755
X960425	-0.029929103623844818	0.02299760646899306	0.04841342995460093
X960426	0.009795438507146838	0.00194320161266115	0.0014564254659400315
X960427	-0.02256398752937058	0.0322001113327129	0.010607589931467216
X960428	0.00994006258724715	0.005927712865497319	0.0023239921893933296
X960430	-0.004161710753114898	0.015782815370578337	-0.009932021074079221
X960431	0.030823617241298878	0.017091648022495676	-0.0006636036198828844
X960434	0.0058467182271743235	-0.011430729707384778	-0.007684968495468725
X960435	0.01061706644949393	0.05232087791123291	-0.06810833405975429
X960439	0.029386055131903486	0.026750624206680517	-0.015190914289812238
X960443	-0.1016329015592823	-0.0032922718879115015	0.07026199542970653
X960445	-0.0006791850107079979	0.008911790357575397	0.003964038017977199
X960446	0.012281840628639592	0.025943822279484878	-0.0009809413901109777
X960447	-0.006586838799892361	-0.052607723932807056	-0.0023750663442118113
X960452	0.008303939662862253	-0.02445908972067663	0.009616744750111123
X960463	0.148225628695416	-0.012930307498385642	0.016834399203831493
X960465	-0.029311211211655232	0.03729673179041782	-0.10221107384742296
X960478	0.009034663913637298	0.010861951705864842	-0.00581722662539399
X960480	-0.006416294970494906	0.024077553292983035	0.017980805013132494
X960481	-0.03974624044695262	0.08428294303524217	-0.06005573749450598
X960483	-0.022233241126009728	0.006862826747134785	-0.010735699078436432
X960485	-0.029896274434507215	0.017689361561725268	0.02156362100348049
X960490	0.0027001130157416468	0.0015057378274906886	0.005720090009630045
X960493	0.0020148634679575993	0.0024188015617628597	0.003628020413529582
X960494	0.007124973440279435	-0.05727256070910633	-0.04175156772690542
X960496	0.0077406652987689	0.018592516000657554	-0.004687459740639025
X960501	-0.005713557373548879	-0.015081066384452427	0.029103588714627173
X960513	-0.01014698775840627	0.022598259730446314	0.018698284276034583
X960516	0.02178697174260144	0.002542241915833965	0.00801558886485162
X960529	0.009166412996482493	0.0059341935223085635	0.0029569089456896827
X960538	0.007754974097546419	0.03636142141535094	0.023068674910811483
X960542	0.004573144083111243	0.06711172198551013	0.017663875669058537
X960544	-0.12225844857858133	0.008430254061231587	0.14517357300341335
X960550	0.027366524164509937	0.016267268957709823	0.0024471030477815304
X960551	0.01490678460673087	0.022670788834221293	0.012369085397178022
X960553	0.002010582990555984	0.012489647657311101	0.003602871631035078
X960557	0.008184251714058921	0.006927722936316019	0.005919243113178707
X960575	0.05872530757766076	0.01896389094043287	-0.026154781181396622
X960577	0.009187285135024292	0.01803243433706131	-0.017680492489443533
X960589	-0.03374667633306779	-0.004040861257422845	-0.08004745044509043
X960591	0.08952110656049339	0.02186308077085995	0.06651734746342819
X960592	-0.09185359567926042	0.14015807571935063	0.1368812201533115
X960596	-0.008216982541941387	0.048366035775264486	-0.03188059061015997
X960611	-0.018591222821540722	0.02339536926464393	0.00510647936163859
X960612	-0.01771882697443162	0.029121461592568326	-0.05933163609903768
X960616	0.010547921894867352	-0.012538022880687437	0.0001981343178666996
X960632	0.004035341403174066	0.007146153389337622	0.005418341724833102
X960635	0.012002816861834334	0.008458474761598668	-0.007616103038039235
X960636	0.0010922148288949128	-0.014765415047663617	-0.020156855935611336
X960639	-0.05496458118468993	-0.015593855851272893	0.00936844276254958
X960643	0.0061711731729200995	-0.008233123019285691	-0.006205625416094018
X960651	-0.024084199497969305	-0.0032193385697684633	-0.020052493391555112
X960658	-0.08435704833363827	0.016033614283226534	0.03068536155595496
X960659	0.0195751310770278	-0.06197786376578782	-0.007872323466155169
X960666	-0.010512169510873977	0.0020751197359488304	0.01963402698582729
X960667	0.014045152317719576	0.020488262416349247	0.003205547008587829
X960672	0.005789221231447633	0.007927933492132855	-0.007897577933791452
X960673	-0.11831797237069949	-0.03411456936144371	0.05414436354255432
X960683	-0.00668255608758422	0.04527319407610699	-0.16782268625358127
X960684	0.008366669520696347	-0.028367606742108645	0.0052282858919577456
X960692	-0.02713552252760341	0.009684747167153904	-0.03809768067562582
X960693	0.017843497959659508	-0.00024648566858078737	0.00776522123432339
X960712	0.023047425068196327	0.02198237829502059	-0.02048025122122788
X960719	-0.00420558343030787	-0.007540474091483811	0.022789183031946218
X960720	-0.02547029924832485	-0.16411727553858943	-0.03323602960682165
X960726	-0.007684337705055557	0.03560979644047968	-0.02550620244501415
X960743	-0.011511881288118076	-0.12188301139636051	-0.02968341973223911
X960748	-0.009624120181688135	0.027467337051307883	-0.00031142006215548385
X960751	-0.0654023721452524	0.03837262414667254	-0.005230394177064634
X960760	0.0039247939745640234	0.0045158235625466355	-0.013601977327216505
X960764	0.02329636254507588	-0.012556841564798228	-0.01544755246611225
X960788	-0.04490918830913648	-0.03126359157344754	-0.010641794674879548
X960792	-0.07188373957196943	-0.02926486015452723	0.07320395790603147
X960793	0.051596212511553954	0.05442690764051447	0.05792056815165536
X960795	0.00043169030651366057	-0.016675054847048672	-0.00926929059166376
X960796	-0.039590507995326395	-0.007707479112039003	-0.019332850562028457
X960803	0.01181168941401431	-0.004211909474452376	0.020300934150486158
X960807	0.0032618904372159795	-0.02541000269468052	-0.010919147044654498
X960837	-0.012643533707520211	0.0039965202010100835	-0.047654917961577954
X960841	-0.05964936869309092	-0.09335290338491319	0.0038093659807402424
X960843	0.026177567380636185	0.024387886973231257	0.0011924556706260107
X960848	-0.12506308475345626	-0.01568563519562063	0.10906623147074344
X960850	-0.015886278943566534	0.00911645534215375	0.008191029031615681
X960851	-0.007926277857534287	0.04948760994240476	-0.11069736103363667
X960857	0.0034697587965795617	0.02632379953173	-0.014972678372595376
X960865	0.0035014504366799545	0.001223818167261396	0.04447617950796917
X960870	0.020434712184779207	0.02998430305316361	0.013881205915397378
X960875	-0.03942824938026774	-0.007052747833302043	-0.03754148495732344
X960883	-0.04297634146053967	-0.017173101754718683	0.05461395260353655
X960884	0.05308212880575181	0.005001871781228702	0.009695133443768779
X960892	-0.01643698885987593	-0.0554519380102512	-0.029159353811788455
X960894	0.017092795243384154	0.014852553357861184	0.029936390808399903
X960910	-0.0035776774859845846	0.023513350627458313	-0.003219579830535523
X960911	0.003124632183208636	0.01501605660836151	-0.007620889665337391
X960920	-0.10108384784613547	-0.010658076697518715	0.016633833561998677
X960934	0.1337612877429261	0.00832125767082751	-0.007351777105763824
X960939	0.01159876537396523	-0.0019573234029508523	0.002288317846113246
X960943	0.008249035965059071	-0.01503645786082518	0.012427818407374046
X960944	-0.040693955409894296	0.01379399995632765	0.022537447311909296
X960969	0.004987031470325393	0.029151360146820588	-0.016017489630885347
X960972	-0.0017230544628594666	0.01835067131621743	0.013894100619136105
X960974	0.012737442575675616	0.00229985569180757	-0.005870854003732937
X960981	-0.005732377445862085	-0.024413849149738535	-0.012160594675853698
X960991	-0.02818235034064659	-0.021269869649261017	-0.049934205678270636
X960998	0.029715284769072453	0.03120387191098788	0.0014439726559219645
X961012	0.03065760870789652	-0.016207857443411217	0.015390695360162993
X961035	-0.03684250494338208	0.019169841029205575	0.03139975832163925
X961077	-0.0030593633912153403	-0.03796581899086637	0.0035636665348299894
X961092	0.010977636350483893	-0.0011828457954453412	-0.02711111315037432
X961096	0.016173862032464067	0.03337042452120866	-0.019338448722824114
X961105	0.02136135944685394	-0.001333621975435099	-0.0009684050510294346
X961124	-0.01116007129845535	0.038481391962079114	-0.019892764815715166
X961128	0.011802110762051858	-0.01317425499292498	-0.026549118959316626
X961151	-0.010226960610831476	0.014958301556852552	0.01648360077400678
X961177	0.03647995569133183	0.013247866434379446	0.010631772814296276
X961180	-0.025500121558787194	-0.06442950588390069	-0.0335329167693424
X961193	-0.03854881275555308	-0.05469034183639684	-0.026596752239582765
X961214	-0.00540913133040158	0.01921864600470274	-0.0004208995309882238
X961221	-0.0020539249132316313	-0.0026598927297595046	0.00972391588333413
X961226	-0.006598407055263178	-0.054332449265151773	-0.013122492253993751
X961240	-0.02563403397709465	0.02131399698566534	0.010539584620448461
X961242	-0.010737948846184842	-0.011662220595583727	0.005835519395587365
X961243	-0.039776333011588	-0.020864549451744666	-0.17926213125980486
X961246	-0.0006678937564301266	0.02673853284089908	0.008153122282603271
X961263	0.007397252734189246	-0.002088249304521626	0.003940786859418611
X961282	0.0092372134285411	-0.00849471479365673	0.004618910048974604
X961321	0.006989424180677898	0.012014149857374073	-0.007861523226093963
X961325	-0.02017805793420086	0.018155274378710947	-0.10437501401058215
X961339	-0.0643490638377513	0.00179519753058409	0.01777817050392845
X961365	0.01124165372297681	-0.0263465856613399	-0.022219242063656146
X961417	0.018557262984328655	0.0389172779352552	0.0005847210269494113
X961423	0.0028236331748935943	-0.014336086222368618	0.003827276994038797
X961434	0.04617359859066289	0.01976617797894757	0.0021765804354640698
X961485	-0.005085950155053382	0.0077749460814216355	-0.02357076462850304
X961553	-0.004874313838146761	0.010662281469990844	-0.05343359655625753
X961577	0.00016492058682255448	0.03372485610710475	0.03537912043279566
X961634	0.0026756312750715384	0.014531949680237355	-0.03553873365527423
X961684	0.0047598021965225695	-0.0015097718884690896	0.001803247408687966
X961686	0.013117191899045417	0.01853389823206716	-0.10508764243183333
X961738	-0.05920488725076451	-0.030231635876968494	-0.0021374787958623916
X961809	-0.032346804602036004	-0.0033362637585602167	-0.006416978987381575
X970002	0.012773080808949505	0.00037722410356988667	-0.005656992330845595
X970003	0.004112279018933318	0.0006204205082949042	0.005093495213611369
X970007	0.014437668575550488	-0.0029656397522902487	0.02668210705160356
X970008	0.01874923226279703	0.005343653951884313	0.003442047755907131
X970010	0.003474777708212237	0.0030284663990408967	-0.004689792045738824
X970011	0.008411156809660474	-0.0037644653898859216	0.023833066521720566
X970013	0.0005885093800808478	0.004600907054432553	-0.007856930496628934
X970015	-0.010927176933002951	0.02669629767509734	-0.06900151662099185
X970016	0.009511528072928835	0.01219800277456451	0.011209976592514896
X970017	0.009320579511627973	0.00799842801426912	0.008192310502247674
X970018	0.08992027753200516	0.028603747975150744	-0.0028284981523236546
X970022	0.0027269143800736423	-0.038928056999998885	-0.0066804880100061635
X970024	0.002689226556849212	-0.0028181460965636096	-0.00800276536906331
X970026	0.013582093736867923	-0.008740617341144268	0.001294692832949733
X970027	0.006214018086942303	-0.0125627260038412	-0.0028193759057159058
X970029	-0.019895550591637865	0.004087263723591038	0.030422652480959933
X970030	0.022315869585836822	0.0054158939246997575	0.021583278192654758
X970031	-0.042602836740040485	0.01657549944327338	-0.052521425174512595
X970032	-0.08773853043818682	0.008030732487262666	-0.11558607490329645
X970033	-0.014890974329275589	0.014717623763204103	0.024734949212862505
X970034	0.021127350828999924	0.011196688739534423	-0.0032652833660226895
X970035	0.020576744429849723	0.016030692735683378	-0.0015540677545992632
X970037	0.0004164948729495402	0.02676479042643303	-0.0008723659754660255
X970038	-0.01002589651345064	-0.0032834869570651576	-0.009912005807419987
X970039	0.001380136477486978	0.005714376588565933	-0.0036892130913160075
X970040	-0.0351498043340165	0.009082083925239647	-0.010932153374977886
X970041	-0.008463774342286453	-0.009678066577856855	0.00463438515785624
X970042	0.008056451722092782	0.01189546099202868	0.014125957842017527
X970044	0.0014191326260990852	-0.0009789631050539733	-0.0008627850128825671
X970045	-0.030820709400459785	0.004987460665946014	-0.05291909599617629
X970050	-0.00025746463812327503	0.005904284739502082	-0.0041225803859119255
X970051	-0.0054979014337425925	-0.005128842645618499	-0.02323982503592221
X970052	-0.005329202290409772	0.013602083563415548	-0.005944848920714285
X970055	0.024746787017801367	0.002659256317109027	0.004105887335138365
X970057	0.03840557258200211	0.012401722777521669	-0.009153594244195979
X970065	0.012661529085910745	0.011399640259307686	0.008974524338028938
X970067	0.0010107169183603477	-0.0054257379880442306	0.008933308070094298
X970069	-0.0702583166384892	0.06588425965369828	-0.06986034773557707
X970071	0.010756022986816929	-0.005636637765624865	0.0034916120558931177
X970072	0.009542249524128098	0.015275255077518098	0.006180792271634329
X970075	-0.009231463424776301	-0.04125416111082892	-0.014439565919633692
X970078	0.010606855416664835	-0.008446086582109926	0.0033426778284085597
X970079	-0.024931704010707947	-0.01212287335092295	-0.03082336945505505
X970082	-0.007171146159361482	-0.04451653932073237	0.00013120910211291103
X970084	0.0018729536806651379	0.0015128325547884942	-0.02048087151881195
X970085	-0.0022901507621141725	0.009103322551645813	0.03239470834147396
X970086	0.009842227082501964	-0.005250087217753067	-0.001431651801038096
X970088	0.00933212028427076	-0.008134099519072893	-0.0017228698641461098
X970089	-0.00946820794029216	0.021379749907056034	0.028245875399096693
X970091	0.0006738833827602862	0.022216163337553715	-0.056915314787829525
X970092	-0.044630808958310134	0.0007599618628163487	-0.06198395913171725
X970093	-0.002127183307650845	0.009860747831992344	-0.0008711727069706253
X970094	0.009135148016570204	-0.0209099231607031	-0.01533554464431003
X970095	-0.016830643419157236	0.01660085376532847	0.0001974670261546729
X970097	0.011009430732247534	0.0256582815768148	-0.029403720892904536
X970099	0.008426213814667178	-0.0007982515567581663	0.010876827103745285
X970100	-0.059840694823519565	0.03590209579938061	-0.05890896659857303
X970102	0.015845843666372397	-0.024611556863611214	0.12959297736001368
X970106	-0.009189279167523377	-0.015046833620892139	-0.00018974682927197728
X970109	0.009214813918914119	0.009780919996238391	0.0009099625625711488
X970112	-0.0022486197511496827	-0.005443388456812118	0.007477703012953161
X970113	0.06010165341829296	0.017060142576273345	0.05902596603824362
X970116	-0.0028736170405448762	0.0022390599587602607	0.011519782396431009
X970118	0.02095206863841941	0.009881563372524646	-0.0016252241457114691
X970120	0.018215247552594904	-0.02008066982519706	0.035264081840069204
X970121	-0.12636849840585854	0.1862828925411468	-0.056314630591056354
X970124	-0.04370363081267387	-0.006878655984291299	0.01594888630974554
X970125	0.005902580661188763	-0.008395382259187257	-0.009408547222091805
X970128	-0.01108098379655453	0.07603651961370418	0.008702518410664762
X970129	-0.001350178593923369	-0.0025592708588322386	0.008077902841915693
X970130	-0.0019135851201890835	-0.00966138774341976	-0.0009797063873848734
X970131	-0.020301581548329235	0.09710101441587854	-0.014883767816981827
X970134	0.0033983473881419703	0.0030450423560461595	-0.009473826197682092
X970135	0.003159871458349746	-0.014040316719878253	0.003249428059335734
X970140	0.009580325480019615	-0.004335836212571076	0.006995670861558499
X970141	-0.008014533127291576	0.032010583808231775	0.02096265340590103
X970146	0.01451526702367534	0.01817362739683555	0.01548425350968409
X970152	0.04391941540336863	0.016571415418753538	-0.020479842541389015
X970154	-0.012150237690544494	-0.008438869094027086	-0.005650937835726064
X970156	-0.0071755403948233105	-0.008441394018445004	-0.009567007586021048
X970157	0.006234160063189959	-0.010456117264935932	-0.0011779176173546363
X970158	0.008655769883784126	-0.026108323180313253	0.022765670410912486
X970160	0.013109008415428607	-0.004691232079590838	0.019391545709936557
X970161	0.0036458259113757094	0.016484599483827553	0.004373005927548866
X970165	0.01407063628600377	-0.0023875265911644647	-0.0031300692888118218
X970166	-0.001824725668001317	-0.0009179627150613748	-0.039966056118987
X970168	0.0035247277129079042	0.017063380242407944	0.0011009316767794327
X970177	0.0008346196282743259	-0.02766610338551658	-0.0023765729267714504
X970179	-0.002492659635532096	-0.0763403532151575	-0.02417926678058065
X970180	0.0034997270922257667	0.003623853525481236	-0.01737372342974879
X970181	-0.005541164986611825	-0.013822776671209477	-0.0015445570242415656
X970185	-0.011068042596290066	0.021424757677739832	-0.016287317555176494
X970194	0.02177119404020706	0.0010532113933260966	0.01654091123056642
X970197	0.025502432500101667	-0.0036588420078518774	0.01445394211583826
X970199	0.014198646173433468	-0.006776657213896475	-0.009209070936564633
X970206	-0.019747817254660602	-0.0013324422925763333	-0.022348883699951493
X970207	0.05422261976374058	0.030114753257633065	-0.005957234360526999
X970209	0.01643069343567101	0.011246577825761403	0.009498906689245253
X970216	-0.08737720177582663	0.040541031678601645	0.04033433796029791
X970221	0.008573295271418669	0.024717343853685944	-0.009594178804536925
X970225	0.021181118327217915	-0.003957548267522249	-0.0025188670834787063
X970226	-0.03776367991918599	0.033272488592920646	-0.015480629424766128
X970227	0.001386288399439873	-0.025747289742515604	0.009036510481984651
X970228	-0.007302779981666542	-0.010034364150072524	0.008127461915530704
X970232	0.052360686422365604	0.04104609223120697	0.01476933140826805
X970236	-0.021123427241814926	-0.01294426758365525	0.005419676546901776
X970237	-0.00809650235356003	0.02394155335255667	-0.03723306690396267
X970240	0.058933511346152205	0.04106793449091265	-0.04148050085602345
X970250	-0.007330231420386592	-0.020720233323659035	-0.015971621987804635
X970251	0.03487942436148141	0.031353084134028535	0.00970142989473237
X970254	0.0121224462545986	-0.10320527828511752	-0.03999354115667598
X970255	0.01280306118739929	0.008522535425875114	0.01339606350018559
X970257	-0.01521718797290834	0.017996106583521996	0.024205186625412295
X970268	0.006714022547841269	0.00012095273884212472	0.011874654319535324
X970269	-0.0015014560274953439	0.033989715063888946	0.013753489918533845
X970271	-0.013574463609045694	-0.009343459466318378	-0.006788492885498649
X970277	-0.014692246913495164	0.005674488446316771	-0.017852938263697445
X970283	0.017475000918903173	0.026658149776999002	-0.06018164524963192
X970288	-0.02197265797353902	0.009711628902867843	-0.00022136822321829294
X970296	0.05214159018504924	0.05367974802434596	0.02590407787067378
X970299	-0.00825239207866796	-0.0195808061615533	0.0017969543980127529
X970307	-0.004692560784047481	-0.013198328881300075	0.002471503260027261
X970312	0.001045694156496083	0.0076550536937058595	-0.007932658757915321
X970323	-0.004717745749432893	-0.0020033158364754474	0.004503699167266103
X970325	0.001925610723130814	-0.006735187436705075	-0.005671040725491466
X970327	0.04443687167802133	0.05064812195435152	0.015235539656293531
X970338	-0.020921766008865507	0.020372727041671656	0.04107675176521982
X970342	0.038866299768130295	0.028536179748195566	-0.02563117241716596
X970343	0.017310691477268755	-0.022043799450334165	0.018555744463233128
X970345	0.014881630801088725	-0.012969361368888904	0.001469232148297531
X970346	-0.033379361706741724	-0.022184807504335727	-0.00130326805832989
X970349	0.009432168007887994	0.004971941099000891	-0.0032942071454750304
X970350	-0.019849838842216905	0.010307429013803956	-0.015198070291870529
X970358	0.009660747428947788	-0.0006612300732204585	0.01478183801345623
X970359	-0.004456034506737176	0.022693581870175866	0.018562345149883766
X970361	-0.08012290183521038	0.029491493261855815	-0.021905861873541942
X970366	-0.033964827169067374	0.0006978163375443442	-0.06270558393705362
X970375	-0.011235569165102688	0.034728576600231355	0.0006060668886156389
X970380	-0.000475998613508563	0.0013917556005892536	-0.030270513395259387
X970381	0.014251754738978379	-0.010722856235768628	-0.002195145037017806
X970389	-0.004116559488188381	-0.0005140442427484607	-0.0022980608159598242
X970393	0.004233185764526966	0.0035432449844968127	0.034781314198179134
X970411	-0.013130633688358208	0.007253364108064519	0.02310787255952348
X970412	0.006134792562063479	0.020013073263472316	-0.007663736383367563
X970414	-0.011144275913121119	0.009861067322275445	0.0003686956207187787
X970425	-0.007055238653072683	0.010940433822226595	0.00028706135110464717
X970428	-0.01302974421203609	-0.0028567468203602076	0.030900030056633387
X970432	-0.02269894846986868	0.012731731136229982	-0.018876796335885394
X970454	0.009445242789427155	-0.004105129577755566	-0.010567934669608904
X970472	0.005049555463162243	-0.0027644053411813967	-0.008643975287983573
X970474	0.022068254832358556	0.0016559448254414464	0.0109411907643202
X970480	0.010498412157339551	0.002316732277655034	0.003768169578694539
X970482	-0.006730851334559494	-0.05766403670592151	-0.059870892049132964
X970497	0.004201298270909058	0.004370782445012048	-0.019258740174472048
X970502	-0.07653086484776757	-0.0006289541571943196	0.022179435326278717
X970504	-0.0030002838798626123	0.012099618522891447	-0.0024174741393714256
X970509	-4.749410396793206e-05	0.0005324839785126919	0.006250874137713495
X970512	0.0009154844453441072	0.005757224342494124	-0.0022545460578352427
X970515	0.003413639622097192	-0.013761889252784648	-0.0035757985353240995
X970517	-0.01339527513748069	-0.030428487341610577	-0.0046251103323599
X970519	-0.0043502999006420065	-0.01934917657016137	-0.02058198429395858
X970522	-0.006778808173577294	0.005604347811266216	0.015832669798299857
X970524	0.0051793689771922015	-0.005241805301318334	-0.019890425984052936
X970533	-0.014370056957283446	0.01795917158186725	-0.015071371835987174
X970536	0.01148919831164076	-0.0017441269178302549	-0.005803277174669275
X970538	-0.019251325865470337	0.007210106810150185	0.020342344866101397
X970543	0.0067764866496462	-0.013335596366896168	-0.0013934327556107834
X970544	0.01888816998299111	-0.01069193386492013	0.008700867096353296
X970549	0.06609240652440716	-0.04207603910919303	-0.0392268582483016
X970563	-0.010906426386394334	-0.027362677211648253	-0.015730355181008196
X970564	0.008683710840757915	0.0019824008981322687	0.013387111643573295
X970573	0.0020719693539070763	-0.011662777680766	0.011991950162496932
X970577	-0.021137591718126965	-0.03775339281989625	-0.0013747582089938125
X970587	0.012914484999126681	-0.00604767131726542	0.0005168330168474684
X970599	0.020935902115367337	-0.0259183006672397	0.006711940355460146
X970614	-0.009885814438250498	0.0024651508507955947	0.002741708990516906
X970625	-0.005569144452879657	-0.009648201205304517	-0.016437735436783084
X970633	0.010700590697653257	0.0020483147716907246	-0.0015592613270335699
X970638	-0.016777560382160793	0.02653409415709954	-0.01781649869197931
X970649	0.008454826318383783	0.02983007232071699	0.04331144776066295
X970659	0.01843402173945422	-0.006299334522227097	0.015180947219792029
X970663	-0.01213245619086957	-0.0027073125351568415	0.008845703862186239
X970664	0.003416437828802768	0.003224561619850582	0.06686349625602939
X970677	-0.006318144415302303	0.007691710659345965	0.013868799450233718
X970680	-0.005568085090193815	0.0217594012458537	-0.02929181198798932
X970687	-0.008239345826077023	0.0435638248356013	-0.00042322962360489907
X970688	-0.02847310611963081	0.004891562280526961	-0.06055013671928351
X970692	0.007202029705084563	0.009295229562730106	0.0010316214183821659
X970706	0.013837746664288782	0.055735000086509306	0.05659344494772752
X970707	-0.055190866534450274	-0.0015333023026261172	-0.013650211371087934
X970717	-0.0051910172745897	0.0023843395429340207	-0.0014930141559035218
X970718	0.007124786015484528	-0.004195427070019666	0.01077809448590061
X970731	-0.013580588151141621	-0.02881138931182079	-0.018800333880162928
X970732	0.03614491846226505	0.0029811306209984964	0.005687371464020328
X970737	0.006660685047191829	0.002375490553972567	-0.008159990921354469
X970745	-0.007266437747367542	-0.009092318322828825	0.007928203604456556
X970784	0.0017112340153567155	-0.00929753120972573	0.012140095597349247
X970791	-0.0047135121749869524	0.014575403878445123	0.03957508080853562
X970813	0.013926975027932378	0.007378027919596726	-0.0048076155792576005
X970860	6.014854936217393e-05	-0.003951559307497083	0.009453565258559452
X970932	-0.023288093469113	-0.015993768356506618	-0.028515767798318502
X970960	0.0065416694398865	-0.006988571477208835	-0.002502805416913473

Biplot	0	0

Site constraints	0	0
