Eigvals	3
31.723256068306053	27.496659664284287	14.938542987675513

Proportion explained	3
0.5068338876713208	0.38077638606611025	0.11238972626256898

Species	12	3
Propionibacteriaceae	16.096070435751336	12.311740407452524	-0.18967799441087896
Staphylococcus caprae or capitis	8.993789350891456	-7.307843292464125	3.410149294004668
Staphylococcus epidermidis	-2.5058653986578805	6.813284080528094	-1.9191143275162
Staphylococcus hominis	3.044813437295147	-1.3072953905614073	-5.602464041063972
Other Staphylococci	1.4485701352937577	-1.6199766848071993	-0.9510040137851522
Polyomavirus HPyV6	12.715472720749375	-9.481832961246576	4.417501033068955
Polyomavirus HPyV7	-11.967345114632167	-16.006895704559838	-3.9741451307739477
Merkel Cell Polyomavirus	-16.779023465489175	6.187891935049607	7.92024587009198
Malasseziaceae	-5.278302129755548	3.225194828475281	2.909163299392158
Corynebacteriaceae	-3.007169842347841	4.816554458977118	2.1740224104088406
Micrococcaceae	-4.666329401985909	7.489552566841734	-8.016238182390959
Other families	1.9053192728874404	-5.120374243685192	-0.17843821702544224

Site	1225	3
X940001	0.0030963459543604647	0.0005329659288131432	0.001225763276429753
X940002	0.01229886379751895	0.00039432073857284435	-0.002264123430575714
X940005	0.010675684631299072	-0.005223312881264108	-0.012077705307285153
X940007	0.022719226351005446	0.007451959487352215	0.00048041689112419587
X940010	0.023997383583605973	-0.026702876804715513	0.015915981452284605
X940013	0.010312669149136647	-0.005776003439765565	-0.004187802787361317
X940014	-0.12074340196473748	0.023282819395746293	0.053307188027244885
X940015	0.019771398097488267	-0.028122945859826578	-0.0007958490482528424
X940019	-0.052130478583199524	0.02347131961602978	0.05680441175348083
X940021	0.009316127870487008	0.017716923128366067	-0.02270893831925144
X940022	0.031588851258843524	-0.018830804176967086	-0.0035329334461138835
X940024	0.007414763719147282	-0.011502963073214106	-0.012012947987006872
X940025	0.030684555828006024	-0.0003371544343772816	-0.008392782566738166
X940026	0.021792016240099774	0.026495055094387605	-0.010410302395430867
X940027	0.0101791262745493	-0.001240250326740945	0.003935800889404323
X940028	0.00547291145214443	0.00789629204529584	0.002061089696357927
X940029	-0.0032847407310836944	-0.010855708311792452	-0.006299876219236223
X940031	0.018985248563749255	-0.009952099749318368	0.004821241785091203
X940032	0.0005743165488227771	-0.011669736236707072	-0.008727617977250544
X940034	0.023944024663513735	0.0178155499074089	-0.009258969361649183
X940040	0.02555784587047209	0.013274848156402242	-0.010618503938410032
X940043	0.012918291004033772	-0.009401022522605442	-0.008430283268053602
X940045	0.05573703806485926	0.09723900022246448	0.005734092511903123
X940047	-0.022440226681508895	0.025656838001315154	-0.03439009484982287
X940048	0.01900372718346426	-0.005252444394684098	-0.012618037377643354
X940049	0.00023990265711686747	0.00974509454853583	-0.006255197439605588
X940050	-0.022876992185772178	0.04994819762665774	-0.028726554158094338
X940053	0.008748801515896399	-0.0074176759817921045	0.0015861812967613719
X940054	0.01531548989507722	0.01666557717930926	-0.00523957888071983
X940055	-0.005604821325988789	0.0019253838906419362	0.003731101566275592
X940056	0.023769960410227914	-0.03387059111392848	0.029269033046191127
X940058	0.005812531580814153	0.006120191480732094	-0.008528842805770818
X940059	-1.8720536097853247e-05	0.011829150655179551	-0.017010078730524954
X940062	-0.056896535381596336	0.07990709542231957	-0.03867304398007114
X940069	-0.009581825121604397	-0.026447864999923756	-0.00745861781588791
X940071	-0.05249031748885952	0.012449405816266662	0.030593738837413918
X940072	-0.005090576363614554	-0.021973376730207703	-0.005412142878696807
X940073	-0.1007747890291468	0.03850199169657144	-0.007660217792606998
X940074	0.024524829519506172	-0.01326084724104854	0.0135638982055831
X940079	-0.023700403354479867	-0.015694433753122232	0.02301295924224321
X940080	0.024063153529490334	0.02821891772126663	0.0014297433517373962
X940082	-0.05391969618621485	0.062253958801048954	-0.053942530099768786
X940084	0.035911133599734225	-0.01736994273447094	0.00422397403570035
X940086	0.008227809942362921	-0.0324370504066076	-0.008733150363490205
X940089	0.023430030293202515	-0.01754866084005769	-0.015400574231578918
X940091	0.08928348656178957	0.08331778256527482	0.05380807930341957
X940092	0.027002648333652467	-0.02960878044883909	0.011796833597362524
X940093	0.008156909155008768	-0.01059766219089479	-0.014385066452912461
X940094	-0.07833311175108681	0.028385415253816736	0.14122218478752513
X940097	0.012090026536667697	0.012455398122865073	0.012434080100835049
X940102	0.035295116733204276	0.041064155642701064	0.04120379924525141
X940104	-0.01610048229797812	-0.031318453479267705	-0.018660648221742657
X940108	0.007569936891172447	-0.009861385216565915	-0.011749122542195472
X940110	0.01621356373679728	-0.038337748146611714	-0.015419141982118967
X940112	-0.05464447544399207	0.0486916344931801	0.06808847348934059
X940115	-0.0839444760944746	-0.02300151494602004	-0.030919806921113797
X940120	-0.022309924638826722	-0.061827617355024914	-0.024626100839612093
X940121	-0.05462671230704616	0.08046748647732957	-0.06855056235095018
X940126	-0.006410218077011112	-0.017215003630321003	-0.003971202581540028
X940127	-0.019798504555362296	-0.07579596061682396	-0.021435835722501486
X940129	0.018623032359748482	0.03206454854870955	-0.005579565714296479
X940130	0.02615986126818893	0.025075153623176572	0.007813064451960405
X940133	-0.016542370985836042	0.002309915546239737	-0.008765500844136796
X940136	-0.0025850378492564513	-0.03923873165272131	-0.009051680538826308
X940143	0.006735443345228084	-0.0193312924331923	0.0026120334922981403
X940145	-0.007851679928369654	-0.0027901858238435335	-0.006232868636277311
X940147	-0.02952659371345576	-0.09434422940085528	0.013460229857242136
X940148	-0.0074925544282568425	-0.021995845913492348	-0.002722001101977622
X940152	0.008298840137190112	-0.0508440902955066	0.0011333202030784806
X940154	-0.027283263486193404	-0.016302949490915365	-0.00038239027965595955
X940156	-0.001228475417231294	-0.009183136893011116	-0.006119726716385874
X940158	-0.023755048809330253	-0.03158761320125722	-0.013821710597479745
X940163	-0.03850212814262873	-0.012325474838360209	0.10783562755042347
X940168	-0.05472902740270178	0.12621641927700103	-0.06344649669800885
X940174	0.03379188869778227	0.044347762555709824	0.08700537815177198
X940176	-0.04978549836336206	0.0034032573576132457	-0.07100774095247143
X940178	0.009183748888643664	-0.021173254216536933	-0.007742305613724825
X940179	0.01787107840552585	0.009910370776515664	-0.009673795218882342
X940182	-0.023692713514876194	-0.03265320068433869	-0.022683583216327574
X940184	-0.01987446548531642	-0.0026613552953133135	-0.0034032122535771797
X940185	-0.04580370211004321	0.007390541225309257	-0.03983861153821689
X940186	0.007001621120176038	-0.015740680071847857	0.0020929603161237657
X940189	0.010999231695897378	0.004723733442330816	-0.0056394160960204906
X940193	-0.0015881027955191602	0.00418850052271227	-0.012908297504876307
X940203	-0.065383096246135	-0.02293674456790444	0.04449906172073503
X940211	4.401701487306223e-05	-0.018692574404808777	-0.0100563221902113
X940213	-0.04047196540399143	-0.05221619357286868	-0.007984867186372997
X940214	0.03142151590116658	0.014379874434768167	-0.006830135803476388
X940217	-0.015174141756238517	-0.011437213180228403	-0.0028797118474384134
X940222	0.01943350730203579	0.01669406451553805	-0.023922381702846607
X940223	-0.02388299089889788	0.048145737369814416	-0.009133546578863876
X940227	-0.06189754306868034	-0.0054081244048126646	-0.027157956785658972
X940230	0.015687546661914846	0.016689378649722853	0.014244684531129797
X940232	-0.0220502142985536	0.002706787797149896	0.005066631390632968
X940233	0.02224105241948073	0.022026827689933717	-0.006971561298318867
X940237	-0.008435054182409314	-0.004142173600290605	0.012022203340518558
X940239	0.12779462244666434	0.08448711563848045	0.02126872318475374
X940244	0.015013217501345747	0.058461189799557056	0.0002842283979094345
X940248	-0.03779622519399049	-0.009231340003196557	-0.03741098226869884
X940251	-0.015217671165321668	-0.01387698790116546	-0.01949611210246241
X940256	-0.011937302857060027	0.0039073622298143994	-0.003977530802609837
X940259	0.014045038276310543	-0.022758033355312852	0.005847676759610683
X940261	0.016616936779570515	-0.008724172328938396	0.015241566392927994
X940264	-0.03401791858808259	0.01732149913945601	0.03181716633572592
X940270	-0.005413081334459708	-0.020656809679244163	0.006278525683560611
X940271	0.01843180883505879	-0.007575046757488027	-0.01733404303675314
X940278	0.032255010399564	-0.007257341943817855	0.014080183115402186
X940281	0.027924895996754046	0.05308618333994547	-0.009110090358382372
X940284	-0.03413983108261753	-0.014348645031794166	0.004731499472365515
X940286	-0.04335782912315319	-0.005915331566217481	-0.013657646504528307
X940287	-0.0025837408331331807	-0.01998850850568946	0.022666760988218217
X940288	-0.03186112108757199	0.00929821377678112	-0.03658669046387634
X940291	0.008727580790252267	-0.015810653956167823	-0.0030336880096873075
X940297	0.0013928066907906282	-0.01837465892090865	-0.019158398182377613
X940301	-0.009276286760368405	-0.02671739764427536	-0.0016116250248089223
X940302	0.007511434932071341	0.01974487872763861	-0.0034656510515987614
X940303	-0.005687371825854428	0.0046902076680960855	0.019890390261498508
X940305	0.0038107561413133866	0.01721990488980354	-0.005629135398960961
X940306	-0.005834493227853672	0.019495251027348736	0.03202454181314168
X940309	0.0018925792180575717	-0.018198720509873194	-0.021079813026257284
X940312	0.05979838655528919	-0.06517424740207498	-0.030945310144696744
X940314	0.013367213226754413	-0.0038530817472353165	-0.010204851537313486
X940322	-0.008985626360961013	-0.018546047188551587	0.03144144835175515
X940324	0.04166675720952954	-0.058816787050477964	-0.05315623502352238
X940325	0.03378469410693213	0.001448045924495919	0.015064487833040603
X940329	-0.0017576080106967123	0.004117345182320641	-0.05073764193198535
X940332	-0.03355189596286901	0.04750106858197768	-0.06232172674275682
X940335	-0.022230727775926367	0.09295195691170974	-0.004101536232932772
X940338	-0.06475095518538175	-0.044274439383327646	-0.015084272952131208
X940339	0.01580433051675451	-0.022014951077910194	0.004758535547578455
X940347	-0.002114397477477772	-0.05803977625130322	-0.005316736538149195
X940349	-0.004301438526871778	-0.013609263777528326	-0.02885092104076365
X940351	-0.013350196347646079	-0.012503127315877422	-0.002640073680991528
X940353	0.04609377339256017	0.03288614381474765	0.012810485837690077
X940354	0.024809766052245726	-0.01395038520500107	0.015551793854075594
X940355	-0.0869002913689846	-0.06264165684591866	0.041274643614505065
X940364	-0.0035320348539714342	0.03178102326812281	-0.028379242297092804
X940368	0.014536726220145405	-0.005485771266254108	0.014282820547330741
X940374	0.005130840349811108	0.011656217889782407	-0.006543319252811603
X940375	-0.016503026168847898	-0.028394036560515618	-0.0035651317475233063
X940379	-0.004665166439889368	-0.019188786144629977	-0.005414616188008497
X940383	0.007871385414302365	0.029271800946679482	-0.041243021258996274
X940391	-0.01871520234435162	-0.007940821126613588	-0.007319450640476958
X940404	0.0453212541384272	0.02744134276651397	0.001678229013670661
X940411	0.039131631225427344	0.04765997702605089	0.029164642314002998
X940413	0.015781900385217852	0.029003576732693326	-0.007285076953080418
X940420	0.0030778669579938234	-0.015360162250425136	0.028556461207759894
X940443	-0.07332614773791259	0.06918661965262646	-0.04925550878568224
X940444	0.01907014659028982	0.03464636851126615	-0.007479638920319642
X940445	0.01945959973668264	0.03872086905251497	-0.007473593680030784
X940450	-0.0030050020210738737	-0.008562014972701837	0.013648539732821255
X940451	0.12948410328007404	-0.06869021432427114	-0.020181603111325618
X940456	0.0015562560440747022	-0.0037212920007557207	-0.014335887907148669
X940465	-0.010437273314985033	0.02925669702568431	0.010997767395103426
X940466	-0.005798305965122592	-0.02777642660304684	-0.02831283694217254
X940474	0.031216337494104567	0.03751458531328606	-0.015431773130360314
X940481	-0.00417096582929852	0.003278896027313346	-0.022281963521464172
X940483	-0.001796593391996348	0.00685242330302693	0.013752102455650707
X940484	0.057439818764559544	-0.018387527106261906	0.015592980836113504
X940487	-0.0023819616102111365	0.055482431549043885	-0.038459539329163885
X940488	0.022218506904286305	0.02951548198848068	-0.061127869071947054
X940497	-0.08621107240827154	0.053872939511394956	-0.05836686506369461
X940498	0.05350978569812826	0.0663424100197737	-0.010279343990172432
X940501	-0.04090020275334141	0.052948871515025885	-0.04464830343623189
X940506	-0.04526622557340342	0.07347507044392418	-0.06906413219093148
X940526	0.016676877107622813	0.003344762775891377	-0.015623986021338439
X940529	-0.057522590633569334	0.1134167609820098	0.004944810544806596
X940532	-0.007439622932393234	-0.004383650891182044	-0.011256057691101218
X940534	0.00109545854805233	0.013245914676254942	0.02023662103564187
X940535	0.02376361694372755	-0.016654150800989625	-0.014994462329528427
X940540	0.0061766479851858855	-0.02763132500002931	-0.004776954832851094
X940547	-0.01539725017756469	-0.02626806801668948	-0.009147594682339126
X940550	0.016219943485225284	0.001498798207259943	-0.0037096494842661855
X940551	-0.01612395550609075	-0.0034003584633460985	-0.012256456364916301
X940555	-0.04736790932209507	0.08215454070791409	-0.0361726977772294
X940558	-0.006681989133438581	-0.038656915419277314	0.004073967890542352
X940560	-0.04979796910927113	0.014297108610377023	-0.0336097100696268
X940562	0.0018122065945169348	0.09912274198542628	-0.02672595542329093
X940570	0.0006441127252734254	-0.018253985067640106	0.020212441165553697
X940571	0.01535936404386774	-0.03666525966419445	-0.005629201907529543
X940580	-0.013609555054316675	-0.03467324689957761	-0.020871766666285967
X940584	-0.05685259525202554	0.0346633380875466	-0.07768409193837376
X940589	-0.051705133467291546	-0.0027874984430548318	0.03338257789074081
X940598	0.015406821860773209	-0.008191373351742196	0.007590578006640622
X940602	-0.03825850094838914	0.05585688677718287	-0.022737681265620185
X940606	-0.010889219877114437	-0.0019393021748640052	0.005954174493114598
X940612	-0.05877908828412803	0.03307680380694023	-0.06173796807701994
X940623	0.010333306786668012	-0.007863107625749042	-0.012954970986684628
X940625	0.07369125975584971	-0.04526369280160359	0.018578285252488037
X940641	0.022266566415457587	-0.0037087582219834736	-0.007241410512044929
X940642	0.012410805803531846	-0.011186445696781481	0.004717194926895803
X940648	-0.004568349708676603	0.01357390292925045	-0.026489775295619602
X940649	-0.07118108542013617	0.003107143182144675	-0.023277671209020922
X940652	-0.011066964939777007	-0.010522347151044787	-0.009039675155983353
X940662	0.008929206585685351	0.013351274348502553	0.007143427056368238
X940665	0.004059823635397709	0.005332400696512829	0.002115800133816047
X940674	-0.010402083736796472	-0.010514710452782005	-0.006179793664875416
X940689	-0.029789924194277496	0.046917052535564774	-0.020611476107039943
X940690	-0.0055128453478267714	-0.02845200455807379	-0.02318100397104227
X940692	-0.037635679236950374	-0.015983097235124862	0.025444295927960343
X940696	0.004096792403147042	-0.03234101892299517	0.00750935294051408
X940700	-0.0029466520581321546	-0.02464397113330775	-0.025128504673759704
X940714	0.025460380833463362	-0.025375275024676888	-0.007305930343578367
X940721	-0.003086681866800283	-0.011087704722125965	0.11318577690634181
X940727	-0.010676050697692764	-0.0009228692417034183	-0.0012979351608286593
X940748	0.010711193480895748	0.028623950349195616	0.011249810332287188
X940756	-0.02248688744076818	0.06868899481369253	0.02366537749438175
X940761	0.005552856292839255	-0.018764926400341258	-0.008111791293242314
X940763	-0.01223874064202861	-0.03125178483994367	-0.00583752202504309
X940766	0.0015670165764496897	-0.008105516222573602	0.03862057146248584
X940769	0.04110462189319025	0.06358171361608463	-0.00643239999510324
X940775	0.015250158559109057	-0.029713423579293238	-0.0031514861718590164
X940778	0.007673481740730512	0.005574534203506346	-0.01772257571298184
X940786	-0.020093026148931378	-0.03418039493721278	-0.0024152937864944045
X940796	-0.014670434640369507	0.023713378098998233	0.06355958320940927
X940816	-0.031163398338868	-0.0374654705932934	-0.001338397078969574
X940819	-0.05487946498562606	-0.007929582922473848	-0.030055969341097923
X940820	0.0121609448518717	0.00016755081661681077	0.0034040876191449992
X940826	-0.002178391260425336	0.006088699465687085	0.04641712009531823
X940827	-0.024436905130800227	0.043653773880437834	0.024621845035883456
X940833	-0.04557216472056072	-0.03675822409162792	-0.02429132815181305
X940843	0.015365132501216947	0.015840079860392656	-0.0050644651526486045
X940844	0.02473941149212422	0.07068687405826991	-0.0030795573295948914
X940845	-0.044830936655048316	0.030777439221725815	-0.030652112406383932
X940847	0.0023490510225423725	-0.014092635081841519	0.0026844291587122386
X940852	0.016151270925096915	-0.008007070826222693	0.008740353745473477
X940863	0.00896526958875238	-0.02034438161212967	-0.036078831413585165
X940871	0.004714894098634328	0.02245013723622547	0.04388506976702936
X940875	-0.02598078892375333	0.006661652945324889	0.040124532684477444
X940882	-0.04148769898531492	-0.010830486627275742	0.003979285113382489
X940889	-0.02202686436046433	-0.0012329655917526347	-0.016962553690493334
X940892	0.013841971080438676	0.018976865752359226	-0.020087324209908584
X940895	-0.006574790024844899	-0.00671759110803458	-0.003239600557152651
X940907	0.014743944367164334	0.006451798628802488	0.012871353814959243
X940912	0.020026929882814317	0.010928503123120813	0.0019275202845703216
X940917	0.031570103054417674	-0.016414884208371297	0.004412167798043865
X940925	0.0846886212102032	-0.07648996381248586	0.08230071195758172
X940936	0.04806550592825375	-0.03850345179741803	0.0290225659294465
X940941	-0.04590903074237078	-0.012592773961721471	0.04704977235038469
X940946	-0.013297651537396172	-0.008711240955356081	0.0019387196359701797
X940961	0.014990742300759715	0.0164861374524875	0.006891357120347881
X940966	0.0011044900736314129	0.002815022148485603	-0.01667144219367937
X940968	-0.012900449344905687	0.008300193584550527	-0.0021407338844750805
X940984	-0.0332167319786089	0.015528736621740293	-0.016573203844401342
X941001	0.012436677480540165	0.008034676484913293	-0.02724757099872371
X941014	-0.028141508087035992	0.015095318034034747	-0.0501017063555859
X941019	0.02439066816600093	0.013350571362434381	-0.002720250222917315
X941024	-0.007111703776490695	0.004349683153300477	-0.007602050697378222
X941028	0.030156177054929477	0.035075158150760045	0.003149469604485026
X941037	-0.00808695003819068	0.10558993106155432	-0.001225250579862732
X941043	0.002406155875263571	0.002646273664150121	-0.026252869703055702
X941046	-0.031153764861028707	-0.016441323129797184	-0.012739634538455492
X941049	-0.011532070949393958	0.01010964456935596	-0.003336012499737975
X941051	0.022727219902471864	0.01023052042237985	0.034149650271165156
X941066	0.015093809298263485	-0.010208031755501727	0.0052297719089127144
X941074	-0.005777325480664602	-0.01650217100474067	0.019229464788550914
X941079	-0.006273083388085796	0.035495323127073	0.00021020311454604356
X941080	0.04221973172606624	0.06325283522541984	0.02187115188074221
X941091	-0.095565475268416	-0.054647337630410735	-0.003979090563767425
X941095	-0.00949227134167445	0.018033007544629737	0.0012578358268153357
X941106	-0.0009237566912851454	0.022116928032877372	-0.008370976478518475
X941118	0.0284021231019429	0.04854677866376162	0.010714451412884718
X941124	0.0016327939229528348	-0.009523616858753928	-0.012015753733100218
X941134	0.017363991724072454	0.015721046345221174	-0.0019115043046252285
X941144	-0.011597109835588268	-0.013192747506710787	-0.0398536774192687
X941153	-0.042095822386429345	-0.09340705794724548	-0.012582556293114791
X941154	0.03220491143632946	-0.01605032069495018	-0.025767660980452557
X941192	0.028250074581029603	-0.038978625229022075	0.053972770019450424
X941202	0.006053829670856638	-0.024785031096454926	0.027879870513474046
X941204	-0.012969170666130249	-0.02337842585592519	-0.012206264399173617
X941208	0.025662127504479257	0.051202640687500925	-0.024449465713509016
X941241	-0.07189339461423064	-0.18384872367907107	0.08796045620366064
X941250	0.002483218716503522	0.00759549845135913	-0.00537374916701614
X941253	0.023863347543029392	-0.023191251205034187	0.010477037381569469
X941257	0.032664198019251654	-0.048614482018819266	-0.0017805482157364101
X941259	0.002270539255438487	-0.005432671560613518	-0.013921008617666522
X941265	0.01677143921753106	-0.014745615707265802	0.06544136978892745
X941274	0.04482611754595037	-0.04186401787970614	-0.017925370182841106
X941308	0.016452336955002103	0.0072884527477186664	0.007698138227746751
X941315	0.022430528694074286	0.0071162146811652284	0.05499738106729248
X941320	0.03449157178420287	-0.005003768592514814	0.006753544719555706
X941321	-0.049886548082830946	-0.02212874857049461	-0.05312779150310438
X941367	-0.05090331551356225	0.05453059540162823	-0.048079101042185934
X941373	0.0017445426856059622	0.0003399033978378923	0.015040112251076442
X941384	-0.08310714136468583	0.032747815462494084	0.02902142648043389
X941385	0.030664180836021425	-0.0009569094990983375	-0.00573805632396501
X941392	-0.017450441941663654	0.002417119490017268	-0.02949907713037681
X941398	0.015385968325163129	-0.024840993340005293	0.007393707181817794
X941404	0.016748570456447908	-0.01734975404207789	0.0014085857358321556
X941408	-0.0201734709316041	-0.017643328257298006	-0.02224125971944741
X941422	-0.03710053039186495	-0.010179797475919539	-0.022920512025822255
X941439	-0.006481232791087234	-0.0017896669128221118	0.004455848692997304
X941445	0.026274983961525594	0.0016251506623091232	0.06063368539241396
X941454	0.01762681483196996	-0.029138693958988104	-0.012236852097512794
X941460	-0.06162081720882661	0.048774185280948575	-0.0499685807463326
X941462	0.027373217670509004	0.04259267003070269	-0.005954312368833621
X941464	0.007510254928542624	0.02911322015087871	0.01203521635023
X941503	0.005894443393530749	-0.04231339253444228	0.012696676585147058
X941519	0.01562887686476165	-0.006321862538119852	-0.01815811689231521
X941530	0.04183906212276702	-0.014974444694235032	0.006440022961404119
X941547	-0.003477724655349151	-0.011540225982908329	-0.005864815135153654
X941582	-0.06236977013961277	-0.014436100701047531	0.061006230763355276
X941617	0.006508785749478108	-0.02210833064560584	0.0007970864646535432
X941623	-0.054520483470740046	0.033549784141815524	-0.04370835318301234
X941624	0.02070504649258737	-0.0017772895900655848	-0.005750311574956236
X941639	0.021041558628136135	-0.0031187509856451354	-0.011680359100149718
X941680	0.02297584931607612	-0.033616894164002015	-0.03344288988611133
X941684	0.005720957380205451	-0.04540938198802404	0.012212917943997937
X941709	-0.02340878109509382	0.009003824683325681	-0.020925381284150765
X941714	-0.02018859900157385	0.04875748207828617	0.007390943608371352
X941715	0.009198414411596979	-0.01810032320214369	-0.0183612867238922
X941738	0.022859741716390675	-0.017012335432748608	0.005364536607683888
X941759	0.004995760370142058	-0.006778560193089944	-0.01860109743245872
X941772	-0.01851988284946767	0.019549196921024713	0.02612284590236728
X941774	-0.019159238868154613	-0.02295939141194521	-0.0004920442691691859
X941807	-0.01130966862220523	0.011848396722423389	-0.009631738675768465
X941813	0.03658844797406583	-0.04218912136370417	-0.002238962692093336
X941817	-0.01653741397360333	-0.016868214260779	-0.02493792736558257
X941887	0.003507291441589151	0.013370614272612073	0.008490097449879039
X941902	-0.0032680715599055633	-0.0042136646694733385	-0.010894029031519524
X942011	0.0061549723560820595	-0.008010028250540011	-0.019227554155529066
X942026	0.046995360860326435	0.062039193837087996	-0.013420267279690614
X942039	0.01776801648925278	0.017059055864537553	-0.004643055613736227
X942075	0.007880364633441928	0.023941022189093854	-0.010857770113275631
X942094	-0.028176541179689988	-0.05006565040109068	-0.007429082772586316
X942128	0.024028726272077316	0.025245866400068533	-0.00883596062611313
X942191	-0.03673007027922642	0.015129874683140206	0.0753830301616171
X942237	-0.07983499092694281	-0.07959288976960159	0.02605952478840711
X942303	-0.034366344636579234	-0.01022852520648186	-0.05424373762196599
X942319	0.02421045859524896	-0.02173245702033437	0.018952442400176572
X942359	0.006492811446946402	0.0030020136886620657	-0.019651248287718172
X942398	-0.0145109176190732	-0.018496067469546122	0.006976119291995145
X942402	-0.0321018942221784	0.01290649592525562	0.03437004303089771
X942429	-0.005404600153465004	-0.016834742413764335	-0.014385298019148377
X942467	0.03831370008303261	0.05914532115557959	0.006906045555637592
X942487	-0.01722483498391596	0.0282710021653328	0.01356472581293176
X942489	-0.023307130396709397	0.03423324289260073	-0.03092826677832219
X942490	-0.02671013446672408	-0.010243311624956303	-0.011684624842589803
X942504	0.0011041570045951907	-0.0019135962495784914	-0.0037439071241135067
X950002	-0.01203057564363647	0.009527437259589036	-0.026894461212478436
X950003	0.024860003747964588	0.018473760040687646	0.0020872685367434142
X950005	0.003983936603045285	-0.006111893317947537	0.0024245395968542343
X950006	0.003870796103803789	-0.011847250963427456	-0.01806270615530515
X950007	-0.003769169214879194	-0.018065316077727007	-0.029556009205227343
X950008	0.014022522980060417	0.013798161074872833	-0.0356521734665017
X950010	-0.00641901657268567	-0.01226998938365683	-0.010918560827247886
X950012	-0.017708194115154268	-0.007925405191716901	0.004102174198291719
X950015	0.01910140297364119	0.02426519714929819	0.0020794821782222006
X950016	0.0023592934483903922	-0.0086201141775571	-0.020673650775969676
X950017	-0.0020948737329882323	-0.005665199737920335	-0.007502764769029399
X950018	0.009432195639366075	-0.005059498776178596	-0.01289304533338272
X950020	0.012680305052849776	-0.0034222514435335127	-0.0037008172634405883
X950023	-0.036164391225160936	0.005135262572860294	0.07338770811115645
X950027	0.009238631764172804	-0.0015554763992673458	-0.010764615514100184
X950028	-0.047422998486149115	-0.013483173588985356	0.06892482893043383
X950032	0.019926821165092264	-0.007160653687701166	-0.017772163711873634
X950034	0.010010760504031314	-0.014187196904554947	-0.01481203654297343
X950035	-0.008034601491459493	-0.015222895026870383	-0.0048817248297290455
X950036	0.013212576322581085	0.002260846952575497	-0.0019578169515590735
X950037	0.0012253322734519037	-0.003191563295852303	-0.0047902707975285815
X950040	0.013440058791271178	0.006890826435181316	-0.007541914292132111
X950041	0.01065714404678811	-0.009721355111216379	-0.01121507708070057
X950042	0.00045752841514293675	0.03203055113158603	0.012381611598507885
X950044	0.02063740809844093	0.009950545705757137	-0.010673013920904464
X950045	-0.0019805848666903827	-0.01822224873515375	0.0061564333353685335
X950046	0.0071392015096322925	0.0031857714813767965	-0.006686672312881009
X950048	0.009068725012362944	0.014091751080205961	-0.020255691537251683
X950052	-0.004727394084896825	0.009916702130128123	-0.0050155053282099704
X950053	0.027044287565756605	0.022628801672298183	-0.007346764788271443
X950054	-0.0022612190607687664	-0.014873655298287282	0.004373026050508609
X950055	-0.007516987509705298	0.002212894604569079	-0.01910064513059115
X950056	-0.035451379214537795	0.026784371761488773	0.09120051279156012
X950058	-0.057441432045839465	0.03764456735013846	0.04830399174088629
X950061	0.01643534463466265	0.01709927417703415	0.0003044831723050149
X950065	0.0004620769872845788	-0.007654944003373984	-0.006984438275426683
X950069	0.011724258027825426	-0.004011681141358051	0.004252567185683323
X950070	-0.007880277518404552	0.009734765911764788	-0.010599319999681573
X950071	0.02183635444490209	0.009789568795790134	-0.002166234448169869
X950073	0.007057763986221595	-0.008091044361805062	-0.03518908037201041
X950074	0.010437137125308681	-0.02600671843058976	-0.021492135686532125
X950077	0.009136786169460029	-0.012844407042142339	0.0033638525223252773
X950078	0.013896151384440142	0.0031485575261053014	-0.010672546142408954
X950079	-0.007405223093136172	-0.011933470771373461	-0.010817376408570799
X950080	0.02390793246093029	0.016193531828101685	0.0013764952588359721
X950083	0.02290188346797955	-0.014992288896785302	0.0060242044021430585
X950085	0.014982013174981521	-0.0035652730207350256	-0.0023321902227357097
X950086	0.014110225381866334	0.010044790231112927	-0.01548642007201946
X950088	0.031525626338966835	0.008785682385009442	-0.01647558285407358
X950089	-0.005848806633431345	-0.009058789858709294	-0.021201277607326235
X950091	-0.005187995188842496	-0.005381746113664736	-0.011604917874794984
X950094	-0.046168285156326226	0.00712642838038943	0.04163305738621809
X950095	0.03514529725781893	0.00913990322150448	-0.03408688394810983
X950096	-0.00027633077043849396	-0.01652241378324431	0.0005782020902028413
X950099	0.08001160156728764	0.0625284035458749	0.026933359688626392
X950101	0.02000992195706409	0.005731544348251093	0.00014208445374454978
X950102	0.016622432179991656	-0.013955745864232998	-0.0020190573944860184
X950105	0.009781434305852578	-0.015775651515387065	-0.014781496591298258
X950110	0.030813197477922213	0.009186957013800838	-0.004044673944401122
X950112	0.007314876292616804	-0.01197183989882352	-0.02827358238188648
X950117	0.007723781114727865	-0.013634590466682972	-0.010198506476850888
X950119	0.019606331059683225	-0.024831063859978634	-0.011359171925204685
X950121	0.011198276199643451	-0.010997288183624611	0.005909310696698213
X950123	0.03469811876342789	-0.003915862272192116	-0.028013526628880587
X950125	0.005830017190035095	-0.018168701625187904	-0.0034008591677325626
X950126	0.002287105531552537	-0.007465691149109494	-0.004344616220250614
X950127	0.024070409336680216	-0.005579604965082765	-0.03534377450332941
X950130	-0.0016611960858457222	0.008966729590418615	-0.03279455354102193
X950132	0.017248226506986306	0.006035556479306197	-0.004067318040427393
X950135	-0.010889053225241585	-0.011500036067029287	-0.014567326550385229
X950136	-0.014474761339366931	0.007724870412005267	-0.01467607221190219
X950137	0.0006271314106364601	-0.024086312797652963	-0.011334231676951061
X950138	-0.00210221530148804	-0.00931093738294915	-0.007566592611383489
X950139	0.03870898695476929	0.010382896229529094	-0.020083836100921543
X950141	0.005976634710555581	-0.014515183725658323	-0.0024586923944285802
X950142	0.005275397420358709	-0.028832208833874728	-0.017938342294015395
X950143	0.011135541154836393	-0.016206892578237164	-0.003622222383765324
X950145	0.0034640866190074754	0.007527432696437014	0.010987989280918422
X950146	0.017006041341723784	-0.017936575481200326	-0.017504314793160145
X950147	0.008892577005472907	-0.019374189955450954	-0.014136820881478098
X950148	0.010837785534115466	-0.01575468578786627	-0.037900507707477306
X950149	0.019332547345211826	0.013725230795785612	-0.011656833425687812
X950154	0.004290792401213818	-0.005654605022968177	-0.006767270600137971
X950155	0.00903486237164149	-0.019154379540395006	-0.017786482594836707
X950157	-0.039638490081262225	-0.01618190561586706	0.06798287410746974
X950158	0.010758979314463304	-0.003765616810606676	-0.005391944127338957
X950162	-0.013902373975376792	-0.026460941101954714	-0.0033188672134545523
X950164	0.012316881745522135	0.00881549621860689	-0.0168634776933057
X950167	0.02823411277555512	0.02783932658212067	0.012728119251002906
X950169	0.005495798905696087	-0.008903233155502266	0.0006535741721175275
X950173	0.020545296083478593	0.063894145450825	0.05048549223238791
X950176	0.015525950548976167	-0.004797974065922231	-0.001217516043392092
X950179	0.03755599240543238	0.02374802770389652	0.005815552544223894
X950182	0.025593847885200013	-0.0025449083885361015	0.0006498565482169462
X950183	0.033982141780827146	0.03223842091926657	-0.0032676123013277536
X950186	0.005401491524765522	-0.013739353480694277	-0.02597630103641017
X950187	0.0059438007196724665	0.0007930547353155972	-0.009109847069521594
X950189	0.018745984551721634	-0.0034405706317505082	-0.039495659142102645
X950190	-0.037141705344635685	0.028998668558795345	-0.02011522901168523
X950191	0.023810387309505163	-0.014779330864094477	-0.006376052305319545
X950192	-0.03869171507244969	0.015602729162383698	0.007095709279614864
X950193	0.010830155153328715	0.06834739748672854	0.06906884188423469
X950196	0.007110157191733541	-0.004301273209060856	-0.002965546868589667
X950198	0.0017283718175861351	0.004645808451462267	-0.017088629466315834
X950200	0.01610566995995041	0.011654977422030723	-0.011948540203094448
X950201	0.008079036211990694	-0.010967618770894949	-0.006805263951458441
X950202	0.026110728487171005	-0.00942476808955353	0.0036215969641720442
X950209	0.0041106256461182645	-0.01779992900363631	-0.010506893406038938
X950212	-0.03600199243350219	0.032878496687616374	-0.03941623016735069
X950214	0.013053364654480688	0.003125016406530569	-0.01221684062285033
X950217	0.003895947216701202	0.007881136293369093	-0.0017465605556383523
X950218	0.00831431662075444	-0.0038329668014402637	-0.009043684963483992
X950219	-0.011729240813836394	-0.01415550210511303	-0.00595980293190366
X950220	0.007382520036335822	-0.006532847867247519	-0.016894102735584334
X950223	0.022229869819080515	-0.00262935053536127	-0.012521237967981907
X950225	-0.03126545418601878	-0.022421190166281087	0.06949195769840776
X950226	-0.004480918005834718	-0.014052532458399191	-0.007697829629470084
X950228	-0.020633879067922984	-0.017640581336831513	0.07346636848955486
X950231	-0.0026720851665501867	-0.018162150044364396	-0.01984149993117708
X950233	-0.011635704094891793	0.024051599790925523	0.018746742455495045
X950241	0.012202884592915447	-0.015562150005641106	-0.0010050908169483674
X950242	0.00033890383621754653	-0.013950694327578585	0.003697126195454881
X950245	-0.03248594851310576	0.03464469984777608	-0.057194861944122107
X950247	-0.0018177848915974955	0.003696481400641989	-0.0013947844284427997
X950248	-0.0026995964420726067	-0.007530092952137157	-0.008763698262159876
X950249	0.04991445171381343	0.014364341761281844	-0.008935611100968334
X950250	0.017936421493116868	-0.005604120317125073	-0.01844635445126139
X950251	0.006963853001090309	0.01690714671519028	-0.015784275656697946
X950252	0.015132192432032303	-0.00031607755478698193	0.008753130793449708
X950254	-9.316538653708512e-05	-0.006190144268866284	0.034712402669615054
X950256	-0.019745845528117603	-0.00662227450142149	0.0004027386850324332
X950259	0.00027326806846635977	0.005028558081295642	-0.009523905483085968
X950260	0.023559940847487408	0.029576820565597968	0.0025859484806658437
X950262	0.019286945705363857	0.04486985533640815	-0.005463372242739915
X950264	-0.008348157093998233	-0.012028819969756134	0.0005335548839845176
X950267	0.008710408887139535	-0.003509524497509183	-0.003242721359587558
X950268	0.009579314585802483	-0.01401750487189163	-0.03086600516489321
X950270	0.011510797458276077	0.0021687152264134417	-0.018346482594993743
X950271	-0.0006372615593593076	-0.014626691507822519	-0.005597245407360671
X950274	0.026387019413607656	0.021023034116521018	-0.005096698688391211
X950275	0.045629596570236616	0.022223048798941263	-0.0012816132528030591
X950279	0.007918063253416228	-0.0077465965499304386	0.018690770448407446
X950280	0.0165500417125679	0.006289853606428507	0.0050504532549169095
X950281	0.016753557659937402	-0.009143252315381567	0.0030972554946345557
X950283	0.008540969828961515	-0.012607524312920334	-0.01602261046070523
X950285	0.014264223608642625	-0.013066548066356357	-0.009911497020772733
X950287	-0.016455899594020638	-0.03116475532647425	3.950419269416098e-05
X950288	0.034656268427576124	0.013686836345678943	-0.0014763776121793043
X950296	0.008049536220275553	0.006602948934032425	-0.009080994378427682
X950297	0.031159214880448007	-0.01798804685650929	-0.020008463620184273
X950300	0.013057830464830332	0.005075304615103538	-0.00016447162345130414
X950302	0.0041769323615880585	-0.005931897916684977	-0.0017844535505242881
X950304	-0.003054168067732489	-0.033350181756767384	-0.014033925058914747
X950305	0.0008398160592127486	-0.01411096459065917	-0.02474637232887676
X950306	-0.0015418501754377613	0.0037904901987086408	-0.013450275971120388
X950313	0.021201524552291188	-0.00894532048017687	-0.02321488689458959
X950314	-0.03270462546660715	0.0045777488528188455	0.0019858137516346555
X950316	0.0005673212179366923	0.012316995547033985	0.0028790613020814124
X950319	0.014584707029978198	-0.0016027970096729538	-0.00680504920208892
X950321	0.025990571214952515	-0.017469277576610636	-0.0008802419529187255
X950322	-0.028624413758937234	-0.010889259040141255	0.0011955836758612188
X950329	0.0358629300720353	0.02226108200070353	-0.003970788370695845
X950330	0.0037785046704740892	-0.01601071664685482	-0.005961646329449576
X950331	0.017856161633834987	0.004731491211295977	-0.015013028349045766
X950333	0.027378907671768843	-0.008827471371926644	0.003982418536098638
X950340	0.020309434611926556	-0.006398556997601944	-0.04480223495619844
X950343	-0.002354310780125623	0.004386645767964891	-0.0028754774506164213
X950345	0.01790242482513513	-0.02188361436506345	-0.004053076977175324
X950348	-0.011147445859819532	-0.018203335298967106	0.0011120050099281697
X950353	0.02385555076917989	-0.014188640848718822	-0.0027484109218656547
X950355	0.0076059304003573925	-0.005422575649909953	0.006524711100460361
X950356	-0.06305833358420326	0.09468771272931475	-0.022080301796514705
X950358	-0.01013962111242108	0.022589282257021823	0.0010750150725158578
X950359	0.009877329203687188	-0.01567420071612697	-0.006130323609025356
X950360	-0.0008940743476031258	-0.008822385333564269	0.002065714388686323
X950361	0.02404874371585095	-0.0016334762170049646	-0.0014009374824234234
X950375	0.007652512403015529	0.029142594082799816	0.005679285381184519
X950383	-0.0010171836719451957	-0.015970109548027755	-0.019827041698061203
X950389	0.01760633798924581	-0.017685065826137925	0.0013617715017913868
X950390	0.017965964696635823	-0.006175921304448645	0.002478122395280835
X950391	0.010426010430751566	0.009010977916494361	-0.010302800204822198
X950392	0.001573051776000485	-0.00842959265403149	-0.009200599047668246
X950396	-0.061029415987190576	-0.0176666916168512	0.12575389456185898
X950400	0.027260575762619043	-0.0001298673962875512	-0.009807417387913086
X950402	0.009177488924193884	-0.01776220640789537	-0.020707919593570993
X950406	-0.07496154491917804	0.0004254908939447077	-0.031890426464794945
X950409	-0.0036380280810120987	-0.02575248527592202	-0.013301261180363358
X950410	0.026419600035523284	0.013032463215838903	0.006859985359814568
X950415	0.07603543900769183	0.10179807638255947	0.03219925639789514
X950417	-0.0015582415771014648	-0.015744099955145058	-0.012140353539814875
X950422	-0.04017099639601277	0.03874891361806844	0.016897295394061717
X950425	0.030875074894828467	-0.0072389004027316045	-0.030273330201955193
X950428	-0.09285107629459968	-0.04696210214318067	-0.005081230634165259
X950430	0.014840405780762025	-0.0024938170964486648	0.01141301396126696
X950432	0.015001293048696908	0.005138582770874655	-0.015851459021218664
X950434	-0.0024378211269890115	-0.006274516562250916	-0.0004336452691647228
X950439	0.00711530947341917	-0.01336365965025183	-0.030881596626434284
X950449	0.0007396405630228381	-0.03198870592879958	0.020329678638864826
X950466	0.007157647670593912	-0.02475440425910521	0.0033447113270853434
X950474	-0.009762753934844449	0.007395425037055615	-0.02024895700209798
X950477	0.03846435133825264	-0.005850871144923988	0.003385166849529806
X950478	0.014237595227040538	-0.005223983707459922	-0.0076097672627160485
X950483	-0.0062256649659203295	-0.030197374253831906	-0.0112750835912796
X950484	-0.004405489078786038	-0.017907187932816634	0.011595139118007703
X950485	-0.06517378286411929	0.021805397628450983	0.054552709110795
X950490	0.014407731805645793	-0.01709871876701363	0.009739823563035422
X950491	0.007293626672232385	-0.003312056430163868	-0.006285570920423341
X950503	0.0028857191780203174	-0.01687059541462689	-0.010247725115546169
X950504	-0.007968524399084609	-0.009780428426820136	-0.016198625231007353
X950509	0.034001755506119745	0.003629571502361818	-0.012809442991797726
X950512	0.009406268097073525	-0.019496548598598028	-0.002520376735178138
X950513	0.008664903185339638	-0.04053224494546637	-0.02502220532359241
X950516	0.005816133484247493	-0.006554067903454315	0.0003362054898933109
X950517	0.010375699372641177	-0.004711993681503001	0.0016782278119377356
X950521	0.0032271464525176208	-0.010535064182541503	0.002558136048467757
X950525	0.0032865258245468685	0.00862038683773819	-0.012192028279169273
X950528	0.011134758395872102	-0.002009405755947682	-0.009611287245707218
X950535	0.025575598654971984	0.011147382778651687	-0.008591026623164948
X950536	-0.013589788278349274	-0.015174879974210943	-0.011243628708728491
X950545	0.009207191412072074	-0.01940526236495702	0.0036455942780335916
X950548	0.012450088066327383	0.0023014974563995896	0.00418482303355425
X950550	-0.007281021194937519	-0.009159541605209291	-0.002938651171589655
X950554	-0.032386748976939835	0.024403904504465196	-0.05061543538460721
X950557	0.013188755707344037	-0.007955242284860118	-0.009460526028989568
X950559	0.005411659263341105	0.003513958205778003	-0.013435150823112488
X950563	0.01839281647186427	0.010012362578603997	0.016253135834348172
X950564	0.02482938000301014	-4.9476767154259374e-05	0.013992875637952044
X950570	0.002589095648806671	-0.01472053556730981	0.004292196326982749
X950571	0.03446086841060049	0.11028469439453237	0.04526668122885847
X950572	0.00898223127362991	-0.00041162838832384816	-0.0076198245404591886
X950577	0.00683353434131226	-0.005728193280204156	-0.013300919796280607
X950579	0.008252685065260898	-0.0019191424842332483	0.014912195377087089
X950584	0.07113199094997574	-0.06872188824694121	0.029803728623928806
X950592	0.0003588003517356049	-0.0055375942058454065	0.001160348852764022
X950593	0.006255681476229994	-0.0034904375147534698	-0.002632040445377751
X950594	0.012474643982498415	-0.0011531629727264904	-0.01106854898489035
X950598	0.013223079719979226	-0.00036457937174165457	-0.010397852141591842
X950602	-0.006024865519737828	-0.022822989850514994	-0.002845660822854999
X950606	0.0103739300685399	0.009391892829822474	-0.02220578398581514
X950607	-0.009090196244161143	0.02373160567576257	0.01826982556388941
X950611	0.008104129678253382	-0.007927045809620958	0.0006802117186958657
X950613	0.002963891797933651	-0.013576866265963406	-0.018093703765441452
X950618	0.01472652258324636	0.0038902609648308888	-0.014992393862442154
X950632	-0.01202822101949849	-0.01264025061830397	-0.007564701595558287
X950633	0.02056123482030261	0.021161773396952795	-0.025241634121564015
X950637	0.00644476767436843	-0.008439012441744796	-0.009948883991367171
X950638	0.01979297940610888	-0.01680946714353433	-0.009250122294101416
X950641	-0.014456977831880982	-0.011783369138377617	-0.013071015890412705
X950642	0.016262911075777122	0.008962915773854354	-0.0026382118029393588
X950645	0.021563573707126655	-0.008968235974770799	0.014409499068939081
X950649	0.019083454274091482	-0.000540761744604957	-0.031782232509090104
X950653	0.0008038335995061722	0.0006504424963139311	-0.0022044393049780032
X950655	-0.014734903344956394	-0.0019435764737930285	0.014654369841768003
X950657	-0.027967621069248962	0.02739940035635143	-0.003201787662406479
X950661	0.09844792023122591	-0.09765056500919773	0.028436448196040496
X950662	-0.044099666643644106	0.08539965170102234	-0.06724822376424576
X950665	0.01107441824560008	-0.012108040808481844	0.0017842528829926537
X950668	0.02473294358266984	-0.005534469886583443	-0.009183144198099461
X950675	0.013210598578700836	-0.0019626334944549883	-0.006803232359714872
X950677	0.021403647037043585	-0.00746061962707929	-0.004585550792641876
X950680	0.020549963552099208	0.012810329632420743	0.005138771252671072
X950687	0.025286858893069617	-0.00867441061541023	0.016666948915708427
X950693	0.018339837103197778	-0.015916656365525028	-0.0011131607001417284
X950695	-0.004285585158281629	-0.01712450854279383	-0.004441699677554733
X950696	0.006351948982386056	-0.001099328577039439	-0.017881792381618942
X950705	0.02440533512567666	7.529424635674011e-06	-0.009359859150868548
X950714	-0.07776413139469994	0.04144746635012041	-0.03372339053596842
X950726	-0.04550508272446099	0.02290703153029373	0.005627848290196751
X950728	-0.017159478252303736	0.020090527097488042	-0.013356747309345732
X950732	-0.00791000728061723	-0.02664850003280412	-0.00305965126780059
X950736	-0.0026545362673298083	-0.013642498700002014	0.0020651349091676706
X950746	0.005555232414093546	-0.004282916045877011	-0.011438475319327058
X950747	-0.004095633387192724	-0.008278489996332003	-0.0003691557858415129
X950752	-0.017802120596359914	-0.024373217874690656	0.01931984502817851
X950757	0.04725981682295773	0.010976596488014129	-0.002539418604018748
X950758	-0.009006669090611132	0.012338177028798029	0.010731884439502088
X950759	-0.007847977557145114	-0.018402672379353256	-0.0021581851700837665
X950766	0.018133175009382534	-0.01361575279293415	-0.0027867156763412572
X950769	-0.009414801253656393	0.05759337513100851	-0.07761266681161261
X950782	0.016782217905651348	0.008001576405412988	-0.006646539802890344
X950784	0.005862028843421182	-0.018089174755507295	-0.0013636882784971163
X950789	0.0047957903196487635	-0.014841950696162958	-0.010439323176761075
X950796	0.009810788537602718	-0.0008708168569854927	-0.005823343405039879
X950798	0.006021851779299021	-0.017936461770858142	-0.028013163515314674
X950799	0.015455102152417969	-0.010559493546375056	0.003938829034717262
X950803	0.009445100049628516	-0.001069157742844883	-0.022692699552298707
X950804	0.012267959326356801	-0.0026713147567721507	-0.012217608102414984
X950809	0.028427530251832523	-0.005519292343699661	-0.01033577718856248
X950810	0.012222975942337962	0.006428125351051653	0.008528639570168176
X950813	0.00117099390814208	-0.022017627892816	-0.00896633248585969
X950816	0.04862767259264499	0.05447876014105945	0.01549039748547402
X950827	0.028573731249717873	0.050756085036700385	0.011875034797391288
X950838	0.013964457821049256	-0.011058341650322032	-0.008143761947874941
X950841	0.024744474294742306	0.01222961832323597	0.0033124270306611253
X950845	0.011240362758101178	0.012450624209498166	-0.002370857347673872
X950846	0.011270074796272017	-0.010928444477851719	-0.01723547852778161
X950851	0.0227884609951405	-0.03999529331525389	0.022911880313043295
X950859	7.96514224017608e-05	0.005227454065552944	0.032395412693752665
X950860	-0.0019396374285976321	-0.010126589526745876	-0.0030264536063270555
X950869	0.00280580663653143	0.03843343772327849	0.01874825327140021
X950873	-0.0013315511284898481	0.0034377754830528418	-0.030120953020135767
X950900	-0.0369249425363462	0.01120500008418082	-0.008324272349460702
X950904	0.02052147551703519	0.0045506730749002005	-0.008066227342782588
X950906	0.035256721883619585	0.014202441941372414	-0.004525175014928346
X950911	-0.014784353832699626	-0.03443260612913474	-0.0054130898429144945
X950914	0.012152008572904056	0.015019422730721153	-0.005843707776021599
X950921	-0.05199286293012226	0.014944731281013705	0.030435163967000422
X950925	-0.003974701982582212	-0.010069425441156837	-0.023098267307246394
X950926	0.027295644356910412	-0.009009788209936925	0.013309216246689926
X950929	0.009284647133044784	0.000922407785687177	-0.0039757218026687975
X950963	0.014538501994001833	-0.021183178981047445	-0.018265307026779826
X950966	-0.004293363614622371	-0.014514902195658324	-0.009414031929193472
X950968	0.010075109079830578	-0.015678502108244338	-0.03268017082026121
X950987	0.008059846382261194	-0.02081992028605723	-0.0025564069897176197
X950995	0.027962157512602108	-0.001936514091224604	-0.03502564741997327
X950996	-0.01004513182467973	-0.012669006946203747	-0.018095234946594537
X950999	-0.0052342449927297256	0.0040337299895217525	0.02480037203796368
X951002	0.010723188039726652	-0.011464749734708807	-0.00847547394784568
X951018	0.018155040019252198	-0.003404431296908138	-0.01240250087803776
X951019	-0.0104841383898999	0.08977685690651459	0.03191219070118048
X951027	0.0025094607629437705	0.02210087188118252	-0.029328398553477613
X951030	-0.0011083681965349044	0.004306246192738374	0.011886074668182795
X951041	-0.034450132122659946	-0.027595726202295067	-0.002748458247412358
X951051	0.020709665736754132	0.0067043073873240605	-0.009443988493043854
X951054	-0.00010881757122042476	-0.00855645293475716	-0.004756946367287832
X951055	0.00789031994239793	-0.010327185341849005	0.01415902690733387
X951067	0.006180997910602893	-0.0015885754871849435	-0.007474390573682516
X951071	0.0008611309502878744	-0.015473439564167496	-0.012801577879696092
X951083	0.002125181237443268	-0.0031905344509005644	-0.005884130201506959
X951085	0.05259804709900665	0.027119451943893483	0.004987863326117349
X951115	0.012072548640870578	0.01804130624433444	0.008947458916378655
X951141	0.010625298265401178	0.002419684595233044	0.02760825315528923
X951144	0.01344110918698533	-0.024709394697557667	-0.02748922747575236
X951150	0.01053485633871777	-0.007281001668473145	-0.02092772330421501
X951151	0.01890701833007478	0.012701147501001531	-0.00908128111163754
X951154	0.0024807477530542146	-0.019017369699409144	-0.018953786697465197
X951156	-0.0021685833032341084	-0.012052495399937569	-0.007718916280669112
X951162	-0.02113432087540629	0.002828126763129127	-0.018219646900562957
X951171	-0.025752375506549824	-0.02406270514936564	0.004763736666683813
X951174	0.03412178901330557	0.01780273915705014	-0.002560143363594649
X951242	0.00958195792585149	-0.015480597118981134	-0.003772940879719853
X951273	0.0010411515549497217	-0.015029550512413089	-0.0028076075513513397
X951284	0.005973077909465725	-0.01316239181361075	0.0013155772694026426
X951317	-0.0015704407273803116	0.0029275572697486586	0.013546818131552773
X951318	0.0152641063628903	-0.014520783427445233	0.006132690824672795
X951322	-0.004835503471455534	0.01801966097057137	0.007222128394435579
X951337	0.02623119183260191	-0.009398059677498766	0.002508674932946953
X951365	0.02162129085521595	-0.002975439643139467	-0.02029543115383558
X951409	0.007430202159170291	0.038571179518877334	0.007021137194376679
X951429	0.018273669324881742	0.0017789207717499379	-0.012717151125369025
X951457	-0.025424154646670222	-0.02577165686968359	0.01039182358996367
X960001	-0.011615192913560543	-0.011132640634316387	-0.0037028460753106454
X960003	0.00015199033503514588	-0.010677403491395414	0.003952542598825437
X960004	0.009691896593941058	0.015299732643195613	0.030034039568221406
X960005	-0.0025379259933199405	-0.024066655495145528	-0.003822006044753337
X960009	-0.002728374716089341	-0.002485755693973456	-0.007400560852127884
X960012	-0.01273204226084599	-0.011594037271323441	0.006634721309812227
X960016	-0.04511753268216132	0.00517198085110584	-0.0011872313854899802
X960018	0.017284104827941058	-0.014381827453785353	-0.012267192419180877
X960019	-0.006746742426528326	-0.029135100087750245	0.06082642833716991
X960020	0.02087295559543773	-0.04191026740806847	-0.006177322155261758
X960021	-0.0036186065317042014	0.011737286627465466	-0.00966416478848116
X960022	0.0018260579894438134	-0.007005948825750393	0.002055184205411909
X960023	-0.05251797937649413	0.00848519526477763	-0.013569514957066353
X960025	0.019806915748153794	0.008243342329824597	0.005449278072532562
X960026	0.007222162358952978	-0.007120202996773878	0.023735000498028614
X960027	0.017397792588427517	-0.0014859353718023587	-0.0031364790253488295
X960028	-0.054165430167577445	-0.013950575575413989	-0.025202087628239906
X960029	-0.05906976391785995	-0.08978599158305502	-0.02578585583790221
X960030	0.0007588047494534781	-0.006373278259088094	0.009558481215838303
X960033	0.013694674413211804	-0.02683905314495276	0.021123171601213173
X960035	-0.005716082036257535	-0.021133122232226555	0.03502111732829657
X960037	0.005352185147797948	0.001743082567273406	-0.005094015187365166
X960039	0.002573563053910236	-0.0034967814125937756	-0.0033900132363194886
X960040	0.015296939147719183	0.01942875908249282	0.03355953570539911
X960044	0.011344167902723936	0.0036549706421866546	0.004690261608173227
X960046	-0.04026489361089159	0.03733322277510158	0.0980000921735991
X960048	-0.07872604073943044	-0.1452718118784423	0.015900216353995533
X960049	0.045478461813913414	0.027403565952086376	0.019958973093442064
X960050	0.006073386545558208	-0.013383658207201356	0.017247862920264184
X960051	-0.008107451297266397	-0.010215603599712658	-0.015311536765910847
X960055	0.01810782243547831	-0.00814739078956987	-0.002609766240455677
X960058	0.0127664429443531	0.01981258058610943	0.013229701413506888
X960059	0.03667045300465768	0.010595905094302154	0.003856723803818882
X960061	0.02892227566985499	0.027527694745395775	-0.01755401704823139
X960064	0.0015151880595633863	-0.01585598093725438	0.0017297211491156745
X960069	-0.015129604580452118	-0.00978150201404702	0.02839111551277878
X960070	-0.0008489549315713138	-0.024674238818548355	-0.005002912260652111
X960071	0.008541975464824138	0.0010852193762294646	-0.0065198983892258075
X960072	-0.015973365292619526	0.020812294019686792	0.008418595175270209
X960073	-0.04514894176516077	-0.02371565340334689	-0.004959560633703131
X960074	0.030676333228149	0.012227300626881836	0.0008552458296902605
X960083	-0.0018001227935660463	-0.015998039698951833	0.009229149473099815
X960086	0.017712497101429466	0.03958261343585706	0.10952218953139536
X960090	-0.006754253227406075	0.0070814939884911105	-0.0001402516360136495
X960091	0.008766848226168578	-0.003706038136047427	-0.030350688837806353
X960092	0.019211390965240664	-0.016401482527729033	-0.02132950102126662
X960093	-0.0008361441319852118	-0.004272301504187225	0.00750869722757576
X960096	0.044552921544792956	0.014874334348668129	0.013137175343523945
X960097	0.008617256915528448	0.021492389971278864	0.012278469518712015
X960098	-0.002544536183426894	0.0003494083166021856	0.004164886715379103
X960099	0.0060005479517761685	-0.007532518771144751	-0.0034200583152264896
X960102	0.02334877206824717	-0.0058303052209326455	-0.019156852385324972
X960104	0.03199759859414185	0.01933674834167176	-0.014767050239887876
X960106	0.005270003141925771	-0.02164216919098787	0.015060037756754486
X960108	-0.0024091277473958007	-0.008695076715270455	0.011905517401752497
X960112	0.009210652103217547	0.011761914321587704	0.002522756769634833
X960113	0.03222668716498251	0.021144528836715665	0.0071706687117189085
X960114	0.015285551350171053	0.00027384745023440604	0.010444124194885569
X960115	0.008530295583909098	0.0033227909887758866	-0.005467099310923397
X960118	-0.00735895060111246	-0.0223417451673617	-0.04666745972208919
X960120	0.0003768552475190245	-0.007852983180752655	0.004973384483738367
X960122	-0.04733867005949675	-0.009303662668175536	-0.030082832805098058
X960125	0.019184510025588894	0.019298073490426403	0.01648986748967898
X960126	-0.0016970622371683503	0.0013147166945997582	0.04052319097615258
X960129	-0.013939051120754484	0.003199360661712827	0.0527665494370878
X960130	0.006405221301992754	-0.01918604471737395	-0.008061719809256985
X960131	0.020631641980934045	0.007189872281550502	0.005035323518386939
X960136	0.03578097821635385	0.02678147746745333	0.011091935415766977
X960137	-0.0011615894869930114	-0.017208942239486144	-0.010722569529030545
X960140	0.010033275192142666	0.006609782516903651	0.014217901259164991
X960146	-0.07904476511084672	0.03035939197352794	0.03676983970618099
X960148	-0.06776198612314453	-0.05941038271658196	-0.023404452223695492
X960149	0.00955696436812555	-0.029814484826831078	-0.02427797774512868
X960152	0.015613603344991959	-0.02625729592560411	-0.0055671396455159675
X960153	-0.015326730265553352	0.028884945231999266	0.1354156384423219
X960154	0.012441362912186716	0.004588502065620689	0.0215430939156966
X960158	-0.06051179085276525	0.052923325068165404	0.08482403862924127
X960160	0.00119548711692593	-0.008428704698749661	-0.031616956481076736
X960162	0.00037515016815526037	-0.018289261981020263	-0.010826402562431985
X960164	-0.007374166700058982	-0.0203314786919202	-0.006805174734781398
X960165	0.0038518967087729852	-0.005689664222806908	-0.005035733945550887
X960169	-0.00787209085750536	-0.02905285045475145	0.010525107662110489
X960171	-0.03512412984689229	0.008601791283871058	0.0450694768003433
X960174	0.0020051789238900927	0.0032735927847239756	0.026800666124892628
X960175	0.005299405970989106	-0.0014186436305263052	0.0012636955910955345
X960176	-1.0808302835457676e-05	0.019209214405408407	0.02533392476503628
X960177	0.01564465618936822	0.0092768680270504	-0.01819331550922529
X960178	0.011664241067563768	-0.012195227938535277	0.0029974456737635997
X960179	0.002438440028798482	-0.008801620967638509	0.007754270202888416
X960180	-0.006867870723276464	-0.03241355377997013	-0.01948384126933841
X960181	-0.003527239283477458	-0.02107331128416611	-0.02259649384400604
X960183	0.008699268312032146	0.0018813177043737978	0.01106197240639989
X960184	-0.002653739044854696	-0.0012329559484995044	-0.017950537081847382
X960187	-0.019321276662239033	-0.02144065888360387	0.005472761896457465
X960189	-0.02618604288610298	-0.0014405073255264788	-0.02767211361483033
X960193	0.10038604830939536	0.060827930308432566	-0.031861198952665704
X960194	0.054282928642760804	0.065658766663445	0.029469916758502454
X960197	0.011966149885647263	0.010040026843508817	0.0016950865601495124
X960199	0.027503679774894794	-0.006386701572009569	0.004809320952676718
X960203	0.05581257319460109	0.011762616264598775	0.007044559158763255
X960206	-0.004694918982794892	0.08068137388901275	0.10304672227595729
X960208	-0.01666579416197311	0.02043324715912901	-0.03464808581689404
X960212	-0.006847232596825343	-0.0027511129278386106	0.023409116808068887
X960214	0.014599407958662285	0.00642409137685152	-0.010695139165434162
X960216	0.014995684173643694	0.01047605080386814	0.006417934601240344
X960219	-0.044309179409822125	0.005067792002055127	0.08013387308384186
X960220	-0.05635812687415359	-0.018740425999411107	-0.01792481745767866
X960221	-0.009875977984354667	-0.010498108350819902	0.01177726614162395
X960222	0.017983944865715525	0.04999036787140673	0.00885325929857456
X960224	-0.011789605443280057	-0.016827281841070806	-0.009816892627323968
X960226	-0.034836188681492776	0.03262948792902923	-0.012476507239661582
X960229	-0.007528856940458626	-0.01740803175176622	-0.008667781959908933
X960231	0.018646380214484764	0.006964749971591574	0.011062431098845015
X960235	-0.026372359347547336	-0.0631553087104498	-0.01466966997864861
X960238	0.03727415609769892	0.03022428530401878	0.01209191774703474
X960239	0.03488888711875407	0.004704202373352177	-0.014990847726838933
X960241	-0.0033080944673064268	-0.004301463361222004	0.0025069190031670875
X960242	-0.03775213202977695	0.023775204618702406	0.1412316388232765
X960244	0.0002869976287185111	0.0066065183933737845	0.009188712943172025
X960245	-0.047248392500641126	0.06969360881659431	-0.046422715077615216
X960249	0.008175056315345042	0.004119546624082645	0.006683919107627804
X960250	0.012954876964247382	-0.023435307718735997	-0.0017498992139810417
X960252	0.013983442205105282	-0.03662653698357819	0.015982380381483575
X960254	0.009116837986745915	-0.006976160332503318	0.007419712854641269
X960255	-0.008343973171223821	0.006612362828495686	0.0029334626357814435
X960263	0.01536839820856159	-0.007243972476579558	0.0016996163773193881
X960264	-0.03384175707471614	0.018306638334381398	-0.012954433879023047
X960266	0.008400105109509223	-0.03628659857186877	0.017611489703866393
X960267	0.012620304473252924	0.00046116129262578333	0.015071094784342095
X960268	-0.013454127264047567	0.002774971385997646	-0.01179932638964886
X960274	-0.013927366173404088	-0.0192314125392272	-0.010164896308360734
X960276	0.028366902284116785	0.024379435600141938	-0.014069716018457374
X960277	-0.08093358586486293	0.04667170109498214	-0.007192931459079812
X960279	-0.06183927102259847	-0.016455989584483407	0.035142488105687604
X960288	0.010903120038106558	-0.014277426744753945	-0.017322853199382073
X960290	0.010761031259351335	-0.0007295306708907014	-0.016218095100952658
X960297	0.003546724892460372	-0.017397344226787924	-0.007352773884362287
X960302	-0.00037448105978468363	0.005849216835992464	-0.0018501169663334594
X960303	0.005937612904392691	-0.017998360929114752	-0.02805051545836491
X960304	0.015538951283887065	-0.008242894427257553	0.0039024129836960643
X960306	0.0378603040826366	-0.05258089357093008	0.011345504394552931
X960309	-0.05054340355527784	0.0868329922405642	-0.06704235644362774
X960312	0.018527975769610974	-0.0359398189619334	0.03736085544274204
X960315	-0.009646400828502145	-0.019050102922840928	0.009639206857004059
X960318	0.06348382664280613	0.043256811414699045	0.003802961906534478
X960319	-0.007754532311175844	0.006009619576898341	-0.010087572334451426
X960322	-0.011462659625422	0.01696406094401588	0.0015207303849866691
X960327	0.03661043493878786	0.022111264340249907	-0.009089944420566735
X960331	0.02731640976952833	0.019031144292162627	0.06910064667854886
X960336	0.007618547774884938	-0.021766946393467542	0.04300192090518955
X960338	-0.09414865399604698	-0.048948667602241314	0.020165482111336754
X960339	0.016952087097287263	0.006533449184900941	-0.0050999638029432205
X960341	-0.0031284426720900754	-0.009910998825473166	0.024555140334657163
X960342	0.013436182327945398	-0.005950736542658596	0.013071773664159493
X960344	0.04020672429920686	0.04899275127970932	0.014043998597598856
X960347	-0.0056657977693095685	-0.0005419902837546129	-0.00900432282657674
X960348	-0.0009640028886468212	-0.013824224179550522	-0.007794951939294479
X960350	0.022017400722533793	0.017908825747842687	-0.0024475741851749237
X960351	-5.067831251116817e-05	0.003535362334150255	-0.01676967849896077
X960352	0.05170707393423745	0.026567843165708552	0.017648035468558258
X960353	-0.003950318918539403	-0.023351321151328597	-0.02073760258353528
X960354	-0.04820359892164957	0.030413829620044325	0.04409629738638555
X960357	-0.06077421598855862	0.0010728450281620185	-0.0173273544108062
X960360	-0.03850115714201115	-0.016665492184718845	0.10871077288219756
X960362	-0.004503545223570525	-0.006948973908604832	-0.0007599422166583165
X960363	0.0030650820635972067	-0.0055354102075981905	0.0011207747386410025
X960365	-0.00043103850867512575	0.002193478476924577	-0.00778649434944395
X960368	0.009299022038164382	0.0058691022272506065	-0.01142013775988973
X960372	-0.02893780483552105	-0.007844152488786832	0.0013813056667946967
X960373	0.011801355976635891	-0.005985512356866815	-0.013245113856690126
X960374	-0.017918423342618253	-0.025131770164442076	0.08855270244271464
X960376	-0.013884932155389497	0.037324672207695156	0.050075162231019134
X960377	-0.03366294853372428	-0.0008071271572868512	-0.020002208281131976
X960379	-0.023782296065359317	-0.035818223647394974	-0.013535723752754386
X960381	-0.05117277926081841	0.0017138440367524637	0.017840372541267534
X960383	-0.06286675367098665	0.020112332911097645	-0.002782234159596442
X960385	0.009651995680072684	-0.05070530562162651	0.022976050017783387
X960386	0.04176527791017414	-0.04921799289725426	0.02425306697497886
X960387	-0.009401304966203826	0.024941697919310578	-0.046743494859931733
X960390	-0.004225155653251559	0.012148262525479419	-0.02763464510310188
X960394	0.005666912711655451	-0.0534434475336774	0.010340704864585928
X960398	-0.023685992086607842	-0.025421010503246546	-0.011880272413766917
X960401	-0.02616245977667801	0.02249354981550647	0.058298069841339575
X960403	0.001705059810272956	-0.023556528554720988	-0.024612521866708637
X960404	0.01312901956105557	-0.01453472189507461	0.0024827893125693025
X960408	-0.04414224936925798	0.006372589750928353	0.0056255837214323
X960410	0.03523088865881665	0.023556933861774116	-0.0055739372799869435
X960411	-0.0012430368208729413	0.01352037909154135	-0.019562424592110602
X960412	-0.021192053548800847	-0.005543897019744739	-0.015781886862074726
X960414	0.018156232383888173	-0.0239222455755029	0.004031344817706088
X960419	0.0025952778098738013	-0.009414919947620509	-0.0029543986781197093
X960421	0.06190197972329115	0.045541311117064685	0.08108793345476235
X960423	-0.00123974200945812	-0.009043159435359997	-0.004127380358224229
X960425	-0.021400673537138263	0.02931017061252837	-0.048102805337681444
X960426	0.004199379972581061	-0.008370162958504079	-0.0007195117997613889
X960427	-0.01625221547131681	0.02141365937665023	0.0008179006654273383
X960428	0.001780801716516796	-0.007243752257497276	-0.004011640902549087
X960430	-0.01204858044242646	0.00023790796147389715	0.010032826983930387
X960431	0.0036522742382298946	-0.03906500759317917	0.007173245735654881
X960434	0.006636639841974828	-0.00534857994403651	0.0012638754681418782
X960435	-0.01960118195629703	-0.01694334519449182	0.0741477906689036
X960439	0.0035614135144896174	-0.030540615766262644	0.007354797026648983
X960443	0.010934220599680276	0.0101577979305991	5.5760024703094904e-05
X960445	-0.004609207953344972	-0.014341143844353105	-0.004877245398666322
X960446	-0.0011045105155369197	-0.022900325011593767	-0.0009761694059483902
X960447	0.0475970704939377	0.03788996986512039	-0.005683662830060993
X960452	0.025686985860463894	0.024362694859877528	-0.003610943985799106
X960463	0.12631290306398116	-0.10810228034147391	-0.0005444543595377458
X960465	-0.05934081199189931	-0.00727100513226473	0.06240805314640562
X960478	-0.0011874492341333997	-0.007858949674522666	-0.0005796108580594873
X960480	-0.02515212460564218	-0.007501153381929445	-0.026798273259595957
X960481	-0.08142369032457812	0.04544091468240049	0.059857775720672156
X960483	-0.04284851296351011	0.006298326156157596	-0.0063049666711441875
X960485	-0.020658236699254748	0.06198165802975434	-0.017569208796213275
X960490	-0.009201187985891384	-0.0112286001522662	-0.00827904065847281
X960493	0.02133236894135195	-0.0018082069588041428	0.0072459610881385516
X960494	-0.09883750527558081	-0.16328006764208763	0.04728818658914019
X960496	-0.005445998718861051	-0.012830244440017454	0.003029533156815258
X960501	0.019808872882208905	0.014833251962550687	-0.01228932569591356
X960513	-0.007006110341933238	-0.00993872423844633	-0.009055427506631087
X960516	0.02529615091417501	-0.002413105729209778	0.006046747728812471
X960529	0.0001767074607289743	-0.0036946790978985354	-0.001571163068727101
X960538	-0.003187901757924638	-0.023340895094003274	-0.011961281293812624
X960542	-0.04373940481269148	0.0061620946330559045	-0.012785835277410812
X960544	-0.08739467360524074	0.08784587238959037	-0.17278846044891066
X960550	0.02001684340631356	-0.008681217186053808	0.04384581371360477
X960551	0.002883215905548621	-0.02920741693688091	-0.00732362664764557
X960553	-0.012214358504655567	-0.019917229506584633	-0.010563045922656644
X960557	0.024147072469043986	0.0027876541821434966	-0.00718304025089658
X960575	0.058594013483662395	0.004136680302053804	0.06946231927097851
X960577	-0.006179200840993099	-0.0089262280456185	0.021657352435304197
X960589	-0.05274551395283315	-0.030863029214485322	0.043491769774247034
X960591	0.06341299624365436	-0.06978916099570608	-0.05981685599695082
X960592	0.012837333045734069	0.06315651140315963	-0.11494600990194516
X960596	-0.034941185145377314	-0.004045424248906951	0.04431831341960042
X960611	-0.031006590393780828	0.021899791873218034	-0.008258842984759962
X960612	-0.026505289610529923	0.027643411393726697	0.061716636158791555
X960616	0.011777515410644387	-0.010006027939618946	0.0015861187886244668
X960632	0.006958771072160863	-0.003544852455515879	-0.0054309654734575425
X960635	-0.002821135117112283	-0.017303264671346415	0.010907554529869178
X960636	0.010585393309364966	0.008084142484243622	0.018561920135056285
X960639	-0.004125190685806488	0.007997145358972288	0.006453563681261191
X960643	0.004515015841291813	-0.0022064374632084294	0.0007828259585224088
X960651	-0.05402089891647585	-0.03737783586284671	0.011104383515880821
X960658	-0.0780955928940575	0.012095198557153788	0.0057915358789891345
X960659	0.0636156513994536	0.04083037836672999	0.026903788776337863
X960666	-0.00497774552211357	0.007947312489247505	-0.021313894715694146
X960667	0.005012124971131417	-0.003998227253543083	0.002328195706227376
X960672	-0.00708278369998277	-0.035672821994550574	0.011707486015315058
X960673	-0.05359888926337006	0.053770615650457584	-0.027255904651462316
X960683	-0.0730715426295935	0.00042517481618400884	0.13464151177601524
X960684	0.030222346337442453	0.012102774541923472	-0.0029156202359837246
X960692	-0.019592075461814778	0.0068609070219068065	-0.0034197933131835593
X960693	0.016434908202978375	0.0005159557151243065	0.0008943641275252669
X960712	0.006959782698851362	-0.008051015274397378	0.02549493841421918
X960719	0.015723026544119553	0.0169156146606026	-0.01914432777885181
X960720	0.10507162635005202	0.09545679751925128	0.027664345288196897
X960726	-0.02564583214654497	0.004267178407078662	0.022258732104202275
X960743	0.09260416376333769	0.08717528674223884	0.06492813326059312
X960748	-0.029701624765322957	-0.01522787468316247	0.01442645168176702
X960751	-0.07613964491194324	0.01347727210286864	-0.042229405168909016
X960760	-0.005433591290153046	0.0016681580703848402	0.021901507318275133
X960764	0.004121141610813427	0.07775904714195123	-0.027037397939102776
X960788	0.032698452617382356	0.04125469478348453	0.00785660648365502
X960792	-0.012795602317112017	-0.0319230217106829	-0.00562549102977928
X960793	0.041016870109279575	-0.057114462419709716	-0.025762816247642293
X960795	0.016558658078302344	0.01152841365178709	0.005733135656701089
X960796	-0.05923285315864991	0.00857548044781273	0.017474808310460808
X960803	0.017486954325743695	-0.002490553548325242	-0.017893715590257965
X960807	0.02480676267125809	0.03666055135059051	0.0137074318010571
X960837	-0.011133982190537371	0.027199103010726262	0.050371360171282145
X960841	0.061952607924735295	0.11384355284300691	0.06351544908437926
X960843	-0.00012204992126865684	-0.015033187661192405	0.004669538379638544
X960848	-0.03445629157846444	0.09912162617605695	-0.14119670603866227
X960850	0.05164067767424307	-0.021813633413309573	0.0008900425941021453
X960851	-0.04517612543745208	0.0035929103669046698	0.09346525060897966
X960857	-0.02861876056710667	-0.051572194214244284	0.00022101665132807447
X960865	0.023193769554399907	0.0020891721279354476	-0.03485786246798271
X960870	0.009081987802553395	-0.01915407437592135	-0.010554934901411742
X960875	-0.01679118704842973	0.04740879799257719	0.044605475666849775
X960883	0.011713537063421825	0.0184514406707057	-0.020829110723246898
X960884	-0.001651808398842666	-0.09017637942855085	-0.016744954302400444
X960892	0.009018910392300352	0.05010831437605864	0.10323584945281751
X960894	0.0012160057133897865	-0.017492275913442847	-0.03811499728275937
X960910	-0.010913771208383162	-0.013026748918732312	-0.009179600159643567
X960911	-0.018522277754020173	0.006921499979458855	0.008107262384577733
X960920	-0.039731820480640966	0.038632316907547856	-0.06042016326255732
X960934	0.08801722063310222	-0.06744668311705025	0.10011640503404368
X960939	0.008137897126282202	-0.004002836106366791	0.00339229729896345
X960943	0.030517657460042126	0.014883959574716773	-0.008308375754430088
X960944	-0.03867498082590636	0.01220539144600687	-0.02954961112107454
X960969	-0.011770169633315184	-0.0053983375820211305	0.017836995426408358
X960972	-0.0008325087463148394	-0.013363610994173603	-0.020132609810823543
X960974	-0.0012000996788409655	-0.013067333091921783	0.012947193671107008
X960981	0.015345012769171879	0.03990268655817259	0.014662006016017843
X960991	0.012067849976124692	0.05044103582544094	0.047119086796407084
X960998	0.014376364434893478	-0.01929156121435056	0.009398602284718057
X961012	0.013978627148313476	-0.025131944501938643	-0.019780454931104138
X961035	-0.007908558111063628	6.446118795909851e-05	-0.04593882089274989
X961077	0.036771474991246667	0.023501096775745755	0.0019958561480306566
X961092	-0.016692045312347657	-0.016966821133872198	0.02247826305783716
X961096	0.003994356747202858	0.0021231032084565037	0.03405102041044847
X961105	0.01163686572759742	-0.014361287120485048	-0.00017267776043690988
X961124	-0.03481578154121682	-0.01110645751508894	0.014262485976610935
X961128	0.0220554161671477	0.01637123494877712	0.0381693507581079
X961151	-0.05609162319227151	-0.03176228964894095	-0.041871768527265915
X961177	0.026081241301882302	-0.03191092938540422	0.0014979477901081494
X961180	0.04280995509979739	0.07817130237828393	0.05538876175852542
X961193	-0.024550141592705483	0.06312685164962265	0.028051746581887162
X961214	-0.002020675236138123	-0.003666341706907322	-0.003916450787235171
X961221	0.009009289410708428	0.011675741153974845	-0.00915001191229889
X961226	-0.04490926914021624	-0.027211768382075945	-0.014614582935110336
X961240	4.392314560635334e-05	-0.00032513422671216497	-0.02113489182120664
X961242	-0.0001068330349431061	-0.03548996481792491	0.014717506499054673
X961243	-0.05267669694318068	0.008866591693234619	0.12040825733008806
X961246	-0.005705998063624185	-0.002659489752818643	-0.003005284088380092
X961263	0.0081471286710961	0.008405734467490348	-0.012541978870277611
X961282	0.01234406277518073	-0.009932690642012553	0.005308174980453837
X961321	-0.008841538716638514	-0.008672294501610086	0.010954970845980827
X961325	-0.04062258252154246	-0.013566736688327384	0.07675061769869647
X961339	-0.03900390978878987	0.019585164027680627	-0.03374065799087916
X961365	0.02971902874706593	0.011519557120228296	0.02292908366180837
X961417	-0.003993711767847636	-0.032329517504156656	-0.00260134485760518
X961423	0.021116185254077734	0.006722134923097831	0.00500467910853533
X961434	0.02140753676557195	-0.04569487683580669	-0.0020241989844971293
X961485	-0.013396821830787496	-0.00015570175619890615	0.030147949734366946
X961553	-0.017174651956098914	0.02707082394263119	0.06007232328471289
X961577	0.013040080710973803	0.0031050903390585746	0.0012912629409258436
X961634	-0.03770186562964673	-0.01554335482710661	0.02493222508732501
X961684	0.008822104213562387	-0.002407160422630316	0.0005899784672919792
X961686	-0.012735902602996783	-0.006655411798649496	0.08729140720931798
X961738	-0.026988064303411184	0.0562927378593102	-0.003779288002216622
X961809	-0.02013883101669998	0.02531349036580307	-0.0016842151416043927
X970002	0.004141325137296979	-0.011241184154125105	0.017337451821704278
X970003	0.0012948492194682444	-0.01360257723085161	-0.029725719091186695
X970007	0.021472396845677644	-0.0007512647430835729	-0.01540229111521804
X970008	0.00046721655272943964	-0.02117174182299307	-0.0036253864303630564
X970010	-0.009531903966210674	-0.009139865325359622	0.0031150416083761162
X970011	0.016282887472076422	0.005047498095781773	-0.014643446474953596
X970013	-0.0070355321787604185	-0.00786052104661992	0.005030385036279255
X970015	-0.03265422620294681	0.02343748141403313	0.06515435854062776
X970016	0.0096072716258135	-0.013619394582632637	-0.006666059404845773
X970017	-0.0040187995653131305	-0.029883879278463806	-0.04699453194750925
X970018	0.06327828480672096	-0.07419987851881683	0.04382232749672412
X970022	0.036325639448281655	0.032865870849508226	0.025364578078216377
X970024	-0.0007505442009677761	-0.007452960739924187	0.007189379549872507
X970026	0.016255192260422106	-0.0012884665628685355	0.0013701056776000537
X970027	0.015249435045405277	0.006280763307631365	0.008198935960583858
X970029	-0.010504330330811903	0.0005100332885233657	-0.020892906438778773
X970030	0.013506380601890158	-0.01086501695378328	-0.024277622271330283
X970031	-0.02526603882951827	0.03405176887884924	0.04658578545681116
X970032	-0.09014217105793858	-0.01758777287888751	0.052670416649435815
X970033	-0.019564649127699202	-0.004207338430497153	-0.037075988004938075
X970034	0.014132879241837355	-0.03216756806078507	-0.03531717094210796
X970035	0.0025560909688844614	-0.020463055333555327	0.0025099537506698974
X970037	-0.01169912052254696	0.004357289436229592	0.0003269428234109015
X970038	-0.029862146127579446	-0.007984124388110265	-0.004338053523044069
X970039	-0.008027748141928442	-0.011062708845755454	0.0003581072473506582
X970040	-0.036023073759190255	0.005238479663643797	8.154634649358467e-05
X970041	-0.004570418618516918	-0.0018786900154160438	-0.019490118478681373
X970042	0.00950396987257977	-0.013234602030397878	-0.0003629041582797736
X970044	-0.006560104356902031	0.003963385796139248	-0.00371916044728048
X970045	-0.018399515033492218	0.01103354266806983	0.01653623933338716
X970050	-0.008161231952199555	-0.003200490359883398	0.004834709099665984
X970051	0.014416377988651292	0.0299964559484979	0.035307505393438694
X970052	-0.01710385825279824	-0.016327268705681436	-0.00028308360520809273
X970055	0.001198906681412563	-0.03577361311412162	-0.00420126760978097
X970057	0.006680192703442969	-0.036201632578940164	0.012184602511098748
X970065	-0.0005593710065937334	-0.02904645937924986	-0.010527676058998188
X970067	0.005646762502181907	-0.0053704220572361955	-0.014004592015219587
X970069	-0.046267135559104174	0.02955649211620856	0.06148855398348174
X970071	0.008932304107410019	-0.0076363608481675085	-0.0028429411772077826
X970072	0.011943928517336923	-0.0034699663849767706	0.004524083338648726
X970075	0.02387451080789058	0.03807472242395316	-0.011291977930823363
X970078	0.012616773313674017	-0.0007786008676650749	-0.00034973342522237984
X970079	-0.011132939688664306	0.053737202967309196	0.030146306261442157
X970082	0.02136733384799884	0.01959394858425469	0.004321739694905714
X970084	-0.01764077359255542	-0.012591874369356049	0.02042831716617581
X970085	0.0016063377216754785	-0.017134566439476067	-0.05882925725489602
X970086	0.013226834569997174	-0.010848510369735906	0.0023120892817505507
X970088	0.004176849355707884	-0.009665833146163472	0.0013105478767398916
X970089	-0.0308179355566801	0.0057440053417762435	-0.03969028704523839
X970091	-0.026363715318684117	0.019440223141368018	0.05470894774817924
X970092	-0.04903208942638178	0.023580735129897064	0.03737554965415288
X970093	-0.002216087112449617	-0.0058868337783271165	0.0015859124817072933
X970094	-0.014490975445852126	0.0004487331459165571	-0.0028855160629305543
X970095	-0.024790423290269117	-0.011483844081942713	-0.011499495244761128
X970097	-0.0009299593717346742	0.006614071600428824	0.03749311583901215
X970099	0.006878770286633087	-0.001303370803582679	-0.007928253186053523
X970100	-0.05335260291802606	-0.009401643687499284	0.020144678370355412
X970102	0.007925088610768842	-0.003354964651217525	-0.08832393843762175
X970106	0.008875017950165744	0.02618472927546262	0.001160559240398972
X970109	0.0008708230908182033	-0.015963314344958904	0.0004295799630275972
X970112	0.0049848629612662355	-0.0012551139212436627	-0.024490341796551764
X970113	0.042035959841905994	-0.0482374295389427	-0.05845411024976923
X970116	0.003941032557417163	-0.006780589543632155	-0.028447673764308023
X970118	0.0030716979247084634	-0.024281867784858666	-0.007832942771275896
X970120	0.02765846522722725	-0.003107296498752337	-0.0278425147544822
X970121	-0.12315297694925935	0.03594235603806595	0.13024378201139677
X970124	-0.030175387633771728	0.001117880133088085	0.0009451224824293472
X970125	0.004546267035603108	-0.0019635033393811466	0.010403255573336996
X970128	-0.04833537228634675	0.006019219687202685	-0.0018125406322213407
X970129	0.00857595943699486	-0.003942049172459457	-0.008438262519113046
X970130	0.0218661900076071	0.012110867405985671	0.01735439046422936
X970131	-0.08277938694502747	0.035289481534562996	0.026147803049568073
X970134	-0.002097257264471408	-0.006632211607841212	0.012116126157681229
X970135	0.035333629226695834	0.02216994401696462	0.02750132229004794
X970140	0.00021399129322169548	-0.014470062528717784	-0.010796274974874648
X970141	-0.0331514738989342	0.010071765930182495	-0.024632633146042263
X970146	0.0033899238950910442	-0.018867929675808602	-0.010442132290589651
X970152	0.019926658245391537	-0.02294331640891401	0.03999656091086641
X970154	-0.0024670336882181426	0.0003765439948404698	-0.007733193738279637
X970156	-0.0010640836017234737	0.029202830849939562	0.009439858157695519
X970157	0.011621435011157177	-0.001690699305155198	-0.0015320490430949186
X970158	-0.008102241364657363	0.00011584368042062678	-0.03429143580432204
X970160	0.009422831954782294	-0.004135941213830172	-0.015413761738753355
X970161	0.00016148447798280344	-0.010294147692467339	-0.02486765642449503
X970165	0.0030959538492178382	-0.007609613995545257	0.00543063832873842
X970166	-0.034999664617367136	-0.013916296685820853	0.019353913008252326
X970168	-0.00512113165826044	-0.011195630226361662	-0.012445396101181293
X970177	0.014064632902421473	0.0073577724726434255	-0.005933436835559447
X970179	0.053401880732964556	0.04341890812772916	0.0171013268395078
X970180	-0.008773025437584573	-0.0038264339450980772	0.00818254458033715
X970181	0.006940079023736404	0.02267769667375186	-0.002320649636650516
X970185	-0.017709121018790897	0.02899039913707984	0.024208728038595858
X970194	0.01788451587215045	-0.008749411506141608	-0.014384996247266243
X970197	0.01989035532303208	-0.017271926898649467	-0.006322839561313152
X970199	0.0002915061397385361	-0.016708283990212684	0.01424884534407954
X970206	-0.014882795526086073	-0.014985397046273092	-0.008170887570976334
X970207	0.021875801466235592	-0.037002936126627556	0.012766100505039507
X970209	0.007157713718933477	-0.008832570584167468	-0.014709453013149616
X970216	-0.039576247628823336	0.0268224749323561	0.030909600808836046
X970221	0.002812119868558575	0.0038776056050683167	0.02175735014293737
X970225	0.007689404127530771	-0.015652227261029994	0.00657704431764165
X970226	-0.06882915651521593	-0.01094068989142978	-0.019026915502128906
X970227	0.024326131602126374	0.009360636521425613	-0.008991525992479227
X970228	0.01245986210975543	0.012131725802478873	0.0028075945170693197
X970232	0.041634836129177705	-0.04637825435271633	-0.011426250513839283
X970236	-0.01277980131910528	0.0011116750956291575	-0.02037490150569355
X970237	-0.012362894066678665	-0.0029676570778185917	0.05435455749647787
X970240	0.06482016835901183	-0.06068707290307915	0.12025730276406503
X970250	0.019912321919970003	0.029801552222850327	0.01872992877967933
X970251	0.0015113727938503984	-0.05696650744029368	-0.005612683987636251
X970254	-0.008759463094795002	-0.0029808005696511223	-0.005043518673783453
X970255	0.0010285561981827787	-0.01667754305704159	-0.030882395839205223
X970257	-0.03262636674933076	-0.004662144660801414	-0.04353758413186077
X970268	-0.0007137028125629484	-0.004026990009876049	-0.011930631443524447
X970269	-0.015878008715065145	-0.008040347171403095	-0.002082608146605342
X970271	0.00095437143851561	0.0005099958310408385	-0.014637154054229122
X970277	-0.029681260391964913	-0.012766169541178827	0.003966881275929932
X970283	-0.013392027824548153	-0.021799468096613563	0.04609762514462066
X970288	-0.014585992395288672	0.013488882850948581	-0.0008177520466888502
X970296	0.04292598150470587	-0.03473271444878451	0.025807237965158977
X970299	0.0007304369366775406	0.01735382870469978	-0.011009208797528314
X970307	0.008458968851332585	0.003766755114158457	-0.002447897063745528
X970312	-0.01512327389928646	-0.013927079464756062	-0.002946238371374637
X970323	-0.0033598490628082567	-0.009084264169532503	-0.01320647550734552
X970325	0.02456049303832143	0.020083492165889814	0.025279236667569406
X970327	0.04057543768980653	-0.030028364185184515	0.020748924648478242
X970338	-0.026784412271694633	0.004703078679438474	-0.04600880133439632
X970342	0.01645566636588405	-0.012429431791764237	0.06817970699739544
X970343	0.04322592080626953	0.016016164323740065	0.021651967082949374
X970345	0.010270299540430065	-0.011448154135864788	-0.010509861473253891
X970346	-0.023022948907652083	0.022793714941428976	-0.019748875759097517
X970349	-0.00762095314626833	-0.014634055607352632	-0.00424030919723585
X970350	-0.03251264860220164	-0.009231284429886662	-0.0032374222565424273
X970358	0.010911511552805016	-0.004527050487175244	-0.022082007842725924
X970359	-0.015310140646135085	-0.007598796343086922	-0.025592204717527392
X970361	-0.10001125933038232	0.050149388764042305	-0.006022421421963081
X970366	-0.04544231867886337	0.022375853523785707	0.04560999386745733
X970375	-0.012296784212275091	-0.0048887482038497115	-0.003833888182013252
X970380	0.014417459214474534	0.04411352407593586	0.03382448936683692
X970381	0.014342818641685332	0.0018023155087984047	0.00788763749616993
X970389	0.025177397410843773	0.03068175658038729	-0.029351847711421623
X970393	-0.009896364282985267	-0.01733621624885825	-0.04605056944951762
X970411	-0.02203875497528815	0.0009122863200131446	-0.037407380334894644
X970412	-0.012817933132111456	-0.024772326519100298	-0.019073787967165877
X970414	-0.01748329663246531	-0.010556491159967677	-0.016993272217639726
X970425	-0.009475112944388863	-0.004548798379537645	-0.00594807217815676
X970428	0.024500718057388467	0.055129150395358914	0.012702807402968317
X970432	-0.008097696962750547	0.012156645630822098	0.004625455659819421
X970454	-0.00035166378250560106	-0.014132279641754538	-0.00139714200791328
X970472	-0.005778559034214473	-0.0022832188033859962	0.004922542739958013
X970474	0.0048377652009726655	-0.016254613244200564	-0.01974406190484842
X970480	-0.004114617838258182	-0.01848186291717245	-0.004192821107884661
X970482	-0.009002490682094414	0.07164148047537316	0.0632723451967327
X970497	0.006278559837441632	-0.01444741194508658	-0.009552110107311478
X970502	-0.045198853377100896	0.043167559491408845	-0.050150259634007384
X970504	-0.022960194175668573	-0.028155612634204456	-0.039894428960523094
X970509	-0.024209111746812475	-0.02007017691263379	-0.026960413906728542
X970512	-0.010947623772247589	-0.012533233679251339	-0.00549448054818514
X970515	0.013557229987843564	-0.0002831415196660572	0.004825007443442619
X970517	0.029748387047146174	0.04838420392041446	0.022154313398380775
X970519	0.005035906528380178	-0.00742606295666469	0.0009241441174478456
X970522	0.004406056638224294	0.0038070134931802915	-0.0117401476946816
X970524	-7.966768093404471e-07	-0.0029975094099272876	0.008400159668666373
X970533	-0.014409524783321208	0.011072402748679298	0.01612499187180988
X970536	0.0032088098571491615	-0.0013213013483924956	0.010502095214939465
X970538	-0.016899315960781636	0.014168579600726029	-0.02931975579755398
X970543	0.0008199353777702731	-0.00887665093789787	0.0009950523041467206
X970544	0.044372718119664	0.010607035999965597	0.016204628492236476
X970549	0.004571328087649861	-0.03285636834669575	0.0010834988600371797
X970563	0.00605957349623354	0.021270044480759125	0.021858987662285494
X970564	0.010858571760165352	-0.0016370041902592353	-0.009867752085682933
X970573	0.0030890989247128343	-0.01198344845048312	-0.01686061853931788
X970577	0.019014949596875434	0.007745105809559496	-0.014180328246363545
X970587	0.01226071667661983	-0.004124897755040277	0.004440995155292275
X970599	-0.0008053576726100702	-0.022484237762345507	-0.009674167511094572
X970614	-0.0025696961601334614	0.005365472797740896	-0.00034914931040669204
X970625	0.021634760035879812	0.017496838264283613	0.025942388806694347
X970633	0.011374593172374742	0.008723423204020598	0.008961610554789891
X970638	-0.010239198354374587	0.03304916577638624	0.04246242258701659
X970649	-0.011642019429110386	0.0017896723226781376	-0.04319785127513398
X970659	0.012310615452488329	-0.0022876309009365555	-0.015562146522044386
X970663	0.0038942163155200617	0.011141146402413265	-0.006784606266010123
X970664	-0.0015194729805661272	-0.006060348529230011	-0.07659130950481685
X970677	-0.012412625942898528	-0.004138143628180043	-0.020506778117645126
X970680	-0.03149243563733	0.017860917710792082	0.025140965504792133
X970687	-0.018383790274429334	0.01165391269472224	0.004732332875636807
X970688	-0.029467251676374668	0.028505595950368157	0.04360663677655251
X970692	0.0019361536203948927	-0.020612622912614374	-0.011492640791421817
X970706	-0.023370222715328903	-0.01279573616073504	-0.05763048536803408
X970707	0.004683102765886219	-0.0021485033404438593	-0.009976419170437732
X970717	-0.035937616754435436	-0.028895846546605722	-0.007167200943291937
X970718	0.012973839236585342	-0.001444197473066114	-0.0024465422982610507
X970731	0.0027579494291210026	0.02233022375918875	0.013157713847147763
X970732	0.026333372527441577	-0.023186133447575363	-0.0006385372973432121
X970737	0.0036332705974359124	-0.004826493483817181	0.01286433355527492
X970745	-0.008016888246012085	0.016224221887078113	0.0008887407749459659
X970784	0.014925291906702155	0.0013210744933659223	-0.017824632544414305
X970791	-0.0002456595670956511	0.001656120461178845	-0.030226751110711023
X970813	0.004807324431616991	-0.019000339491019622	-0.0018800997161069661
X970860	0.0058326967237147965	-0.009497300256434632	-0.011919978163447937
X970932	-0.016053738192863827	0.0008880366566482886	0.005523632725870954
X970960	0.03360670862908936	-0.01808583940925694	-0.052663112918254984

Biplot	0	0

Site constraints	0	0
