Eigvals	3
27.792715029139814	24.11082985071385	15.279653969129317

Proportion explained	3
0.4866544859000991	0.3662546090090718	0.1470909050908291

Species	12	3
Propionibacteriaceae	-8.645527194175424	-4.299173408846555	-3.5028499998119322
Staphylococcus caprae or capitis	3.4875334181809454	-3.736288704648219	-0.5984392925569245
Staphylococcus epidermidis	5.656887456359892	7.535388349631908	6.852748712418996
Staphylococcus hominis	13.671221576635716	5.877208340183444	-2.667331162624299
Other Staphylococci	-13.052144557405416	17.290672535982118	-0.155425502195872
Polyomavirus HPyV6	8.752377992494624	3.654453696868597	-4.74520032472031
Polyomavirus HPyV7	-7.435895032630207	-2.854227019410853	-0.1643635389956718
Merkel Cell Polyomavirus	-5.240821844326472	-5.43673009218813	8.61393404669993
Malasseziaceae	-7.182841082587325	-5.0150554091392054	-7.644057343314346
Corynebacteriaceae	5.98213696986791	-7.812629797292735	1.5021724274818782
Micrococcaceae	6.558504548093032	-0.6254624891968341	-0.5008369402480944
Other families	-2.5514322505072657	-4.5781560019435465	3.009648917866676

Site	1225	3
X940001	0.005166603889991698	0.00751031495650518	0.013656646982767542
X940002	-0.003582530191218611	0.011973096590482657	0.00010420520233170392
X940005	0.0012174338741181361	0.015724583183506557	0.0020856250948224422
X940007	0.005296993719888305	-0.007069087538401487	-0.010907526079748828
X940010	0.017681010925753245	-0.024091333008591728	0.004137674942613444
X940013	0.009499018007078579	0.00955004818314831	0.015521433566028166
X940014	-0.08286473379013636	-0.020845479064192343	0.03631080571053724
X940015	0.0028630270278278734	0.0028899551729262203	0.0053471309003021465
X940019	-0.05272540600013244	-0.059591530254113005	-0.045108783311969276
X940021	0.0769378272733721	-0.029387507692043437	-0.017854937491694804
X940022	0.01748805571442143	0.01933320872417444	0.025986995735906
X940024	0.021850592317860486	0.00633643082514078	0.007822155831528553
X940025	0.0047819728373509245	0.0029391237894696477	0.0012263376557980735
X940026	-0.0025282649746237213	-0.015187779002562999	0.028509484849329934
X940027	0.0225910242065482	-0.005128209752433032	-0.00609480750471247
X940028	0.01892616912441456	0.020328074593822094	0.005465839134960787
X940029	0.0047136927592687896	-0.010581169001084842	-0.00965102702195432
X940031	-0.007373739638150929	-0.012451866118580552	-0.0001536382505066202
X940032	0.0018162259783164934	0.0014614513248291797	0.0023450746721565175
X940034	0.026685586762751384	0.016327012999696255	0.028163075991919702
X940040	0.04112128718099102	0.034069346143912535	0.02003620042690557
X940043	0.01882310947699932	0.011493009069104323	-0.005672905506439411
X940045	-0.07875789743396223	-0.02237433143865124	-0.020849603948472305
X940047	0.0770907911423477	-0.02914629034330581	-0.024611793685751244
X940048	0.03601774073128915	0.020975865196494158	0.016396032098427504
X940049	0.002483414540637046	0.009363649899555286	-0.0021251875186075486
X940050	-0.0193074728242359	0.013165353408239065	-0.03822517871358334
X940053	0.007892330002397007	0.008018196207896308	0.006642825714780274
X940054	0.032428407342814304	0.00913862234579807	0.013463109343674185
X940055	-0.09164511625691196	0.12889089994563796	-0.013656084681503627
X940056	-0.003951641756388623	-0.016320827048449622	0.014763168714683217
X940058	0.01711062625434431	0.011607935735243463	-0.0026989176714626115
X940059	0.013211143100708034	0.040954492340863	-0.0012111116973669814
X940062	-0.04413674034880662	-0.023587709281852356	-0.059182782057178245
X940069	-0.0019281136897089568	0.007205390716486807	0.0041796317914441095
X940071	-0.039448556925000156	0.02524625308033373	0.0403558193809367
X940072	0.00756225004073502	0.001808809401394123	-0.0006345547081508388
X940073	0.10172670340403935	-0.08348538630505144	-0.0830514310110996
X940074	0.005806551665517531	-0.02810847449256111	0.011933599559922124
X940079	0.02622600832156226	-0.06478087801266766	0.017111035610497264
X940080	0.00819550949560007	0.023730451152683234	0.03201893682440739
X940082	-0.04799542444204126	0.004733280267499055	-0.09220648120280701
X940084	-0.012447303048150083	0.011643235755961042	0.02390309593740843
X940086	-0.00471489623370484	0.010266060360245346	0.0025252346274671723
X940089	-0.0385305854361272	0.07111000151588256	0.018064004611060946
X940091	0.02727449230642042	0.026080638352487563	-0.04965456540077204
X940092	0.014777371374118992	-0.018577789445878897	0.0036559127103596534
X940093	0.008488661942988637	0.005031915208264045	0.008835350165651878
X940094	-0.027898860286663867	0.02496286397787617	-0.11204254984352814
X940097	0.004069809564563911	0.011137118386455341	-0.02097054954276705
X940102	0.006498463823106173	-0.0006668789227003841	0.03174304379615344
X940104	0.006617986376343887	-0.02503422682690615	0.0033080738226224263
X940108	0.00945754621535668	0.013667742237473423	0.011113039730209587
X940110	-0.03615291633211205	-0.041951855608167034	0.028420289566594634
X940112	-0.16379407124321185	0.03513600237384663	-0.02019996647846953
X940115	-0.022187697911912347	-0.008908318495362418	-0.05614232054686802
X940120	0.014101694234957954	0.002578686261184572	0.009943923067458978
X940121	-0.08547379195026657	-0.014931621325996833	-0.0981687567723517
X940126	-0.0031792915183322594	-0.012898237720626468	0.0021878638002168793
X940127	0.02831178407895719	0.0069158106146352425	-0.0038207884328329746
X940129	-0.015802015776830075	-0.01935665096780215	-0.0002915912176646967
X940130	0.04530259062374596	0.010747971748931624	-0.03879838058427755
X940133	0.003834693587166554	-0.009059947341125502	-0.016302379297608815
X940136	0.014029326011569749	0.020368124641837272	0.0057908943432288555
X940143	0.012885912157820348	0.002838387212677372	-0.0019918969376539228
X940145	-0.003678255416200733	-0.011709977453558111	-0.0035993291587234355
X940147	0.006345434368230219	0.008703320193554607	0.013316173086052468
X940148	0.002573456253529286	-0.01439992486424738	-0.0065022218591586495
X940152	0.006185665405082945	-0.010666922893924407	0.016608699410329227
X940154	0.010176173518686412	0.012598481891334902	0.010505277239150214
X940156	-0.004274079755489486	-0.03910580262945051	0.01057124627293955
X940158	-0.011006629982631527	-0.04055130003998044	0.004756685719413976
X940163	0.02117993293682706	-9.265244057300086e-05	0.03629944006179267
X940168	-0.07525467274699565	-0.012898354188326152	-0.1264009210218119
X940174	-0.03810635477979713	-0.02194341664621556	-0.07443660862063052
X940176	-0.047044586257318256	0.01217833013497758	-0.05380406652845999
X940178	0.0033076845253557407	-0.02945963583128795	0.0222541444347807
X940179	0.007009714696797928	-0.007208738669601292	-0.020192698094874697
X940182	0.017233816835280143	0.0015073606352495948	0.0024464504526764573
X940184	-0.02087182665794106	-0.02060963627218592	-0.018535425966034795
X940185	-0.046736835160718	0.017873452389217045	0.006461084384725562
X940186	-0.008395848463183583	0.002640021876510941	0.01674979477546953
X940189	-0.004581976429749936	-0.0022388190672811507	0.019242566437120856
X940193	-0.04878745729726626	0.11883384846563268	-0.01175784051759724
X940203	-0.04792116462070935	-0.008103208576505207	-0.009066741872477609
X940211	0.017149050316336078	0.021841236969822223	0.008945716468051822
X940213	-0.04005290260297765	-0.027940299953551174	-0.013035036999800301
X940214	0.013978790176263727	-0.0005276934666409175	-0.010837698717964295
X940217	-0.014532577543813062	-0.025958977448724944	-0.011886304702913148
X940222	-0.042773814673235114	0.07639357133714904	0.03190652220992352
X940223	0.049435413247559734	0.004502938152273209	-0.022776527463190914
X940227	-0.02885444695200052	-0.02170643528934291	-0.017745100407353265
X940230	0.024034660370971246	-0.004144413038262416	0.011701413845067907
X940232	0.016769737135589567	-0.0021345993120357814	-0.02111459797174225
X940233	0.021887964172837792	0.014236006550080125	0.032223869134347716
X940237	0.028779651038073763	-0.0007910675987511258	-0.015490566824703362
X940239	-0.041582339738934666	0.03786050530372982	0.04226866638759215
X940244	0.04177176981531219	0.007956926559352285	0.019723309228260877
X940248	0.009772074713837611	0.01699353500287803	-0.03590277139266295
X940251	-0.0252581830007805	-0.011547873169580596	0.005833246596186362
X940256	-0.02604505476530816	-0.027046988044708176	0.0074238863131110494
X940259	-0.009210292553206992	-0.029903942086387254	0.013934857389029607
X940261	0.005641828148927353	0.006883054464125013	0.004159805508926155
X940264	-0.06841028797311267	-0.0381351877039178	-0.007319518839841515
X940270	0.004842424451877736	-0.0017690469913112998	-0.007265216836356932
X940271	0.04991094227664425	0.010276404500576007	0.005693891677067166
X940278	0.0003832784528535889	-0.020402176457030314	0.008429842332080944
X940281	0.042204103637037645	0.06454522114287149	0.014051790866483423
X940284	-0.01456608069261149	-0.012967568721126786	0.0031674320059359522
X940286	0.011766728549273488	-0.00126618751982118	-0.07257478476509767
X940287	0.01015295377753561	-0.0036012479901327017	-0.006170456073574862
X940288	0.011379964642710474	-0.0022479776649641813	0.020753680195501136
X940291	0.017759934047280712	0.008733956534588867	0.009299655276649863
X940297	0.007553695398002808	0.008816753276263332	0.0034550671487302265
X940301	0.0029364691291249826	0.010575111121607602	-0.005156871169839594
X940302	0.011226147663893547	-0.03471471815224541	-0.02526913600683107
X940303	0.009092911845558216	0.009496321111852632	0.026801270071289712
X940305	0.027212319388575452	0.008422848302569027	0.01748207891878464
X940306	0.005726187462030877	-0.039929415621875235	0.002490447992252564
X940309	-0.0008824310847846658	0.023203112732841525	0.01566734472505819
X940312	-0.0013332579150663472	0.0029451884351469142	0.04140443397913385
X940314	0.007125405999355939	0.011052576200214263	0.0022301892557662095
X940322	-0.02541693223938049	-0.03295515660006233	-0.019779321284225125
X940324	-0.022411025131518048	0.012667105842162968	0.03648555917130354
X940325	0.03298481654412481	0.006988917157652243	0.009076262995409827
X940329	0.04008437244481098	-0.047847472332861726	0.007061984715151161
X940332	-0.057570224439190444	-0.03587756212279472	-0.05384405517748472
X940335	0.10395166917852339	-0.05209504526916377	-0.02302861660880688
X940338	0.0653281236617737	0.03633548053161389	0.005806013747833922
X940339	0.007826003567572664	-0.02710720619040527	0.004880767678790239
X940347	0.00044855570411546434	0.016808976079364546	0.015245058327293415
X940349	-0.05653190242700644	-0.004596474965772444	0.007536943358780084
X940351	0.006473255667643282	-0.009595041214739924	-0.014353648099045699
X940353	0.01255748264783981	-0.020708754438350217	-0.012868038825991114
X940354	-0.00684881473157335	0.006470272728714827	0.011772449942814903
X940355	-0.05051898374443508	0.035444374637227355	-0.003550859806013637
X940364	0.055883835575547706	0.009539265923417677	-0.013948348815751894
X940368	0.005665196727508193	-0.020512400335264084	0.00950298384993832
X940374	-0.022900958905555182	-0.0006602086253599097	-0.006038003114900066
X940375	-0.0066777406805353925	-0.00184176568102239	0.005763328955889624
X940379	0.025934936615054895	-9.804816487316472e-05	-0.004902022527890448
X940383	-0.011079106646518021	-0.018101284748206332	0.0100545244834882
X940391	-0.009453736897468056	-0.0016743829498160354	-0.00888975505803274
X940404	-0.01504059132385189	0.021020017543303623	0.009349013959801925
X940411	0.04562458744520255	-0.01453267464831587	-0.04180146096708997
X940413	0.010018259504507479	-0.024866826948757515	0.046174706256961046
X940420	0.009687777919630004	-0.006236193430945169	-0.007661918893218604
X940443	-0.06016868421621076	-0.0034279806126905578	-0.06817233231185668
X940444	0.057452285731967936	0.0006778079068921752	0.0029737961689027936
X940445	0.025020802901349306	0.0215432474262692	0.03671302157637503
X940450	-0.005276194716504251	0.017104561319707716	0.018361607240129512
X940451	-0.11715657519610852	-0.0420992774314558	-0.015020089377227954
X940456	0.004235000359002468	0.000876578245554672	-0.0030613652638234808
X940465	0.022185799547806043	0.027653527999772217	-0.018871542840403266
X940466	0.005582027461255882	-0.0102381406709509	0.0105541932609531
X940474	0.053616936079485256	0.08283661641464747	0.026062647115537043
X940481	-0.005913908121768193	-0.009575725897986134	-0.019337047913492094
X940483	-0.008944024506004107	0.0041668983543691465	0.011202969142457291
X940484	0.014843830342189243	-0.0027123184042422374	0.00845864187536799
X940487	0.0026595484815500592	-0.027031521050243548	0.041398358266577305
X940488	0.016428311103173346	-0.04145197903650086	-0.001755133775012549
X940497	-0.0508214253880395	0.017927335859029666	-0.0640203817440068
X940498	0.028033726382893195	0.056358634919128514	0.045343525940282736
X940501	-0.05333503466294774	0.01100095402130029	-0.07445482020451574
X940506	-0.062666890597585	0.008812301429364226	-0.12065457608852038
X940526	0.014573888025448073	0.025148459551081602	0.012606056758108762
X940529	0.023109923604889154	-0.028954649847081713	-0.05349806597258689
X940532	0.07223880465174967	-0.028787949059490277	-0.009064469216519485
X940534	-0.014554912425782527	0.0056921076166438185	0.004002122790578077
X940535	-0.02922747014896289	-0.010761951549609797	0.0025183044684528397
X940540	-0.006354409340197502	0.03151243953639769	-0.009222942483947696
X940547	-0.005398504846994205	0.006009773400675375	0.015517870676444528
X940550	0.0030925567296511487	-0.006321663719609205	0.021175151108453357
X940551	0.018829217703873545	0.013220414633125017	0.006296259794708124
X940555	-0.022634093990397102	-0.007526843055469155	-0.054394436255550224
X940558	0.008487104768585003	-0.01308964879218022	-0.0008824585138300896
X940560	-0.09519835391617597	-0.028072088598328722	-0.10651304219376749
X940562	0.0423476153950635	0.006050225242972436	0.057877744249496314
X940570	-0.009139871033041563	-0.027067067934178703	-0.001437695884584621
X940571	-0.012123682821132116	-0.018387677451066644	0.01305162624171431
X940580	0.00510857941645927	0.009343568620092637	0.004629759328872362
X940584	-0.04413970011964396	0.009678105893156529	-0.09967326846644918
X940589	-0.02833397611319292	-0.013198458637070086	-0.042316170500235374
X940598	0.04319407568219934	0.009534806794285823	-0.009482080394069082
X940602	0.07768767194338201	-0.07533051191115987	-0.05171739938324272
X940606	-0.011668526370755487	-0.034125882704902334	-0.00693846289636269
X940612	-0.045425218586181045	0.00970084736763022	-0.08608919638413902
X940623	0.012130940211912454	-0.012959171793942431	0.0028187822801738886
X940625	0.004252274869981164	0.028164568561685227	0.044026964084885024
X940641	0.001237056324024208	0.019516003857951495	0.008450960915293985
X940642	0.008912223881798634	-0.009524309315956658	-0.003929817934968986
X940648	0.08799257086527319	-0.055843166959851094	-0.03770417556087121
X940649	0.003961999995303552	0.037903287846660194	-0.029803999582967484
X940652	0.003997789180384584	-0.009674553772651957	-0.014147774752147133
X940662	0.0051806924111122196	-0.007179267183633595	0.0027245582430777417
X940665	-0.014709677139082625	-0.017908815338506405	0.004336308892940128
X940674	0.01371528838091128	-0.013849250477288496	-0.020328756853567217
X940689	0.09441612487342205	-0.12179229604256522	-0.06793885771067396
X940690	-0.009586118850670398	0.0030470905119402373	0.017099349451997915
X940692	-8.27116154244706e-06	-0.0010798231070889906	-0.0011324985464789988
X940696	0.009121830276625715	-0.01678450868506456	0.0005070690590890651
X940700	-0.029409998074813874	0.008827309661868137	0.006025029617693606
X940714	-0.01651720567727489	0.0065113545099458325	0.0044133225549819926
X940721	0.06343867271665377	0.04128197191973254	-0.05488553464773429
X940727	-0.021789193560096894	-0.0231848964186231	0.004867377701716938
X940748	0.013981366427322941	0.023831204614838414	0.00926056553486972
X940756	-0.01675938718299783	-0.021477178725464986	-0.04847879977061132
X940761	0.0179450055329809	-0.03638882500518276	-0.008176184989003486
X940763	-0.0046229076951037	-0.035349024548347735	-0.003012586623634624
X940766	-0.02632717707813321	-0.013843748603594275	0.04500006187446106
X940769	0.04963251142941702	0.05343453058372399	0.04494967136789188
X940775	0.017354244785752836	-0.004912937157694169	0.0004832825673227937
X940778	0.01524367076087869	0.03196619418717271	0.01322428185572761
X940786	-0.001360046453829575	0.008498740367284964	0.0010539416221953964
X940796	-0.018485189504715924	-0.07142589604756366	0.02681678504544914
X940816	-0.005280034375839406	-0.006700268115346416	0.007235537272841709
X940819	-0.06229043314202542	0.020561825135070388	0.0027848930616540205
X940820	-0.010164536458445499	-0.007430449811845683	0.002646597697845974
X940826	0.029924353461785576	-0.019510658464706357	-0.01550679768098153
X940827	0.019415697743244253	-0.06675745918661422	-0.04968009346078894
X940833	-0.010916556823224456	0.10772202381513307	-0.02653803885267603
X940843	0.016119158173375118	0.021325780957850708	0.030757877932471752
X940844	0.043430997683177736	0.03286727159399657	0.02111584143012711
X940845	-0.028589958875578053	-0.054482369787154594	0.05052010787128156
X940847	-0.007871377810023474	-0.010235941017158561	-0.008490283032024206
X940852	0.00836834573013215	-0.012044453482173999	0.009307179598165183
X940863	-0.033564425434545096	-0.02336180671320511	0.0047750379786655915
X940871	0.026740434715557548	0.007774287969775222	-0.025657454041424173
X940875	0.07446349160177027	0.04026579628565302	-0.05867207991001014
X940882	-0.02182946594260802	-0.018185305077570005	-0.0086322146964318
X940889	-0.01591892374109214	-0.01669432085044179	0.0023538946494380975
X940892	0.030712996979885568	0.027058302534616028	0.012573471989893467
X940895	0.003213899479324341	-0.015126462116007745	-0.017962174816550356
X940907	-0.011390408676736585	0.002363738619265867	0.011584618701298566
X940912	0.005650093012631821	0.005698523987125113	-0.007141348667528511
X940917	-0.0018877398101510405	-0.0190640309747162	0.00974634606724193
X940925	-0.014468640616564539	0.00038252642455718363	0.033952352994487824
X940936	0.015783471453451842	-0.0028303601994687923	0.02881025685952195
X940941	-0.001914598717446838	-0.051202610249601634	0.02502786802379857
X940946	-0.010149915887261387	-0.017084381967488425	0.0017718229486274907
X940961	0.02095152738144379	-0.010686904757675024	-0.0018430299011972533
X940966	-0.0028108583484951237	-0.02116200884256911	-0.013601205137428152
X940968	0.005189803021769963	0.01228438527960823	0.0067374238480975785
X940984	-0.114292612577895	0.12319285946327205	-0.02682006126969291
X941001	-0.03410356439390731	-0.04538080679480013	0.005322232598069311
X941014	-0.12095028572539376	-0.04387697642271194	-0.09028512476394343
X941019	-0.023485032032006494	-0.024622164915798782	0.009646041479417156
X941024	0.037928541054887174	0.005248343875892737	0.0049923247533547824
X941028	0.02063907941807295	0.020233678341770797	0.037335713867580014
X941037	0.06208539913223247	-0.055823602951258273	-0.05306782709843307
X941043	0.03266815607840613	-0.0021878164475808374	0.014589088357143148
X941046	-0.003182524467526168	0.015522061196003464	-0.00481361290516701
X941049	0.02877164795789156	0.016201805693162423	0.00961927730196241
X941051	-0.0013064785942086925	-0.016490318033850166	0.016316164438235997
X941066	-0.016876603434749886	0.008739360354686426	-0.003987646272821016
X941074	-0.012327552219787104	0.007799115507151813	-0.017963588152859627
X941079	0.04604203620533176	-0.009991244384144345	-0.00487730650408875
X941080	-0.04040397060175591	-0.021389661625534354	-0.03279587647904547
X941091	-0.038058541552744324	-0.007201959224917424	0.034878347540200076
X941095	-0.00011551357765478501	0.018053861062874967	0.00568666271061381
X941106	0.018675668437144154	0.011191979166060781	-0.009987640260449047
X941118	0.015492733234103056	0.02496402467882307	0.03761570726905911
X941124	-0.01364550873862704	0.00994968522341407	-0.007200020259443042
X941134	0.009910097594414531	0.0021007507763099236	0.025561492532599678
X941144	0.007748552475340351	-0.007662512577210049	0.003595308393097397
X941153	0.02742634853646242	0.00026048230767876526	0.0007773397649249754
X941154	-0.003918137119803833	0.008941173841046599	0.0032322673451894842
X941192	-0.019383722627833926	-0.04783286036989478	-0.016765483055532084
X941202	0.03210712312477068	-0.03931587392766087	0.029617024714487628
X941204	-0.009982718839454337	0.009927799121163426	0.011692123658863428
X941208	0.04502755093460083	0.0217817338141639	0.02948434093088296
X941241	-0.006587465488489882	-0.006334238109574565	0.08526119060050051
X941250	0.0006103259337834114	0.01540147533337524	0.021796941328852265
X941253	0.003661365300715886	0.013335053122943002	0.018722282212835898
X941257	0.015761015020018688	-0.019605470058976907	0.002170947633150594
X941259	-0.010407837963610916	0.018359486329250625	0.013999329343331797
X941265	-0.021672477433316968	-0.00841839956023194	0.0050880459242051935
X941274	0.07808228383041564	-0.027780950800365873	-0.026698437240601114
X941308	0.0013411010418841905	0.011597376931597491	0.02169665606393856
X941315	0.08418855286641824	0.03191086737754274	-0.06765043801472793
X941320	-0.002544823178110844	0.015743939695575613	-0.001929911584290261
X941321	-0.04497714295734546	-0.010286104644936296	0.011183096795325092
X941367	-0.06758758864862825	-0.027349597361423585	-0.059325909137660504
X941373	0.0014983229886531163	-0.004922911184533872	0.0027027472679525904
X941384	-0.0778304042439493	-0.07149582934041462	-0.04654610281178602
X941385	0.0034072506307372317	-0.007634136560264091	-0.003932714195293586
X941392	-0.13645203752195	-0.07972154183490537	0.05508520246973412
X941398	0.006004243065518828	-0.009268689529623097	-0.0007404873703545265
X941404	0.015686350262915937	0.0007409448332192723	-0.008654748434984013
X941408	-0.020066029205169807	0.0017245848799194979	-0.013382884789959193
X941422	0.00273276851071899	0.011890293190372278	0.012157949489539556
X941439	0.019798547294925018	-0.0012306744242864818	0.02165211105600536
X941445	-0.05373086925094525	-0.04290831085433262	-0.07765974368200695
X941454	-0.027600160935653734	-0.03622400087859934	0.030236665801933096
X941460	-0.05694379361067999	0.0050981184919469	-0.0963205428947794
X941462	0.00010013729119660029	0.055289495879677256	0.04670313905019673
X941464	0.00430473110042029	-0.013547064234919139	-0.014827849566298627
X941503	-0.010117798069930404	0.0053040335049943715	0.03448836903612088
X941519	0.000613010108798477	0.011386096542552676	0.00910183621433603
X941530	0.010761864340323392	-0.026074030275652613	0.008110805495003408
X941547	-0.013350051299956502	0.005140270949188439	0.009436072843358496
X941582	-0.08571110722737214	-0.012590539279073316	-0.15457599095328317
X941617	-0.005114076917247364	-0.005824109718056442	0.005680193972875732
X941623	-0.009231781456187901	0.013974746495938377	-0.05483669589137557
X941624	-0.006188497321710266	-0.01983269729491131	0.010700505035969693
X941639	-0.015561863330793648	-0.006498318529057535	0.006584884942702609
X941680	0.022723502401350324	0.02752097523915374	0.004328665087539568
X941684	0.006809763711550607	0.012769140147665642	-0.013531222090538576
X941709	-0.0031494224039543737	0.016290111595264844	-0.012029909082033906
X941714	0.028384643096915383	0.0163382808769728	-0.013172214003146346
X941715	0.01151136737587871	-0.009225565207446712	-0.002233942916952134
X941738	-0.007304397317059199	0.027475683117816917	0.027442596103912482
X941759	0.08225759849933477	0.014341049464587783	-0.004085899922747695
X941772	0.08277640347645851	0.045758837779674974	-0.0016518786784983114
X941774	0.006041209554743011	0.01895947369880057	0.009091372613049355
X941807	0.027403871289722728	0.016018258981843208	-0.004503050910593905
X941813	-0.0012290512074946889	-0.010916294747722611	0.02846065556526326
X941817	-0.0008445977248606352	0.01754184546525464	0.001903823479882995
X941887	0.03976893748450947	-0.0111875258372881	-0.045504746553993385
X941902	0.00027264431633258247	-0.0015159382244266909	-0.022949652909819457
X942011	0.008521591813556642	-0.009246850847771403	0.0019419245071731431
X942026	-0.03727030959026321	-0.008211542457022268	-0.024758620964134705
X942039	-0.003535681928371396	0.0194756628371342	0.02911377315934881
X942075	-0.022179244953023914	0.017442588463577734	0.010811500700172243
X942094	0.0049490133222318145	-0.010163502967661133	0.009916407640349213
X942128	0.010383513947727145	0.02629016020704207	0.03100206681089261
X942191	0.04229559854299949	-0.008383911997421225	-0.04246247662127772
X942237	-0.026606324798557415	-0.010904403993957121	0.02685374692284609
X942303	-0.0051981356430344195	0.012632644059377042	-0.014227275403245325
X942319	-0.024498457587305993	-0.01047626351113387	-0.004400072022943628
X942359	0.005362923969250528	0.02569237737489901	0.0077674622815248244
X942398	0.006947309388083155	-0.0091041067684883	-0.00035649473246402195
X942402	-0.023682903339168275	-0.02269461398183806	-0.045782482411228245
X942429	-0.005787755459846844	0.005173799863149865	-0.024134473766434027
X942467	-0.0038111491508661674	-0.015177472926871481	0.043289609426483903
X942487	-0.015556545179006197	-0.009680889420522995	-0.003162351917387347
X942489	-0.021303064684164257	-0.03122504571178895	-0.04224568472181571
X942490	0.00427574575682448	0.024900590718812468	0.015696137298525592
X942504	-0.005663504765661783	-0.05546102268175772	-0.00490176701421918
X950002	-0.020705194216055767	-0.009641309502379186	-0.026671002918956715
X950003	0.013050459327698723	0.00031833407022114837	-0.014824595737970474
X950005	0.004158890844411191	-0.0014424077184944136	-0.003129852489657096
X950006	-0.003268927611236453	0.04537592034747906	0.024582029576439197
X950007	-0.005013880323276242	-0.006301427408682397	0.0023724952908186804
X950008	0.0008033500082403423	0.024406704375031257	0.02688914808594283
X950010	0.005123049181373035	-0.010576040416730005	0.0008126589853567764
X950012	0.022046538334879278	-0.029741224748109762	-0.02452029566648455
X950015	0.007794531096858591	-0.005980006660132978	0.007740430466977157
X950016	-0.010045209897006097	0.03350584620353212	0.032580217719341144
X950017	0.007038985865481703	-0.0009150917194809821	-0.01258594064898427
X950018	0.018137630776633547	0.014448249544935825	-0.001958310903788258
X950020	0.007917204422926358	0.01693481178196449	0.013590127100063692
X950023	0.03895088615481274	-0.03241725810194398	-0.029656996376196905
X950027	0.005571465676958884	0.009947670446597227	0.0093783722196419
X950028	0.04449019174173337	-0.036826623779823535	-0.054881369538631826
X950032	-0.0031689029882572503	0.03655316059843231	0.032852625739364524
X950034	-0.01158031157166057	0.028811601275544302	0.030540592708396885
X950035	0.0011847264725985897	0.0074178461714122035	-0.0006318919637729709
X950036	0.0068666034922063145	0.029620728369087173	0.020130521760598267
X950037	0.0022347734150658183	-0.0003462342426242726	-0.0012287174740167252
X950040	0.009541859279608378	0.010999494663368152	0.006535122050348336
X950041	0.004663902162637501	0.01708451359546556	0.014479620141593427
X950042	0.02933131818789729	0.012394711689369144	0.004481100239373113
X950044	0.0016253723787704986	0.014506113114428279	0.012848307079797847
X950045	-0.010337654978782973	0.002458532426009372	0.003925588227674498
X950046	-0.006542077368384203	-0.005201797703143917	-0.0027961723935105063
X950048	0.011277724253822612	0.01616025950014952	0.007202653423266949
X950052	0.0011903839892035985	-0.04719778889151436	-0.08428681928273264
X950053	-6.596601214402632e-05	0.002390377079611356	0.008821237653010591
X950054	0.007904707050151217	-0.0010687173383431769	-0.010611614941595923
X950055	0.02610612525716438	-0.0078086847130246625	0.006332980974482788
X950056	0.04249257629894493	-0.042686843353752245	-0.06676114672960663
X950058	-0.0681183690949545	-0.007220562161828028	-0.08134631327306287
X950061	0.008831960380806008	0.01922486382039307	0.009568767140729491
X950065	0.006639578818299558	0.012954834914326726	0.003211283837729785
X950069	0.006446460248688142	0.004731389375597191	0.004667158166986415
X950070	0.005072430556297318	0.032074888443835096	0.012944766594214637
X950071	0.011648464888459826	0.007669655885214528	0.004793908538733186
X950073	0.007210472517825661	0.03048984454589015	0.0205310114532505
X950074	-0.00673582543629619	0.043035973347186625	0.02041987937978741
X950077	0.0019407388784161963	0.0026783553711144537	-0.0017322786135770098
X950078	0.01169207787525897	0.016032597254919217	0.009728610834160992
X950079	0.005144758956630252	0.019964887965026892	-0.0016868435048972752
X950080	-0.004314782041767779	0.005912600031006078	0.0023200581230429437
X950083	0.003456400645507319	0.0019838967112117733	0.004943398713696087
X950085	0.0022734271206613275	0.025446525914807467	0.02216258689082772
X950086	0.010349633385249152	0.02096893781010129	0.009427873288286209
X950088	0.005453461400156898	0.03735571950643971	0.031164563979629623
X950089	-0.0013831524093195153	0.024594498418761705	0.016473335089517364
X950091	-0.027550237688550656	-0.01746227795339127	-0.005421322323802351
X950094	-0.048491570331071855	0.029421615685993843	-0.14599755572219417
X950095	0.009528545360669369	-0.0518705829011671	0.018856404422747303
X950096	0.011640345584081857	0.001467326382815718	-0.009921068784993537
X950099	-0.0046726508193859284	0.007550656570197544	0.010576618331329396
X950101	0.007831213889965483	-0.005182020186857787	-0.006759668669741549
X950102	0.004231813984913504	0.013276396937049188	0.009811083552520965
X950105	0.004283898017067607	0.01758847926897747	0.010100343508257307
X950110	-0.0024768812799563565	0.002685205339659115	0.004195151103253078
X950112	0.019652696068134717	0.03209768687180196	0.01999620911529005
X950117	-0.00336326994766387	0.025028234675971282	0.01231780247746095
X950119	0.008372759101827	0.006229121415792313	0.03243001015539806
X950121	0.0027342071687976818	0.005382030160330123	0.0031137541119298064
X950123	0.001737988334256397	-0.06431174963697264	0.031605753450411396
X950125	0.002405112065000217	0.02146727201587656	0.0163357554401685
X950126	0.0062051230714596116	0.0057623663769761965	0.00034931560193756316
X950127	0.0056446364184694125	-0.056855224875959565	0.02517332634472304
X950130	0.058505333412824774	-0.013251649228579906	-0.005228963856543777
X950132	0.013161687402393292	0.021396354133198788	0.0323457771042069
X950135	0.0017678347337144326	0.009918801785685927	0.00746343655470373
X950136	0.008844758734758935	0.022875170226967	-0.0012057185600893743
X950137	-0.003247313042084999	-0.004796012170776574	0.009220172417217754
X950138	0.0010711641515407998	0.013301275543689843	0.0026132247983280507
X950139	-0.0029536703732836104	0.02680331829099071	0.030662295634176842
X950141	-0.009150321983082325	-0.014020686808878136	-0.0009614252662136935
X950142	0.004940796304908846	-0.053351934880560975	-0.005546608828391958
X950143	0.022430917995765888	0.0150550985145663	-7.90626430324254e-05
X950145	-0.00925840929984104	0.02956675645725168	-0.009151305229426077
X950146	-0.00035701605392903315	0.027380327356159893	0.023356280273823152
X950147	-0.0012717161153701347	-0.026216509059498613	0.021326694264763232
X950148	0.008842512809236319	-0.06091460842639886	0.00835784196751093
X950149	0.0018217818965601607	0.01176131132908199	0.019593882957869187
X950154	0.01134461417254453	0.006274480241788828	0.0008723243357257072
X950155	0.020106949986986568	0.018142674554459868	0.0034826842674228493
X950157	-0.05362740546672945	-0.028378330800376356	-0.04069511956141526
X950158	0.0019266442465210765	0.011937920571403688	0.016077864552330755
X950162	0.006813635527679294	-0.015116605481690748	-0.0018515207852722048
X950164	0.006430920869395193	0.0084159583891678	0.006727661285409647
X950167	0.061271110424668276	0.02303815553406976	-0.05092363595664991
X950169	0.002408151801230779	0.016849012124615394	-0.00034282930680926415
X950173	0.023855396545582754	-0.027136991574016927	-0.03038995329975188
X950176	0.025155120222123118	0.03714016860478548	0.023624683273157903
X950179	0.044227573643824625	0.016774260989373343	-0.03304481954208684
X950182	0.0063310013435668114	0.03270071474399725	0.021217518487491937
X950183	-0.00815306329023059	-0.02109194489928968	0.02550828834224476
X950186	-0.0010837048398995538	0.02163608017854257	0.017182750368091925
X950187	0.015641997048611352	0.005463912744341758	-0.00675998225474253
X950189	0.011203459810089567	-0.051596714659472125	0.013174029416894297
X950190	-0.03203427248782899	-0.010607013389958675	-0.0296346145135935
X950191	0.01669634150015452	0.0328674476063917	-0.0031442500815637856
X950192	0.08468254195117382	-0.09080036940801958	-0.06692896976552203
X950193	-0.0014098761328537408	-0.011372635339186688	-0.013694756808494853
X950196	0.013797316129092118	0.01228348171078421	0.0034209894025520305
X950198	0.01007667878085706	0.03114412468947261	0.021346685021005195
X950200	0.0070000708243902875	0.017742837127246662	0.015150742402615476
X950201	0.0024957443894159733	0.004441477131524031	0.006726557672888243
X950202	-0.007926134418807735	0.005255307171546215	0.0060784501479486525
X950209	0.0008389009438959739	0.009787489994814512	0.008081300272553394
X950212	-0.02873133511946205	-0.008290373846397095	-0.040037156794316596
X950214	-0.0032049306476759636	0.02719955319825816	0.02337297059198912
X950217	-0.001585199195422397	0.022396470601953	0.015973565903446358
X950218	-0.01284705866008019	0.030738946366183156	0.017626902345551313
X950219	-0.003391805139539952	0.01233040899888184	-0.002412596038782789
X950220	0.002510505214543136	0.018666279868271764	0.0059722953437288265
X950223	0.021437451900890327	-0.006129087865481998	0.011457346783627672
X950225	0.05010421828526848	-0.017499860519423524	-0.06963346921707246
X950226	0.01118447059822677	0.005287937100833866	-0.00325638218438197
X950228	-0.006995574535766382	0.01427782835432887	0.0012658457456580323
X950231	0.017931234242135424	0.0025196803255117034	-0.006389719200034248
X950233	-0.006538087736110624	0.024691931357061117	-0.007766858842633752
X950241	-0.0035098957992138135	0.03242233818008417	0.02166495029335451
X950242	0.007021383049747007	0.006428192305225914	-0.0019979102181221695
X950245	0.01348523341713524	-0.01445217066624823	0.03549784220942194
X950247	-0.002808361255167552	0.0221719356542995	-0.0004891262882554285
X950248	0.008171734689210189	0.0021930469817710743	-1.6673246459046e-05
X950249	0.030973292784173233	0.04875901073348865	0.03566844505804538
X950250	0.06346497456546701	-0.03156117501082263	-0.01827895274527719
X950251	-0.0034345245804983326	0.011837652200796809	-0.014925439521223308
X950252	0.011077512878046175	0.007542059720171603	0.009135897691647661
X950254	-0.0010466108152730198	-0.0013306090916555466	0.007032745874977744
X950256	-0.00286958421843191	-0.008525910282259182	-0.005706239015384355
X950259	0.007681339321199895	0.03083475256979249	0.024292391192705473
X950260	0.01290610244633377	0.0005779181903536107	-0.007213367065661955
X950262	-0.02656812899767465	-0.019604331414786406	0.022194984484105437
X950264	0.007624591190997331	-0.00858675462463798	-0.008329187153481084
X950267	0.002394714515233721	-0.004306287207555565	0.0023029680326866206
X950268	0.004515999850092314	0.02469872923011478	0.010368605123632416
X950270	0.0009109864740922336	0.03281000596614102	0.025825690761079715
X950271	0.004927085879508263	-0.0003577941416279447	-0.003574123720296596
X950274	-0.0039067025862005965	0.004032743814474746	0.018435442338288425
X950275	-0.036952899606768765	0.014392183790969187	0.010296290793502775
X950279	-0.031073030966762723	-0.03474861937570935	0.00038231399283871907
X950280	0.0048853942909032	0.015812734643121665	0.01851690834794346
X950281	0.005586730245861425	0.008694914681663477	0.013331950423510257
X950283	0.007506649111283387	0.007546562181376645	0.013144442194947188
X950285	0.02278978013422006	0.03625010839764684	0.007280994119418041
X950287	0.003359070372276913	-0.005209737972437384	-0.004646608221665681
X950288	-0.0030288870920334395	-0.0024717245342427774	0.0035861757984451724
X950296	0.012643984765068787	0.01710484235980005	0.0014530106337781446
X950297	0.007230226136786902	-0.002309251991867727	0.00966305336910674
X950300	0.013944235003639775	-0.02747117119254783	-0.0017264323335144682
X950302	-0.014836019904144227	-0.00943968674516257	-0.010057918061237871
X950304	0.0038841600749838024	0.023683352211239062	0.01997915398758202
X950305	0.029202692485143157	-0.01032380661321289	-0.0024173359405545896
X950306	0.00954284514398719	0.01485057229309758	0.004503057200140324
X950313	0.014032823873012945	0.028499972657872193	0.023631252360067443
X950314	-0.002670264379073644	0.009948449879416846	0.005333688617472486
X950316	-0.008348068713811904	0.0444610735838618	0.0035487776897332114
X950319	0.010263658433229057	0.021504182416015455	0.02655483421094421
X950321	0.031721862936539336	-0.0040762939481669615	0.009720398296332672
X950322	-0.002277202444151743	0.021064698109331353	-0.010293355801433812
X950329	0.011993108014935637	0.0038302227990146434	-0.0035510642259077387
X950330	0.0003886870125011016	-0.0014230439750951608	0.000803822105952881
X950331	0.004741470508717463	0.014234553667982328	0.011340481185495225
X950333	0.004915185600599202	0.014525686931977404	0.020792404619501235
X950340	-0.016390490029507303	-0.025919387978627896	0.006843751109691226
X950343	-0.0019628358857089324	0.027049453492825098	0.02436180346285241
X950345	0.0018942818068756145	0.016540610199851813	0.010923656130738015
X950348	0.00015982302911099532	-0.008006646353352773	-0.0019725642446930492
X950353	0.006574365715722525	0.026455020227914905	0.008438205045966735
X950355	0.018065577697098836	0.005910966115015888	-0.007999481355737073
X950356	-0.02548480912600754	0.006875310148425592	-0.06437345701029466
X950358	-0.0032377282573011713	0.01468342370997716	-0.03055737609923656
X950359	-0.006644503459800959	0.003161505536362408	0.011071974869223131
X950360	0.016284271442224055	-0.0035504032052732807	-0.004987034996424927
X950361	-0.0024953945068290615	0.0034125405502561045	0.009500243879096435
X950375	0.007079942014442966	-0.010016319477936849	0.002628869218804534
X950383	-0.0011534466639085605	0.019910860928612963	0.01342771433174164
X950389	0.00671378227783782	0.014996635830031056	0.011178957270975474
X950390	-0.0016424203399456017	0.018430761224799388	0.016923162094856035
X950391	0.0175267661660935	0.021125048108389256	0.005087893788225491
X950392	0.007039709262689708	0.004529239864659659	0.00012904531751575695
X950396	0.06106484130472065	-0.027720059589749154	-0.07918275995526289
X950400	0.01638993532920601	0.0327526195406087	0.0029559279931471376
X950402	0.008885497529933192	0.029122829086334144	0.006143752289186443
X950406	-0.046015562531554324	-0.004106404085839606	0.08023666327326398
X950409	0.0014070901568755552	0.013960069957740266	0.02296789365842873
X950410	-0.015595360690508956	0.035495143966772495	0.022429915092774803
X950415	-0.011439526458609213	-0.014882254726972561	0.007953948690662791
X950417	0.01594604624206409	0.029741173137335205	0.00017381038201263495
X950422	0.026107705464976635	-0.008963581736198746	-0.018882132046801604
X950425	-0.006259738986410549	-0.019671199458598704	0.01963019336925641
X950428	-0.01498226877110975	0.012050349807580754	-0.0059895337677132775
X950430	0.008119690379615048	0.004131975912695075	-0.0086208121608639
X950432	0.008918960225294804	0.016117701712218827	0.011961859875300001
X950434	0.004078072252879346	-0.0004761004293008655	0.0010606223172900254
X950439	-0.0006246556374137948	0.024336069855856762	0.016799202002596537
X950449	0.020915209294353743	-0.011107198887069363	0.002742081335354494
X950466	-0.0045854363959346	-0.000367700768617244	0.009879594813580013
X950474	-0.02195496468943975	-0.012349443267151828	-0.01700048276200388
X950477	-0.004638384514677756	-0.00601510051205145	0.005068861098532974
X950478	-0.016679812878763123	0.01773495011729418	0.023262488917322736
X950483	-0.0028859839452995244	0.040459340330791176	0.02425803585613749
X950484	-0.013034760971674084	-0.023664908898075848	0.010034962466916026
X950485	0.009231818378650879	-0.04178387194172853	-0.037913781790561644
X950490	0.0019498182515756322	-0.004587741269733935	0.00564889460528898
X950491	0.010895839395397525	0.007720844386035329	-2.1017016614064622e-05
X950503	0.00835110890491153	0.0025083609493196965	0.000311736697426417
X950504	0.014602466516017702	0.031369376448305064	0.0076322290053606
X950509	0.0017170098038192714	0.019781992819133024	0.017089541766962594
X950512	0.01066333123348297	0.004803266178491371	-0.009623110652055258
X950513	0.004299731906115078	0.009350586490760853	0.034347884222675894
X950516	-0.020812586438651182	0.007111190124309287	0.028709436972292352
X950517	0.011001488732301232	-0.007802299440602177	-0.000876281994832884
X950521	0.009812605233624476	0.006718455494430739	-0.0017146789030497158
X950525	0.008077451479921375	0.027790087259450334	0.00016181404879090082
X950528	0.0091773021843556	0.019765098900500218	0.014920505827611558
X950535	0.0013553040260387101	0.015228158505241028	0.0265902122823019
X950536	0.00955227944319121	-0.002534315258324074	-0.009889188303066608
X950545	0.0060950972022841415	0.00367570289644326	-0.002969638950541256
X950548	0.009190791166825609	0.00738106961008888	0.013187335990224348
X950550	-0.01630026534247282	0.014072780629947003	0.020756490100648648
X950554	-0.04424275879862367	-0.015011414958267886	-0.0226893374285449
X950557	-0.00933078915369499	-0.009013257953220612	0.015804538856277382
X950559	0.002797143343465942	0.016671198413662647	0.0025035314287898047
X950563	0.00364747938469028	0.005083491221440562	0.014372963612611877
X950564	0.005142460978167386	0.02484004218115347	0.016809235046705225
X950570	0.0007305376515939896	-0.002424079250090966	-2.0475020963665655e-05
X950571	0.0328846490272743	-0.05967010644474822	-0.007298179060906461
X950572	0.010501742807817563	0.003610267834823382	0.000389564246908018
X950577	-0.010240664986355232	0.0414632792883329	0.028355882102631087
X950579	0.0043887330396969225	0.011432791669061628	0.0002807399230164794
X950584	-0.01592423972954962	-0.006019999645238682	0.033673754687535244
X950592	-0.007309718053721494	0.002650167181421585	-0.004074051918601827
X950593	0.010827113933127639	0.0063605990673883716	0.001091392683913566
X950594	-0.01474646070804047	0.00728650557380758	0.025701746259849768
X950598	-0.004793563677124098	0.015545516164472792	0.016199640748410023
X950602	0.0011789810788365778	-0.004840389435073804	-0.0007808690287438118
X950606	0.002492808700031154	0.03757176825676431	0.02204084087941132
X950607	-0.009587894362215835	0.0022467082956508953	-0.00812308477337325
X950611	0.011917091501227816	0.024368725209470785	0.01051639300927754
X950613	0.012920313790187477	0.026180404849440043	0.009932704648575805
X950618	0.004886944952121248	0.013065291312129383	0.009585425194563423
X950632	-0.0019355616842707697	0.010452427808095693	0.0006318860262036898
X950633	0.04168002021819367	-0.01893639578815449	0.019879435070430797
X950637	0.011456145618158352	0.016819419514206062	0.007757008260987729
X950638	0.026078129794616087	0.017089369491550984	0.015206283579355617
X950641	0.0033440689057241397	-0.024245273435936934	-0.004779235536042311
X950642	-0.015276851279986382	0.025040994013034275	-9.818713820144492e-05
X950645	0.011025764626864455	0.005122663339391097	0.006314584519809242
X950649	0.010885078221938469	0.010909023272768187	0.029492325264688687
X950653	0.003946158906493379	-0.049653334356544	-0.003409966305608064
X950655	-0.011811968685514903	-0.0018648888622089942	-0.0052406202307948725
X950657	-0.0018125547731038655	0.016387909533428988	-0.03437896352211698
X950661	-0.012511559297554847	-0.013496000705136289	0.035714143671749334
X950662	-0.06724008090831347	-0.006542752478763935	-0.12170301521274673
X950665	-0.0015144653567407775	0.013090665377295823	-0.0016509854034690004
X950668	0.015090535786612734	0.039470725289533125	0.035152019735216526
X950675	0.019554932259546205	0.01643150428495339	0.02111997503403321
X950677	0.0045186225460582055	0.03809881110627766	0.035701061362883625
X950680	0.012186469074599214	0.019100891875827242	0.007990828499445123
X950687	0.005456509010561585	-0.0006930059312395306	0.0016930826468031718
X950693	-0.0024835965091198767	0.0066673828758879086	0.010579798954949067
X950695	0.014424075656595373	0.0026596234437294207	-0.004856702624031753
X950696	0.0437416648485429	0.02186117031193322	0.009318212078127412
X950705	0.00970900591442679	0.02789013933829531	0.013501308810698325
X950714	-0.029143369821513065	0.002803912728570453	-0.07873765662521728
X950726	0.032764263782291594	-0.005912795889171815	-0.031525742456431874
X950728	0.0270431892627294	0.021302647470373515	0.015167386826054554
X950732	0.0005613685096875188	-0.006373096496650572	-0.002426424801118295
X950736	-0.008210453836993231	0.0006541456568666352	0.007705676657978267
X950746	-0.0019649317089848587	0.020737041144095622	0.001678578496184309
X950747	0.010773893673723578	0.0038661773350373487	-0.005144389661055425
X950752	0.010130423688534368	-0.016089039516809244	-0.006315500748390316
X950757	0.01688716548233258	0.033194213032632036	0.029502821154330422
X950758	-0.0074055037032665855	-0.022778372777778607	0.010386679102862884
X950759	-0.0013166754872662337	-0.009477362098435952	0.0014126490819713201
X950766	0.005420371745913165	-0.0015072752540364607	0.010453217930159511
X950769	0.005321505372593008	-0.035874877136970545	0.06759546931585851
X950782	0.005044762783064635	0.03375989872311184	0.022596635855107544
X950784	0.0024031257129294476	-0.002210664151311553	0.0040959000526679425
X950789	0.002618240091040565	0.00931537091813327	0.002230638195169407
X950796	-0.004401178286388523	0.00886135279074034	0.016384183085519168
X950798	0.028103325018919826	0.02183994603793277	-0.002934618396479201
X950799	-0.007065331106813921	-0.011659458766699857	0.00901602549453255
X950803	0.008470301783624732	0.030991204929614536	0.0010926268339171697
X950804	0.011487517932459241	0.032513041313334955	0.011098509011545207
X950809	0.014378950788183166	0.0346989227715685	0.02595087495290087
X950810	-0.015633388951999963	0.009643878857254663	0.034866593510267586
X950813	-0.0010111090450970856	0.007513539283632491	0.009517350498455852
X950816	0.004860561592378115	-0.008851914482921313	0.01317792229096576
X950827	-0.02883906787637286	-0.020440596197060668	0.004446786007177874
X950838	0.01433893916236294	0.01885872109215801	0.006944094006612883
X950841	0.021856004241089324	0.04107162182662838	0.02827998690090633
X950845	-0.03709548950690312	-0.016356813934726117	0.025137726707611174
X950846	0.01137796696066354	0.026828091816628027	0.0039872838788346295
X950851	0.015274116187229386	-0.014582330924623159	0.0029961050995471763
X950859	0.011658326451329594	-0.021066132322097537	-0.0018394182634917792
X950860	0.011654616868496068	-0.011794608545927688	0.011793250338199055
X950869	0.00899893783315135	-0.024652479277465264	-0.0012066291216865622
X950873	0.0327799845951131	0.022830841150167314	0.01441082047028132
X950900	-0.03988922202447212	0.006915685759095156	0.005505230397822735
X950904	-0.0020024770013505433	0.02739189745239861	0.030975252937821628
X950906	0.014586148222965986	0.010080782285587203	0.023199395508084506
X950911	-0.016149090557478034	-0.012906428077609222	0.008908194497955903
X950914	-0.0011199700884192481	0.014852271729961394	0.003373383230454149
X950921	0.0036485192593782617	0.03728077928301884	-0.10769445781315161
X950925	-0.02440316475233385	0.011950997856787547	0.022144957985830428
X950926	0.0010179559144250813	-0.006140137536068552	0.00908216731620536
X950929	0.010951798113414802	0.017123959162652608	0.005269096545480834
X950963	0.010781615798068035	0.031303535549265	0.033746915495572245
X950966	0.008038756305210105	-0.0024344125591054862	0.0018069285638505263
X950968	0.007182349004115189	0.004868255252501452	0.013804474546617733
X950987	0.01690362359672159	-0.005644778034696355	-0.010523381377145131
X950995	-0.008494941671184909	-0.07033563507845068	0.03442003736307734
X950996	0.023223579725531292	0.002328279556273374	-0.00828416846355271
X950999	0.020638192762882562	0.017113869103165053	-0.015047901135880235
X951002	0.009435786210593251	0.017050623403359038	0.0013083465219739107
X951018	0.013842989714282924	0.026556654633775812	0.022868869276931516
X951019	-0.009224668699384611	-0.046509215162639526	0.023849089837876165
X951027	-0.0050233328477564424	-0.019681942202337408	-0.013867944596153045
X951030	-0.003003284175555034	-0.01260887449590963	-0.013231234677772529
X951041	-0.0029275694766109253	0.00043418629276794783	-0.005685271999320822
X951051	0.005824765024887815	0.030268621442258763	0.025515769911733457
X951054	0.018850589240402584	-0.0030823338246119656	-0.00505222748259311
X951055	0.0007173886935336839	0.00011862135515649425	-0.0008289224618075731
X951067	0.015540159793869631	0.0036491174707029904	-0.0020924420885384872
X951071	0.0077490289853253645	0.03154680582692044	0.009372440298136447
X951083	0.012247080716858838	0.005756792279585405	-0.0004610665638565238
X951085	-0.0026834947361696255	0.0003727673039192201	0.026597531681862074
X951115	0.0005503085469340788	0.009969406892351602	0.0138748137543611
X951141	0.016837447443889354	-0.01641217956033087	-0.0007125827064994008
X951144	-0.024064357584585215	0.04871442747375456	0.037408082780090814
X951150	0.03440257359960624	0.05360834341411411	0.009161625012509923
X951151	0.006081138538050899	0.00033154346751569977	0.0019736520385437114
X951154	0.014337402624135449	-0.004398834052782595	-0.008928103794026284
X951156	0.006649186050042339	-0.006858371516764092	-0.0034333367598111536
X951162	-0.00026680400921616997	0.00018835914843239073	-0.022765774421909975
X951171	-0.0007404150788130592	-0.02399550269184168	-0.00588877857485362
X951174	0.010132847801602222	0.03299927083180987	0.02837395324386461
X951242	-0.001429611234239844	0.003814471109655312	0.004410115673791729
X951273	0.002451172588473969	0.020337969850574584	-9.875913318874701e-05
X951284	0.012446348439744145	0.007991571477366895	-0.004803975638055489
X951317	-0.00043588019582750437	0.004178549555748203	-0.008182154946790506
X951318	0.003753846686235823	-0.0007267204140198359	-0.0011065752349681468
X951322	-0.002193990483189346	0.008639498874041704	0.015268078038816716
X951337	0.003264672571445711	0.01725582444797271	0.025087287366010062
X951365	0.015229230169226001	0.005574073546693983	0.013916104085160776
X951409	0.024915845761793107	0.020917573765874543	-0.025160643108207738
X951429	0.019110795002573355	0.019266966323178713	0.010110660628789478
X951457	-0.000898795690611338	0.0017126399002841501	-0.0035278284102028675
X960001	-0.012315724643742726	-0.0168492000852113	-0.0030365724474929303
X960003	0.007154247800230418	-0.020623404471920445	0.0002216586600809693
X960004	-0.002024045547897658	-0.027185115837598833	-0.0005907251721328467
X960005	-0.0010444418319741483	-0.021338135348928484	-0.004387627179591984
X960009	0.006512739640054439	-0.004322335217554386	0.017023970869341234
X960012	0.007088710333649761	-0.01202723705649017	-0.0002978826596856264
X960016	0.05212331788517451	0.030744488939649983	-0.0055311835423136075
X960018	0.012799279981284861	0.004723944381514531	0.006754189471308216
X960019	-0.018434664817670435	-0.020808287376416233	-0.06323474688276778
X960020	-0.030008977894690286	-0.04791125575976733	0.02832079628004177
X960021	0.00331567917138565	-0.03615655928580409	-0.010641652115603178
X960022	0.004461682869108924	-0.022210634626132496	-0.002476263873754333
X960023	0.003020876614909589	-0.010308428688038246	-0.04970306682123321
X960025	0.03431948184635772	-0.012002798883619999	0.00664579434931263
X960026	-0.012891962397323703	-0.011752140674756086	0.0055533308347373595
X960027	0.006034246155698571	0.016026953635625882	-0.0059566250284247444
X960028	-0.015317525285510258	0.1249889141902836	-0.05083925626707475
X960029	0.05136037981113019	-0.02647903248139441	-0.00582414079320443
X960030	-0.012857550448982305	0.005177566989040873	0.03049384258714203
X960033	0.04831133346627678	0.05307770112778324	-0.027173459359993785
X960035	-0.009018984589641753	-0.0011336666090368598	-0.002135298880129995
X960037	-0.00029914397077135195	0.004851832464276251	0.002973317499846259
X960039	0.003303612588323567	-0.017640114155101302	0.0034388461628138763
X960040	0.003003184139274269	-0.0022952440479085926	-0.010338409781241308
X960044	0.005901182962621022	-0.0060616063515301355	0.0004404078749564118
X960046	-0.03269966758256133	-0.01195530368375017	-0.05286519692742967
X960048	-0.00031394111529682085	0.007388115132028108	0.05445965625871536
X960049	0.014022229506613047	-0.0033593482292978674	0.018378407822332535
X960050	-0.0349364786612555	-0.024681333836520745	-0.012964196865874737
X960051	-0.003820605966484361	0.010824027524077844	0.009101908615821054
X960055	-0.01245386358921098	-0.0030173939136452933	0.024782008385497732
X960058	0.009288508450756511	-0.001327970642246648	0.017086535799664477
X960059	0.03229515701694407	0.010115240349635459	-0.011701863557878191
X960061	0.059415456006477664	-0.011853208904231796	-0.037947992461882005
X960064	0.00370179788324841	-0.01762087900636244	-0.0006257537943947019
X960069	0.010665088314823573	-0.028705070843200318	-0.003794499594671769
X960070	0.0049237471343088896	-0.002089638180346549	-0.006285242825819438
X960071	0.002161435897787132	-0.011475765469261046	-0.008586341587662295
X960072	-0.006213376781855845	0.0053556426339948175	-0.030961292072369164
X960073	-0.009075962095649329	-0.013689028206042708	-0.02953461581131292
X960074	0.057538673359128	0.026176934464104348	-0.027094446735375394
X960083	-0.0018356100596583463	-0.01107189308714151	0.004719735656402352
X960086	-0.02866599055109873	-0.004435916624707414	-0.044462439146212424
X960090	-0.0032539174389669525	0.002795624467368347	-0.02214633479119842
X960091	-0.007204936957163177	0.0023189315918958103	-0.010236987116969408
X960092	0.022349457042401984	0.04659952748520753	0.004977232926749326
X960093	0.007074164511471054	-0.02151228419470496	-0.00023957818025521237
X960096	0.02454106471138338	0.05601508475507474	0.021369531181436516
X960097	-0.019917897503669124	-0.006321386487870917	-0.0065794987329106
X960098	0.004136623918950353	-0.022419980744901168	-0.004115164109878755
X960099	0.006405576011275273	-0.012142509697293575	-0.00031247005625765166
X960102	-0.026631471827241498	-0.006643834811800806	0.017797954521532364
X960104	-0.0006237291113290182	-0.03144574874472714	-0.015295749526144882
X960106	0.01758600897664747	-0.01962299315101421	-0.006288889853804765
X960108	-0.002562713211597553	-0.042347401775579094	-0.007482311432678533
X960112	-0.06978835573089404	0.1459042957757137	-0.03902593348253699
X960113	-0.01023203129370544	-0.0037731424298899047	0.011786950300810816
X960114	0.027813808103058304	-0.00015534123920091312	-0.010730881746158433
X960115	0.009850954675382278	0.017605177755293907	0.020310248177151997
X960118	0.02816073707062517	-0.030054097133103114	0.057561973709463685
X960120	0.007176959504729941	-0.008991008296676949	0.00211996071774151
X960122	-0.0011919405650723596	-0.002724072770822408	-0.02476680244728294
X960125	0.02022133048101505	-0.02871223253158955	-0.010647719535919324
X960126	0.005044047859021737	-2.2954556813369898e-05	0.009158968678369276
X960129	-0.012284697010468039	0.03427184776756596	-0.00748474678191065
X960130	0.008447661394170101	-0.0002782873385182595	0.005503667841404547
X960131	0.012983407323178988	-0.013837791633442087	-0.00817443663973455
X960136	-0.015258512155581628	-0.023018902934228445	-0.00796198049404055
X960137	-0.0025060478301182497	-0.011542230402870116	0.003691197615244592
X960140	-0.015325420912488584	-0.011748763132199299	-0.03354564329683316
X960146	-0.1171174637996497	-0.046311113436004324	0.012091485769700806
X960148	0.08587306237253765	-0.07149151135966549	-0.03276750128142776
X960149	-0.0066164567828901595	0.014779371743610029	0.01358990729335912
X960152	0.016549738954431216	-0.01094314295449357	0.009920829126347687
X960153	0.011765058870142616	-0.049312919846417336	0.03684989181328079
X960154	-0.01741974642136184	-0.015979811087089093	-0.01602752013119456
X960158	-0.039795718050642005	0.01639454932420176	-0.13935199706974324
X960160	0.006646920067871215	0.056962929610488086	0.039674374770734634
X960162	0.004798938776744426	0.003429540798955133	0.004931668694517368
X960164	0.006803951295411351	-0.017817315259353473	-0.008861975651033369
X960165	-0.03282983122310968	0.07189522935840592	0.01821822398812904
X960169	-0.003896743495535165	-0.028956034978169513	0.004964469490332849
X960171	-0.024085472578683667	0.010765471465255342	-0.037532610722621554
X960174	-0.0003127098853913175	0.0009379119603523644	0.009155988973294232
X960175	-0.004192391756671772	0.00777822261454598	0.012910364226407303
X960176	0.024053541225993964	-0.004432408222947076	-0.005612987635518902
X960177	-0.015931192924005896	0.007650850421927609	0.02039935772874253
X960178	0.01879167519348638	-0.013891365142809198	0.007963711278018424
X960179	0.0002642810173027099	0.02098890004077901	-0.0032147342286618806
X960180	-0.026509495296845664	-0.03950514727308772	0.013370919463927237
X960181	0.0098423141295618	0.004093270924724454	-0.004382283815915576
X960183	0.006277350294415338	-0.007275087739900695	-0.007214828087269792
X960184	0.010665388321048613	0.008079784650203394	-0.010226847578760261
X960187	0.01840276720562228	0.007233080696859294	0.003117077196433453
X960189	-0.04576455099395059	-0.0191345398771247	0.03589948693727221
X960193	0.06779444860545515	0.04399044460479456	-0.07852018656851076
X960194	-0.05636972325523121	0.14101713753747896	-0.038878306597528424
X960197	0.0004213695177365095	0.0025803154284316267	-0.000749740900925189
X960199	0.013448065575650698	-0.00012341560126028365	-0.0026426792376303817
X960203	0.014582935717708053	0.0422703041744541	0.03371366154120719
X960206	-0.038777495836271304	0.014151676815484477	-0.07450817979038737
X960208	-0.07364296496401443	-0.05384963911569381	0.047029474444940225
X960212	0.01906459882983527	0.012414771325434575	-0.002286173950199597
X960214	-0.023432587319504837	-0.008721354006875962	0.003392008269986565
X960216	0.0020509592725207037	-0.01081104722400296	0.026665441943856352
X960219	-0.013372310920741582	0.0027551171440712914	0.01633074318370853
X960220	-0.011836409758658307	0.09671196616634212	-0.04038171085490796
X960221	-0.001953924863020243	-0.008889758107019322	-0.010945272189982631
X960222	0.03378753159230678	0.07233654000194562	-0.04615799868703804
X960224	0.006369415483456258	-0.0004389028201672766	-0.001237896511737605
X960226	0.11260056196753086	0.008353553533514864	-0.029252613518985508
X960229	0.015052937836152677	0.0003279092149915477	0.002501574889644821
X960231	0.005823337070089503	-0.010323036003695264	-0.011577724288131431
X960235	0.003207603399704189	-0.032565329231955396	0.02344450002417774
X960238	-0.020669745086970497	-4.834066799679337e-05	-0.00292531909291089
X960239	0.04139802013230273	-0.0033928539478754694	-0.029829677091103353
X960241	0.003003160186291378	-0.02870978844945359	-0.0026474428515122802
X960242	0.04019940360037865	-0.0160253629470177	-0.03469031015436096
X960244	-0.019012815119042306	0.017680989110616396	0.02046448812931346
X960245	-0.04511852959312216	0.005885402287842097	-0.04998144740008797
X960249	-0.005915068774824541	-0.0279480243343189	-6.578149353212034e-05
X960250	0.00170017833427697	-0.013842196256028038	0.015213202878932535
X960252	0.02230509715350419	-0.02400556608782975	0.002222426741141724
X960254	0.005115829410457647	0.033252547289965045	0.002834173051305254
X960255	-0.0019440176853323778	-0.021966037482440658	-0.01021513996463552
X960263	0.003992549450157264	0.003922944600531831	0.010678836521692329
X960264	-0.003672881040312871	-0.0016985150474757345	-0.014158649277308357
X960266	0.026353111780661454	-0.02579682743069326	-0.004449308163873911
X960267	0.037082445501605076	-0.016032031464507254	-0.0016615594253153048
X960268	-0.01568804912384442	-0.015962777263071364	0.02388355104826366
X960274	-0.001813283030809724	0.005845960742017007	-0.0025995185983266446
X960276	0.007252573471479928	-0.029587706010773478	-0.012431036008465794
X960277	0.023770179771265873	0.10011319122902415	-0.06040967953081867
X960279	-0.034119635041125036	-0.0027297841180090737	-0.05169705062420646
X960288	0.009245812218112975	0.018421236932523885	0.014010837102330831
X960290	-0.03776447327683165	0.01573134715901626	0.072220829057559
X960297	0.015534110618298782	-0.019251298371797027	0.002684297034475633
X960302	0.015076721223635077	-0.039290730656011366	0.019506400508123755
X960303	0.004015442421675025	0.0030589411122649217	0.02745084824139956
X960304	-0.011803007148189796	0.04049506110903144	-0.02401212426696779
X960306	-0.0011552708770596355	-0.0045219936991458595	0.013307935118132877
X960309	-0.06183542372186669	0.0010927703111010731	-0.10861664473749522
X960312	-0.022293004286644904	-0.008859262707290056	0.0520474666876935
X960315	-0.010609013059793183	-0.011217378232073114	-0.015673736128842496
X960318	0.04236192992253146	0.0695124871563099	0.00532513157612171
X960319	-0.035700936255736865	-0.01937231685514227	-0.0009546614059616464
X960322	-0.012892638712285017	-0.0042537915799939945	0.004441704578341442
X960327	0.048042385511321936	0.01863305205232437	-0.003721565117612518
X960331	0.0005667592752936011	0.0072685411808486875	0.02051304010072849
X960336	0.08668202087920666	0.05818473205738712	-0.05007438398103644
X960338	0.023615311408798453	-0.05212557989783945	-0.04202456296866332
X960339	0.00678782507045564	0.020750097939111173	-0.005889241965351189
X960341	-0.0020693752844520687	-0.004873553657400217	0.03713483987217967
X960342	0.018035561479979846	0.0018763693030228572	0.01391692329938335
X960344	-0.005359710906006163	0.002715479345529977	0.0007749513826739889
X960347	0.004282265234136858	-0.022858364338958857	-0.009691123876364421
X960348	0.005765379187793215	-0.00850808482833803	-0.007958866424184537
X960350	0.01038966434359572	-0.021085902331519878	-0.0009513745065276128
X960351	-0.0024904358993013934	0.008160906929079966	0.00902531053704836
X960352	-0.034333166547735196	0.005350879084310599	0.0210122779050791
X960353	-0.01717194350130626	-0.038181282501232115	-0.022748176446391793
X960354	-0.027056236852166803	0.020158009956146323	-0.001496453894536917
X960357	-0.008486493752494611	0.0022208978355715667	-0.05682898047621178
X960360	-0.02629386041438014	-0.05198735090581818	0.015925503222271865
X960362	-0.00309275710234051	-0.030363413476583855	-0.003756079454612585
X960363	-0.002155057073910918	-0.042804182322969175	-0.012274349502896995
X960365	-0.004983272769691635	-0.001384690507014616	0.0114050658080959
X960368	0.0008429714891656991	-0.0015656997737730867	0.010638497680887798
X960372	0.02605717651463874	0.05728768966464296	-0.007497552320698524
X960373	-0.0030034597143996263	-0.016552507758755355	0.0194353275765303
X960374	-0.024116076747387694	-0.035693180503991534	-0.009143960525897178
X960376	-0.02835741563118103	-0.030657646766766893	-0.0012156486155199032
X960377	0.0312173383016502	0.004311860517952965	0.022379446145490683
X960379	0.019144444760598216	-0.0034190432281669676	-0.001305320496117883
X960381	0.0561865085302172	-0.054602802755145244	-0.02987468753890903
X960383	-0.014085957789981018	-0.0014972666050284095	-0.029331119036468453
X960385	-0.04084941055365401	-0.07520580031060463	0.06108978332882054
X960386	-0.055889139494722295	0.03953499671770593	-0.04127044895704116
X960387	-0.010429689312821667	0.04007467965698417	-0.06701087649282185
X960390	-0.010974936183548762	0.032434752975652896	0.01458247090555419
X960394	-0.013241619680570492	0.037455025146501744	-0.006123756511079803
X960398	0.021305970088972163	-0.023341797336120462	-0.001077664672995588
X960401	-0.011918877483561316	-0.004800546235686332	0.034271881098338154
X960403	-0.018206456778017452	-0.0508164320618785	0.011922907101188089
X960404	-0.002516480277001596	0.005529177176632501	0.013985370500227724
X960408	0.007239899027684094	-0.02462848219181192	-0.013150799229740301
X960410	0.018663204936843085	-0.053496956132664295	-0.02252072523309515
X960411	0.009787748950640692	-0.022230202167222386	0.004055815261443133
X960412	0.011940798187952524	0.0090283688921042	-0.014595577750740852
X960414	0.0029955924948837044	-0.01696178899808187	0.00551736586830832
X960419	0.010853270208032053	0.006364074602451225	0.0035663796916679236
X960421	-0.032324586698131486	0.005885486328048566	0.006854214821878405
X960423	-0.005727303083187568	-0.03291738185654717	0.005858616771003202
X960425	-0.013115415282746326	-0.008546695122046451	0.06522059952798218
X960426	0.005409740705450133	-0.007837868525987897	0.005455101893620232
X960427	-0.00015941432191102277	0.0060972787037830885	-0.033781170995893624
X960428	-0.0012976104442419813	-0.023054684511558055	0.014575507184428604
X960430	-0.005800511795477437	-0.026304280745982043	-0.011745870412833434
X960431	0.02038975953636829	-0.032682894577282705	-0.008321433025036157
X960434	-0.004558820761901393	-0.03105527604100547	0.0023587624115510315
X960435	-0.0056809310438224354	0.010921211840239581	0.010546803933100476
X960439	0.006730634598198164	-0.00454590659416035	0.004547380515860283
X960443	-0.07956538505546035	0.14424197167426092	-0.03238948597875986
X960445	0.0029686289510153993	-0.006748860221887492	-0.00034755640505917186
X960446	0.00022723148662079544	0.008438612502670634	-0.006539171995037137
X960447	0.0018821290036438439	-0.020748535952453864	0.014537734430669524
X960452	0.016809932952570848	0.02073927695224386	0.0009252208775769538
X960463	-0.005089197023619118	0.01605814239937602	0.019911421979408938
X960465	-0.04322794205037551	-0.045031361798001955	0.044755314789161275
X960478	-0.0030610217679161887	-0.008989111079652225	-0.02202931337777437
X960480	0.003528352297200513	0.02696643540789446	0.02760435922009956
X960481	-0.06092769753783399	-0.019275862206273846	0.049382135625135555
X960483	0.005978252755507908	-0.06353532430399829	-0.009373688316481
X960485	-0.11577351083679766	-0.012176922098845444	0.03383004090711389
X960490	0.0020378290735762602	0.012325740698580629	0.010260875810261793
X960493	-0.040138276260937814	0.04067457729435639	-0.008475084562679886
X960494	-0.0007668461072868947	-0.00931487435972438	0.0756126259129903
X960496	0.0006863323966584828	-0.026202017271822267	-0.0008718248811793957
X960501	-0.012287287046138726	0.04796906970480496	0.001552518640985425
X960513	-0.014857484214349338	0.06363024891785746	-0.011689256151436633
X960516	0.01217159111787759	0.042483512648765924	0.0008168735780819356
X960529	0.0022597685390189945	-0.02352163132287622	0.004471649044629814
X960538	-0.01826778317073194	-0.011266464952654326	0.005571952585861541
X960542	0.0024423585866356692	0.010506529518580195	0.013925592699313703
X960544	-0.06323142755914399	-0.06939181142116176	0.2011549492742445
X960550	-0.006679571273337665	0.01550683417032075	-0.021938444916522377
X960551	-0.0015870083136109126	0.009673597195304863	0.003412322225962839
X960553	-0.004326632276318716	-0.02286891274524669	4.315245948152335e-05
X960557	0.06716723409877046	0.03844988456043621	-0.065880188763576
X960575	-0.013382770511599478	-0.04448880878253174	-0.02448048147870141
X960577	0.017683525146352987	-0.041563615052729	-0.009818766268300382
X960589	-0.023416255863264374	-0.007377367789194854	-0.03122744341856787
X960591	-0.0034796474383916804	-0.019363747316154298	0.019101671721606057
X960592	-0.11586467655410113	-0.04088746993698507	-0.004354084525313066
X960596	0.05509195836486036	0.07046562551648475	-0.02912944719299977
X960611	-0.014728845926056722	0.01357520556745669	0.0613949988724138
X960612	-0.020229623995886046	-0.03126418955994414	-0.004243049958303933
X960616	0.006086750245294936	-0.016884518965758898	0.0008977461385353496
X960632	-0.008112222486849634	-0.024781054042317167	0.0002835369848836654
X960635	0.006806445887680149	-0.03897477465068137	-0.009503204691351436
X960636	0.004830740182092188	-0.020461464848969383	0.011910242679605687
X960639	-0.013278746332047288	0.10092650117508022	-0.010206793009375412
X960643	0.013698479507500092	-0.013695568467869805	-0.001190348971775154
X960651	0.006835877290367165	0.062324300983655996	-0.028541919343684632
X960658	-0.032750748335978616	0.1292706377098357	-0.027076641634048743
X960659	-0.0014035616854137208	0.014481737901519364	0.019660945584065597
X960666	-0.0026649392103971934	0.033367332088061835	0.007619517252321253
X960667	-0.021899088894221472	-0.022122677485689066	0.007541173674263361
X960672	0.021707811588831744	0.018652458407219075	-0.011956425555444999
X960673	-0.039127744363025005	0.1487049192107845	-0.09303277152677517
X960683	-0.13759870769094282	-0.03952315312860464	0.0009002229251029675
X960684	0.007180016432091411	-0.01262907442158205	-0.0005851418909093537
X960692	0.07337711065852459	0.04479067574864225	-0.0009364954872891165
X960693	-0.001660552280038047	0.0039181290171189575	-0.00030060093354472155
X960712	-0.03175420942424179	-0.0014973180421446865	0.021853556057555023
X960719	-0.007165237349292983	-0.01043036049224426	0.001084152159157715
X960720	0.051212531615277085	-0.044856761290538026	-0.04367729219888141
X960726	-0.02776589727518004	0.012419516013710373	0.0069146800723028775
X960743	0.003427217889510028	0.013234833440354213	-0.04666614529644923
X960748	-0.041861389942971144	-0.003975425164519042	0.006970115975683443
X960751	0.0068796227691296985	0.00037702253054159733	0.019484422971555334
X960760	-0.00954846700815245	-0.035323928793777555	0.02375029063385403
X960764	-0.013111921592107941	-0.059115162985926555	0.04711956362820448
X960788	-0.005795752594694564	0.024509154657220818	0.01639066374846049
X960792	-0.029057885458747885	-0.020496161074631352	-0.012361798364807308
X960793	-0.10859667968307835	-0.049334413091616604	0.05701273377475249
X960795	-0.025790882929270998	-0.01428902911465248	0.011701740120136056
X960796	-0.009835690491740698	0.0340200524292586	-0.02157711133396195
X960803	0.00461441054012305	0.018905238644943916	0.015759758284652488
X960807	-0.008716865264660034	-0.010306836875805457	-0.0034366557059575856
X960837	-0.04520834607194875	-0.0015003555567406097	0.013468360012872403
X960841	-0.013628987671902262	0.12734160619087814	-0.0538499255247728
X960843	0.004534799091707196	0.0096819901882954	0.03289443592422043
X960848	-0.010597053649593156	0.02344930399190516	0.0004948727007048829
X960850	0.0015726937315339552	0.022460788383627014	0.021358308319657734
X960851	-0.10463671633827312	-0.05939077218009471	0.005969164667828894
X960857	-0.0013672645440485796	-0.042912463121350525	0.011148185543872438
X960865	-0.010024043914381666	0.016807866428051127	0.0454623936407901
X960870	0.007074770877893974	0.011313279729999945	0.010846713365764142
X960875	-0.051331517203756574	0.03454085572475641	-0.0014310674496807198
X960883	-0.03919729221688045	-0.02343407066433867	0.004712576439008089
X960884	-0.020070343556144964	-0.006162224205698668	0.01538909423161424
X960892	-0.01337730568631087	-0.030944067207167903	0.049366735606795734
X960894	0.015103448772724484	0.021543975837996603	0.005137198868985049
X960910	-0.003381900720170181	-0.010990319482763595	-0.00042321765795828956
X960911	0.0059422571183257175	0.014571720804260115	0.0017567083131824388
X960920	-0.05166476912207015	-0.0001565739026050237	-0.06803578918576653
X960934	-0.01855192778453765	-0.0031324425438613076	0.0488509664525471
X960939	0.011603763414892972	0.007330628629377419	0.007345332160740251
X960943	0.030790918109107102	0.015973212736425536	-0.014330949522104185
X960944	-0.11418863504511238	-0.055956031706668824	0.022603956252832152
X960969	0.0004963518320722345	0.010577220109754563	0.012598302637603816
X960972	0.003919447335397639	0.015769889024928905	0.0218938104387477
X960974	0.013838754621688477	-0.04366643240828933	0.004718419809646338
X960981	0.009294492396540276	-0.023025656279217224	-0.005632089590404956
X960991	-0.02699615688639257	-0.009718231024886384	0.06520758930949366
X960998	0.0015394118803356757	-0.0096282758897885	-0.008093761964873766
X961012	0.03015520575855369	0.002773120706033864	0.013283897640148668
X961035	-0.014121266569189266	0.0004752035783415659	-0.03584263744587284
X961077	-0.015398262474282012	-0.010720393637589556	0.0018196440078965756
X961092	-0.005681066592097106	-0.03308790448807125	-0.01636228808004362
X961096	0.0030061405732805728	-0.006234893196400309	0.003631810702572811
X961105	0.005668726087972593	-0.018242492218999932	0.010252747716822698
X961124	-0.036511137781850715	-0.01118567624461747	-0.028940869991282023
X961128	0.0247301338609228	-0.012532089785984656	0.00437961411162483
X961151	-0.004780474500566436	-0.006984351630902356	0.05541406931678438
X961177	-0.010529070180587486	0.038603763382733115	0.003762024576448654
X961180	-0.03977625543010234	0.019844780385693074	0.0022752454406208575
X961193	-0.004429996547067471	-0.07799981493470093	-0.006652251179350981
X961214	-0.016774193963459826	-0.022762341377888705	-0.0059428409473699685
X961221	-0.00430309287401427	-0.001423908452877201	0.0038653959059141746
X961226	0.058810553958282275	-0.03104542611991903	-0.023798700572755974
X961240	0.020973200979692342	0.011890288611058198	0.009493250893365557
X961242	0.03026640242070315	0.03531272547610459	-0.01080523792072609
X961243	-0.07896410604591865	-0.0010936370556705191	0.17632327683633406
X961246	0.014010536960644172	-0.01679375558814475	-0.021136782692570782
X961263	0.01536296526858321	0.01798677256600516	0.012321162016595513
X961282	0.018024045121844363	-0.007992693350817958	5.1271196140571284e-05
X961321	0.010910749384371213	-0.03703831622767096	0.0010042760940939968
X961325	-0.06286814602243418	-0.0029614839590362436	0.14458338784816877
X961339	-0.04974671783625561	0.036394428328989314	0.03912211942654674
X961365	-0.015117614223893482	-0.037765346913746146	0.012470410962033827
X961417	0.004231711202420499	-0.005620449287174933	-0.00040425905664288946
X961423	0.00714577599490364	-0.027180282715813915	0.004262467069200172
X961434	0.014464428965162642	-0.004257372609888638	-0.006042074840563545
X961485	-0.03037941241787066	-0.0008472521082305374	0.08849992935131998
X961553	-0.00895137254811575	-0.005456851859354923	-0.0011773301182065189
X961577	-0.00984129884576257	0.01297175804658565	-0.0023874215307754187
X961634	-0.0019423855515703827	-0.01214720000253548	-0.01670140328240081
X961684	0.0026017409419551393	-0.016994082254006643	-0.007195306852209359
X961686	0.015323416781606734	-0.04368598416800303	0.07682980758745003
X961738	-0.038525142218766475	-0.05055802222204911	0.04895862836589147
X961809	0.006614323622238756	0.02844334870817316	-0.016028115310088326
X970002	0.017332193156941508	-0.020367643534385797	-0.004001106381193241
X970003	0.018175891763215095	-0.023991794092748944	0.0015420953159332653
X970007	-0.0076022445755474415	0.007106290620059858	0.01880468611221677
X970008	0.009244986238239895	0.003388887855832557	-0.0018047264310512652
X970010	0.011887133605375931	-0.01481545457743911	-0.009886885398009786
X970011	0.011187453795817513	0.03555853042180524	0.013720221000252003
X970013	0.010078921523471797	-0.019607915674403363	-0.00951553957119286
X970015	-0.001263341007669466	-0.03709068638482998	-0.0037667894969097564
X970016	-0.01023842894322498	0.010978891106489651	0.029543808735864326
X970017	0.02246666752054693	-0.06372963250540109	0.03693271251024757
X970018	-0.009995047768268943	-0.005012741740421637	0.02625786877806073
X970022	0.0004241707630227775	0.016038507351032523	-0.008768855081929483
X970024	0.011248344000445503	-0.02901613830607238	-0.006506274236329508
X970026	0.015184219712463061	-0.012432280961759419	-0.005921222871752856
X970027	0.009530222094165581	-0.006622236120339477	0.014013044935075832
X970029	0.004891840267173804	0.0026689237600296587	0.009960966841376599
X970030	0.01946086784830164	0.0018235896795346024	-0.0046391283267307815
X970031	-0.05073646341960587	0.014407737867711311	-0.05344285242040038
X970032	-0.0221576432789023	0.015102079255461792	-0.01962106051674432
X970033	-0.07621814768568676	-0.03861677810113886	0.05311353247090239
X970034	0.0296843405843291	-0.018657173821645896	0.002800741688064062
X970035	0.008239225690005542	-0.014517008332219538	-0.0017228838721119364
X970037	-0.011043387084916824	0.013004781222416254	-0.001231108288540293
X970038	0.008780660258614303	-0.06136397365917011	-0.014451022414939656
X970039	0.00976560266829266	-0.026495845233429786	-0.00674134677142615
X970040	-0.010141709261793287	0.028658454377969537	-0.019119629302628616
X970041	0.008679396526738192	-0.010122671777789534	-0.006403045138574148
X970042	-6.562977085198435e-05	0.01708892926665832	0.0008540987702161563
X970044	0.013241213245836285	0.014422363751159269	0.0008758376975847769
X970045	0.07079369922696767	0.04615402129644583	-0.00236815928825848
X970050	0.002619960632979323	-0.012126975989246997	-0.0004394982549346563
X970051	0.0022050728054309994	0.0006028120738137763	-0.01775323459024472
X970052	-0.005786288323673474	-0.016693981287715057	-0.004274851862975872
X970055	0.007826142126020922	0.006603779198414282	-0.004231096357047858
X970057	-0.0069881935496448186	-0.049143498281066636	0.012980579580898094
X970065	0.0036539539907941105	1.502354113457456e-07	-0.009473258291215007
X970067	-0.0008162575810110348	-0.01950972655837343	-0.003401925301853159
X970069	-0.11499918625099674	0.021419725937741694	-0.14496823680132215
X970071	0.0058539244198109975	-0.013635750075114085	-0.0014655989846615247
X970072	0.021857736798748736	0.03735779979574398	-0.014383556596194915
X970075	0.003676691060837731	-0.02284025097604162	0.013745297473343712
X970078	0.004406972025252495	-0.006691424829810322	0.0024453940288495842
X970079	0.009046870714024172	-0.058812028975493424	-0.019276893210739186
X970082	0.011598322223205216	-0.017193489998462073	-0.01168704171194402
X970084	-0.008451873560742895	0.006096507108846131	0.01515037502049336
X970085	0.016835676075822942	0.010891657956598591	0.046135712435609
X970086	0.0037055666601626086	-0.013988571504237882	0.000563522055317667
X970088	0.013262626427759707	-0.013477186322901498	-0.002365938267855082
X970089	0.021251288593652353	0.027202014732861494	-0.0082850672775914
X970091	-0.01780834442189186	0.013398835374849394	0.004086686167688019
X970092	-0.019027931379937142	-0.018380963986276134	-0.04255161839110322
X970093	-0.009395127287379635	0.015809227986984115	-0.016068984647287926
X970094	0.03736740245349197	-0.009752316788162553	-0.02647537931177108
X970095	-0.012645654749271854	-0.023706791223712886	-0.00026027789799129276
X970097	-0.0028950532598782147	-0.008245627421436526	0.00034462263928705504
X970099	0.0068248303448863006	0.03356070179233514	0.013684664972110091
X970100	-0.04701738626936773	0.01564149745965928	-0.03951640888590781
X970102	-0.006314283368414791	0.018587954182026377	0.12084892004549075
X970106	0.013787942159964853	-0.0004141993096376918	0.00014720105709763377
X970109	0.0031270445323028704	-0.013228630821224337	-0.0027988813802052224
X970112	0.011829588899765778	-0.021708974344321886	0.007257023685193767
X970113	0.004830782809283226	-0.010221302775395331	-0.017563842881161043
X970116	0.008838223396220707	0.007475818947630758	0.022055768618379157
X970118	0.007241400389381799	-0.030941775611755498	-0.000867197756859709
X970120	-0.013701394073595944	0.011915090422613754	0.043510999769452774
X970121	-0.09634508093472358	0.1272611650270505	-0.010026437512700756
X970124	-0.03617466722563553	0.08940449766733849	-0.016521681157727383
X970125	0.013553944628702312	-0.011980367480472688	-0.005284336380951655
X970128	-0.011307485184089486	-0.0003887749882389302	0.007101914422779811
X970129	0.016654837812152858	0.010858827176413035	-0.0006910448620335635
X970130	-0.014833760425219042	0.009791802452679181	-0.0015125080248670256
X970131	0.0006108196327767953	0.0013956224634534497	-0.01834936244535055
X970134	0.0035501870897551107	0.004082131085135466	0.0038189285951986188
X970135	-0.019135983763203895	0.008786327999474241	-0.016659927160967383
X970140	0.013338094584185776	0.012702206494232903	-0.007404203349718452
X970141	0.014089691364405481	0.035212000487223775	-0.005325438849705324
X970146	-0.0018447403508642277	0.022265163234764625	0.019884870631367863
X970152	-0.01797032735187869	-0.03806132151802808	0.008111639932619926
X970154	-0.011502741105144201	-0.025462571917837195	-0.01240295487464004
X970156	-0.0019167854986404844	0.028004608465587093	0.0007921563952931553
X970157	-0.006992737130972475	-0.008487504154253957	0.003489749938900062
X970158	0.04022574386665302	0.0010046339503032816	0.011390879122455224
X970160	-0.000913391172802805	0.016552669144139987	0.017922042870062986
X970161	-0.008075804330008577	-0.04338937526827897	0.01723011378223788
X970165	0.0008455330048713236	-0.03237526306591364	0.001241396158169785
X970166	0.011518268269959055	-0.03135305483411973	-0.01911415783507481
X970168	-0.00028853839667439973	-0.01857881335561501	-0.004281289479077758
X970177	0.02552442685096595	-0.03801872840740037	-0.001474607570304877
X970179	0.02476652682285458	0.027016429067296944	0.006037780031565334
X970180	0.006916675506119255	-0.040642022841545535	0.004650718417075738
X970181	0.005509718232435202	-0.008434720519371042	-0.0164415012280324
X970185	-0.00629688201896102	0.007097542500892411	-0.007602674982837614
X970194	0.0009973976020385118	0.030277066206848783	0.01761548057901754
X970197	0.006176974268043475	0.006155354024669278	0.007452665056907872
X970199	0.028268218929925266	-0.016934570545171626	-0.002536397702462389
X970206	0.023424494719599075	-0.013839635625114985	0.00011171316601033905
X970207	-0.03181403166807736	-0.009658898418012924	-0.01874861041985038
X970209	-0.010518841023177815	0.03862921554251034	0.030922348053795408
X970216	-0.10973899923209463	0.12118829975640459	-0.001747252319695431
X970221	-0.0038048501228047553	0.0009790897883697723	0.0032097073485802684
X970225	0.014436355877893185	-0.04058726563211015	0.003731106734623612
X970226	-0.010088950716744306	-0.04892840695255906	-0.010183079065264312
X970227	0.014269798622667902	0.010371979252546796	-0.003723384923071707
X970228	-0.00351885919105188	-0.01947025262550744	0.0019087714139686403
X970232	0.03065324274781807	0.0033127435597664484	-0.005994593205303993
X970236	0.0036798465582757226	-0.016407923197737352	0.0009566610191701249
X970237	-0.005467840243986394	-0.006775533609381075	-0.008459962423540648
X970240	-0.04107806926704857	-0.0009917838877624438	-0.00011628137239294575
X970250	-0.024967342918598256	-0.0015556914512751497	0.02394017986404713
X970251	-0.019667860274341645	-0.056321609481983476	0.011880646202607606
X970254	0.13909699714545398	-0.05644322968924883	-0.069729709011755
X970255	-0.0044099639096824884	-0.024495357449907343	0.017490569620315973
X970257	0.007492683276977915	0.0037557075599726863	-0.02190292112171453
X970268	0.0025401181152559234	0.01679283590294714	0.02092713159950362
X970269	-0.014397978977002221	0.011954704344345998	-0.0009342534485993359
X970271	-0.0409105917999401	-0.029236724206670204	0.04281341392205869
X970277	0.00757651245278472	0.005276104588081054	-0.017367183910955326
X970283	0.001070334986679023	0.023601264870579227	0.016785087619739226
X970288	-0.017372022473646647	0.002791560622673718	-0.028756854704347565
X970296	-0.04720088284820575	-0.04160637655264915	0.0020844788138895546
X970299	0.03666081955793202	0.00140397462626572	-0.023478901184118797
X970307	0.013227024280598281	-0.010159915132162339	-0.011114678269869433
X970312	0.026123238135188166	-0.01818048863113618	-0.020083471356310906
X970323	0.0012854008984301266	-0.028287287863336702	-0.00220798388448875
X970325	-0.003927062695997253	0.001295263359988742	-0.013788780586395682
X970327	-0.008849203500215754	-0.007538390053751911	-0.015707822644273926
X970338	-0.04241346309270073	-0.010595724839773477	0.030498872628675035
X970342	-0.03935681763433367	0.004563900386361037	-0.0003269909482910237
X970343	-0.046382269684237365	-0.012736420387561611	-0.001619211291028572
X970345	0.01007181243214042	-0.008643886122770266	-0.0008180139793836386
X970346	-0.011025823319697491	-0.011477323005966638	0.0022087645728588105
X970349	0.011054168633090304	0.02181027465708102	-0.00241955450648179
X970350	-1.2898811450887734e-05	0.012898777549127577	-0.025631857410876875
X970358	0.002704593036448729	-0.00579354262308544	0.017761135912295098
X970359	-0.01470420916403072	-0.013784957366586408	0.00917574833357147
X970361	-0.06309062894008723	-0.02843770309982097	-0.015922993929699238
X970366	-0.03479159329914851	-0.044877071453835335	0.10145942681729903
X970375	0.005451525526670686	-0.011169778430257557	-0.004609067671813205
X970380	-0.04027846524659547	-0.0405308776770405	-0.030810635480863123
X970381	0.030754579086134357	-0.0014229043535835236	0.001404735961296642
X970389	0.07327957044887504	0.02049844091963829	-0.04945290878410739
X970393	-0.04173753823160918	-0.0633133516488803	0.030616189696472156
X970411	-0.01901473300198352	-0.01801095202515643	0.002077435111485336
X970412	0.005639371397991743	-0.04053458274312132	0.013474975163031073
X970414	0.006366857976614371	0.0005918207127623513	-0.01269040107384174
X970425	-0.01038282189523723	-0.013202892343362896	-0.012859511626947713
X970428	-0.009702345531119476	-0.021096541461839233	-0.028764730391816578
X970432	0.023220985310431812	0.001881797565202606	-0.015459217539676452
X970454	0.016616908069595416	-0.034066968123036626	-0.0006656258126536853
X970472	0.004457247478083242	-0.019976481298548156	0.006165468026574681
X970474	0.025155605393101996	0.0013498263246045522	-0.003400273940611473
X970480	0.003246573120663588	0.002270898535318104	0.0069835834363812
X970482	0.07260047295436402	-0.03177714818160362	-0.037874422642652096
X970497	0.05223345184941883	-0.01097161654192782	0.0056889862784418425
X970502	-0.049779848867663776	-0.02951045852090075	-0.05220542033823344
X970504	0.028009248953005886	-0.05351589514257547	0.032112131001878916
X970509	0.012548720378519253	-0.029577377887549692	-0.021102897833312012
X970512	0.003211497848007981	-0.028207325778451846	0.0012746960222109434
X970515	0.010798609877247132	0.025622310371449148	0.0025275768121062647
X970517	-0.008166040625697587	0.025797472835970517	-0.023601927355209475
X970519	0.013173606446167439	-0.02350112308595727	-0.013651479485838192
X970522	-0.007128439709014068	-0.009309648429333022	-0.0012391214837452274
X970524	0.005213734123739696	-0.005035471314782354	0.008565785427581832
X970533	-0.0060665419739483134	0.004504978691265689	0.0016915882941892096
X970536	0.012468771912251474	-0.015848109587041623	-0.010778043945397964
X970538	0.017267049267190953	-0.007943345121483909	-0.012281470091000488
X970543	0.020036765332012423	-0.017775156792512115	0.0007429379818179139
X970544	-0.0024953418562126636	-0.005980088639741973	-0.009331221497869826
X970549	0.041926061766061895	-0.04101506833299381	0.006715956704645096
X970563	0.025494199467037373	-0.014892128595784518	-0.0010399191651623643
X970564	0.008173979234114412	-0.004075990759126587	-0.0005162987744200504
X970573	-0.030724010196538126	-0.00013703701110183878	0.007526037643770862
X970577	-0.010507321356909606	-0.02207511566064977	-0.003727105662411566
X970587	0.012081123930072378	-0.011723790189886075	-0.006380123839354071
X970599	0.0321549454317014	-0.005149213176946458	-0.0026430860949984143
X970614	0.011521707366567931	0.040426360558932596	0.01120951102529739
X970625	0.04509816136148018	0.03205354383538488	-0.04617765534832024
X970633	-0.01880409822544536	-0.006830358395322572	0.021949033839658467
X970638	-0.030327608421618964	-0.04395270928299721	-0.021248640488743357
X970649	-0.013474181985259735	0.004446232157617182	0.022107079609767436
X970659	-0.018071871211488278	-0.012618180519065263	0.021939697720843317
X970663	-0.01442464248424187	0.025508808267202268	-0.0024685439038565006
X970664	-0.00861740461844984	5.199613149721881e-05	-0.0012369040841397057
X970677	0.00996998797845023	-0.0032312152728967963	0.00024455037441988627
X970680	-0.007628056348133878	-0.0049544433548019216	0.003625242083008522
X970687	-0.030758153289798668	0.020890657788443217	-0.014049173946964243
X970688	-0.02056640157339051	-0.01794392068504689	-0.023338474237557333
X970692	0.014944319865941887	-0.006772746267599673	-3.523387361348621e-05
X970706	-0.0270995457240482	-0.011088867901292163	0.007146154517716004
X970707	-0.0014573469487387805	0.026552501169140156	-0.018185632252005698
X970717	0.01804940772811139	-0.00827273584508866	-0.0026025878230799848
X970718	-0.002606275393290954	-0.008264427266306116	-0.003975136933853369
X970731	0.004762605429283903	-0.022266726618440917	-0.005533475939137161
X970732	0.0010104734394687051	-0.009380844570444994	-0.013179116572646626
X970737	-0.020281770498286413	-0.03426655740932414	-0.0025516991304273345
X970745	-0.023027856572571635	-0.008160554179732436	0.002281192109588964
X970784	0.002375247718465079	-0.01806237173440816	-0.003982848293968456
X970791	0.022180753869740517	0.07956561358150295	0.02410961962561774
X970813	0.00595573979751553	0.0058274154153149915	0.013005872132807326
X970860	0.014889858073453504	0.000904849910340375	-0.012271317957886692
X970932	0.0028240774915220656	-0.024464240893059444	0.0013830198632457562
X970960	-0.02046451964386078	-0.026037353138654632	0.07569698940818644

Biplot	0	0

Site constraints	0	0
