Eigvals	3
22.86488381011083	20.412371536165292	15.088414170462634

Proportion explained	3
0.4479396281153945	0.3570001647853656	0.19506020709924

Species	12	3
Propionibacteriaceae	-7.013796392090037	0.01763563837732559	-2.7631096799213366
Staphylococcus caprae or capitis	-1.6540286459277236	-3.0966453579478284	4.320546067975225
Staphylococcus epidermidis	13.5151087056839	9.007609707622223	-2.157331257108819
Staphylococcus hominis	-5.375155876317673	14.182840909693368	0.6912843837521537
Other Staphylococci	1.775644082613151	-5.068594366767802	3.0429897539502786
Polyomavirus HPyV6	-4.3545506253338555	1.7101331344413424	-2.9144409448536805
Polyomavirus HPyV7	1.2021796490230747	-6.793881674267361	-8.66005866581549
Merkel Cell Polyomavirus	3.988545235364418	-6.510869710453809	-1.809838380711953
Malasseziaceae	-12.292006971898022	-0.19266746724727057	-0.9862829878413324
Corynebacteriaceae	2.1189564895053112	-2.466128873813433	9.217232439018295
Micrococcaceae	0.07250431568038768	-1.1665348526016988	3.482578187946352
Other families	8.016600033697074	0.37710291296494275	-1.4635689163896852

Site	1225	3
X940001	0.007468010532692505	-0.0006190689352927427	0.008408617816910487
X940002	-0.0036881472719707082	-0.004624122417394724	-0.00037991268635431257
X940005	0.002496977526496806	-0.0074759968488608	-0.0033861164432475504
X940007	-0.013481972361265873	-0.015726508713410105	0.009760018191836766
X940010	0.007268711684270488	-0.013311764662002906	0.01579454368110632
X940013	0.00899173545400138	-0.006462764073794845	0.008664714921795508
X940014	-0.013110629192110748	-0.04740971611514264	-0.004412573946551634
X940015	0.0026391832337577547	-0.010364289743056906	0.0016320012322507856
X940019	-0.08764562118788626	-0.06228432103494708	-0.010889115892748043
X940021	0.023786698310191503	0.044374730350852216	0.08864163329735186
X940022	0.01584369568443936	-0.01142413935423053	0.004231035170072399
X940024	0.010174462082228414	-0.01134012837498845	0.01579240825363994
X940025	-0.002612871911086194	-0.015946296977128176	0.011339878977227425
X940026	-0.00036963562247733047	-0.025605358504677503	-0.018942028287309863
X940027	0.0020122728983791287	-0.0017207696380899479	0.01709159691837586
X940028	0.012140010020620673	-0.0042030449867621646	0.02443889132740914
X940029	-0.0055392560501015846	0.01048021428480777	0.002274203343146919
X940031	-0.010405422192986926	-0.027848836611052395	-0.003638436812726294
X940032	0.00013942300554570147	-0.0023188082500161396	0.0019808153531644243
X940034	0.031296921566357876	-0.009182250849392682	0.007094639553664908
X940040	0.03836839348603491	0.02852553867379433	0.03081695278734857
X940043	-0.0040147522499844835	-0.009473288996622777	-0.0019638794672619695
X940045	-0.0529719410630724	0.0685623075692334	-0.058305601044136804
X940047	0.03797411083871232	0.09659762478659219	0.0854070358592057
X940048	0.03500857843359964	0.02059605646867674	0.029093679475607703
X940049	0.013203314176537374	0.01720649720694508	-0.003893083229174047
X940050	-0.03735705975293722	0.011122644682015471	-0.023393143433047478
X940053	0.013405721438368266	0.003284838171958743	0.0041422854578917956
X940054	0.02191206093791941	0.029833342572915783	0.03566302956424651
X940055	-0.003639501252124071	-0.02619629544694699	-0.0396507647422437
X940056	0.017015110981537164	-0.03449105724572843	-0.007110917519673335
X940058	0.004314369850672756	-0.0045100794882046115	0.024153098025392988
X940059	0.017704073284796396	0.027800977104653363	-0.0026850599529965272
X940062	-0.05868545799396809	0.02826167212757445	-0.04511011352116782
X940069	0.003870819124454863	0.0011138663311671345	0.0016258505307531403
X940071	0.005581562333181056	0.009914422981232898	-0.001250866269891369
X940072	-0.001307511758282037	-0.007393412115748762	0.007868881930429448
X940073	-0.06051698027550541	0.024586145912091514	0.16723115626558513
X940074	-0.024567675019100118	-0.042921394275535	0.044654129903405004
X940079	0.08946719490637209	-0.027191070233136664	0.005658929113041289
X940080	0.029865115133205656	0.0032040681120909984	-0.011771655480174887
X940082	-0.08464986606758357	0.05992851305967505	-0.04085628139667906
X940084	0.02069316587076353	-0.008740119943456215	-0.03555367241822615
X940086	0.02132270896924446	0.01522248591777141	-0.05474890140885887
X940089	0.01691502142471023	0.003320032090146911	-0.04377187738639161
X940091	-0.04487081696948256	0.037210313570988605	0.014147181940162007
X940092	0.005805320145334521	-0.0074829910678022755	0.0034684226300574867
X940093	0.003924676646222876	-0.0091344651650777	0.010536567885896186
X940094	0.0053220302995421	-0.053908070155586386	0.06913458490647617
X940097	-0.018866963570802156	-0.01139630220769059	0.016717509026549577
X940102	0.018055995554296708	-0.018023028321549787	-0.004944911665144581
X940104	-0.006993241858145468	-0.03330706665488674	0.01649860689812139
X940108	0.010732138411047447	-0.011560617536177008	0.002350888880516965
X940110	0.01668405478913967	-0.03151529709386834	-0.011939017626320152
X940112	-0.0692377406715593	0.0031268233561667896	-0.07233410628113604
X940115	-0.043826417198834726	0.0025513272368316003	0.00834059048370455
X940120	0.0006438698593775799	-0.01868838284647019	0.0014818186162101805
X940121	-0.12424493628620999	0.05563532591254552	-0.02323251846144829
X940126	0.001109154240351101	0.004454230977080932	-0.0012707749846795249
X940127	-0.00585209120493047	-0.000991307616930407	-0.0014033496471448203
X940129	-0.016769973735517738	-0.00514871768655357	0.013424658733649078
X940130	-0.013808098211905064	0.020832494868225217	-0.01581928120382481
X940133	-0.014789799538854561	0.01986436188416492	0.002372085900081696
X940136	-0.004361781051557318	-0.01686226262483524	0.014303199633567939
X940143	0.0013641426068250046	-0.003673581701515313	0.01146595984868291
X940145	-0.005147992996756311	0.00025685791645126084	0.006693020755641256
X940147	0.010224548342332758	-0.02297398404080739	-0.0025961826663755756
X940148	0.00814328014072819	0.011154868016078096	-0.006529949893384635
X940152	-0.0035595861025754655	-0.03954089330642844	0.003252301760335968
X940154	0.014024750497990594	0.004498685936178984	0.006548529451638217
X940156	0.02470239310602801	0.025758758064480938	-0.0007274503896001404
X940158	0.007868381852129697	0.0073372912087908216	-0.001611150377452273
X940163	0.005618757985898322	-0.06060075740287002	0.020034371854803848
X940168	-0.16046538971362484	0.021186183193937443	-0.026174998765789582
X940174	-0.09424118731476107	0.04939760106082508	0.016826720165932826
X940176	-0.06906195983573114	-0.018587143704844114	-0.06806088670231092
X940178	-0.013005571085580633	0.002278707727648725	0.007850663726325306
X940179	-0.015329095142212618	0.0021168010686778314	0.022092163448500412
X940182	0.0025411172742170612	-0.0049542879363758735	0.009286298911069883
X940184	-0.03403950850929117	-0.021092599181598566	-0.008997087454406402
X940185	-0.0052985113210243205	0.07275054238525497	-0.043346043461543096
X940186	0.0075974403365235725	-0.009481480628064568	-0.019301716606885774
X940189	-0.005063713396525225	-0.01440005213810096	0.0037621406787526008
X940193	-0.001418593724522437	-0.006701794740788005	-0.010506086136229867
X940203	-0.04476125368858681	0.002817497110383665	-0.02999903019760598
X940211	0.010672902219369422	-0.0013278178596481266	0.006336397558823214
X940213	-0.02177949075143229	-0.004573772956317209	-0.015136280074145407
X940214	-0.011102211080245174	-0.01283559666785273	0.023777527993171968
X940217	0.008878638941029911	0.02326585057705993	-0.02371839925984207
X940222	0.006615398172449453	-0.02082669923878937	0.0019160995384241782
X940223	0.0018948249934786234	0.004669965189984713	0.037842522037545935
X940227	-0.0067091905807485615	0.03540655024202695	-0.018537678468897274
X940230	0.017490936666975668	-0.016150016191452937	0.014073636142430374
X940232	-0.018884033989842206	-0.012970657246886182	0.023070071124642974
X940233	0.03014554046989546	-0.016719444075736736	0.0057703441733166294
X940237	0.0007767634020522195	0.01667035609345888	0.036220127420427135
X940239	-0.062225626536483614	0.0066708962082579655	-0.012441857624260349
X940244	0.0483653285758298	0.02701304081995547	0.02582499361588468
X940248	-0.0068347793391887205	0.04962952631607457	0.007470289851659783
X940251	0.022055129526280533	0.02740229667620635	-0.023790517811887832
X940256	-0.020211686123382682	-0.001927316365413712	-0.003914508124309523
X940259	-0.009242552076438967	-0.025313475239674702	-0.004494802492554974
X940261	-0.019647134951596312	-0.026272756475427872	0.014240381963993451
X940264	-0.03513180288529653	-0.002954609203287767	-0.046431095538599275
X940270	0.004538111675996284	0.01670208846995924	-0.001132269871131517
X940271	0.022230116240596186	0.02017967729383586	0.05229813118834563
X940278	-0.014519676681629286	-0.041464006465725435	0.004087375280078144
X940281	0.054941621421630366	0.0717011779815858	-0.026864226943380313
X940284	0.005013113727460129	0.0023495096754294325	-0.019936289438997605
X940286	-0.08945441765366355	-0.005895076068812218	0.07509096522901666
X940287	-0.004639204340956125	0.0013666105562004916	0.019701971459788997
X940288	-0.004299766135170703	-0.048374585596194654	0.023283771752154295
X940291	0.00981070849687424	-0.007080859969064681	0.002167203957573609
X940297	0.00814525501777822	-0.0011475014690174663	0.003892021633812631
X940301	0.0016713758229463603	-0.0048552516191261745	-0.003029587177954984
X940302	-0.014472126934438327	0.01571832555584739	0.03809976511745895
X940303	0.01660737436213368	-0.0319160770627545	-0.01905071750025063
X940305	0.023032878269946436	-0.006973477200864584	0.019804428590761577
X940306	-0.021489377147182423	-0.04434449467762562	-0.016504569004607453
X940309	0.017009954653742033	0.004846014672485258	-0.011149178527426563
X940312	0.012161652640641236	-0.05301789611295108	-0.008050899038882139
X940314	0.007103314224515889	-0.000929568027489768	-0.008311516240544738
X940322	-0.0288401808293044	-0.01735113066262146	-0.023763618902860342
X940324	0.02918954585039658	0.019629130587658094	-0.04453355803207397
X940325	0.01573115988608172	-0.011440237694990946	0.021281361110722825
X940329	0.059098710949758486	0.045542178203393055	0.008072439566780774
X940332	-0.07301725526824945	-0.009005636225470173	-0.04044030516429815
X940335	0.018906202160247246	-0.006452935031785617	0.10848763929118801
X940338	0.02284216586343768	0.007082601267218283	0.03530386634974646
X940339	0.0012596104925311647	-0.019035767706262766	-0.008025232764005007
X940347	0.009576243082395757	-0.011441429498233993	-0.007333209669418782
X940349	-0.03110240664922885	-0.04931229327158554	-0.015238615241498582
X940351	-0.008778166615632169	0.005963468405736388	0.004689486541860906
X940353	-0.014637059013174114	-0.028649857011168147	0.003429011765899573
X940354	-0.00316692327342255	-0.040817939711846954	-0.005509541212266567
X940355	0.02044533830963408	0.008678146176037882	-0.027082874936149137
X940364	0.047238536318735036	0.08940977694036106	0.019279664334057207
X940368	0.006471820907369225	-0.016692662782382666	-0.0033751007162624146
X940374	-0.016799714746299182	0.002589787170963352	-0.022931101521819614
X940375	0.004990615607441196	-0.0006382322243159994	0.0006208644493428615
X940379	-0.0044900539478084185	-0.001178594786914402	0.04069133874802993
X940383	-0.022000590779293186	-0.023105160625456353	-0.003648178762146592
X940391	-0.0004050074485133096	0.016814096377678715	-0.008519279776842185
X940404	-0.004825453737707073	-0.003990978404764476	-0.005960822891746008
X940411	-0.030477495633466207	0.009801064445960498	0.05109723561938025
X940413	0.0022438670171262593	-0.03449068444332861	0.023926301693414805
X940420	0.01646469932891537	0.02079997807934346	-0.00944303583300987
X940443	-0.07231861309865883	0.05170602528672014	-0.043447056179963965
X940444	0.025502326778354675	0.029769541395038995	0.05516208155617169
X940445	0.043924006823608766	0.0015215347358527188	0.0026101856120446343
X940450	0.0017456462006876499	-0.02406299185137077	0.006993757055080276
X940451	-0.05418898857657611	0.028818666168810295	-0.08042102352181703
X940456	0.002790575703450492	0.012543382117010811	0.0015677053585092739
X940465	-0.0030507465938894814	-0.007477601452177574	0.033932271780377825
X940466	-0.011246418234119282	-0.009878313884043888	0.016486923546819233
X940474	0.05857593693655938	0.06070476846534657	-0.013919145202979443
X940481	-0.024033681589029254	-0.011886461909256543	0.014319930662150033
X940483	-0.0005450056878407402	-0.033626295443972824	-0.035527686171297486
X940484	-0.015086050927237242	-0.012367396763381139	0.031803309929254495
X940487	0.009291746826594538	-0.051395408246298444	0.009773013397192736
X940488	-0.01800695131015682	-0.01737724269967819	0.06189147679088285
X940497	-0.07112562791473057	0.056241309344227934	-0.03274570359881737
X940498	0.04037223007656199	0.01692504901600963	0.0015964419622955333
X940501	-0.08204921473470272	0.05283635379646312	-0.045583911144277664
X940506	-0.13918590590207527	0.064400406653365	-0.00012594393099465653
X940526	0.029923743059252696	0.020214959939436082	-0.002504747473610309
X940529	0.007960223502997604	0.04081124416859403	0.005538762241434872
X940532	0.004189218914133569	-0.010837326582109792	0.10029909320042812
X940534	0.004826803156174202	-0.02259090651377383	-0.06478909450575107
X940535	-0.012199287837905462	-0.011511151074451694	-0.022002494739178664
X940540	0.004583321420735247	0.005648390166135595	-0.009559605543595242
X940547	0.006869886958055749	-0.017245348816520525	0.004949063830239696
X940550	0.00341697183289629	-0.015937656430851023	0.0038878943326069284
X940551	0.01695877229682343	0.01524808152010908	-0.0025928617131571138
X940555	-0.0756171214763622	-0.056687565821600325	-0.05241426728774331
X940558	0.01146043429803717	0.0077237684819248635	0.012528956693259836
X940560	-0.13527713422986415	-0.02305672329107713	-0.09104502402926319
X940562	0.07192279502473485	-0.00011101527777788054	-0.024220842938109638
X940570	0.00782214644039449	-0.02095624396261966	-0.0305296676138082
X940571	-0.016395143731813454	-0.052787437601935716	-0.02925773250320331
X940580	0.003895967574421917	-0.011652341089884558	0.005356281730674272
X940584	-0.11169539003363972	0.024312580876251984	-0.024989696815429504
X940589	-0.10265704600906042	-0.06063868883651663	-0.0663943474090928
X940598	0.012586011920201888	0.01940039921541758	0.033853143219409
X940602	0.02522303607600373	0.06895473970203209	0.09008547880708258
X940606	-0.02264244304414042	-0.01885756393705642	0.006246987033724839
X940612	-0.07429492653364961	0.09528026641897049	-0.020887124287615244
X940623	-0.001372546479712312	-0.008975060349944922	0.0206323895152744
X940625	0.008218695070106013	-0.05503151815492369	0.020452840249858543
X940641	0.005566991768001645	-0.012792659209904671	0.0035851999575688864
X940642	-0.0069177831056261895	-0.016447305116947062	0.0025668367428939125
X940648	-0.03832400312479576	-0.027795738435947084	0.14009767446746832
X940649	-0.052755306914958104	-0.054275242986373484	0.05172379465349356
X940652	0.001545167732459188	0.013579099325374362	0.008257854142276661
X940662	-0.0042929032322099065	-0.030094605014158532	-0.0016803679009557684
X940665	-0.015589464679275026	-0.02804902800668047	-0.01182461687782346
X940674	-0.005712512171802505	0.015301666157376567	0.022164191932300657
X940689	-0.04371698515623604	-0.029802050522550447	0.1498248533510016
X940690	0.008686593676478666	-0.010752916709942687	-0.014857823739189417
X940692	-0.006995249306571765	-0.011815333454332909	0.02506798130375226
X940696	0.0036206795468363166	-0.024389079104022066	-0.004248615874519281
X940700	6.431869058617097e-05	0.025863341790056858	-0.01421686809099467
X940714	-0.009351978935795814	-0.019821503238878376	-0.01283651932958003
X940721	-0.010189310062907499	0.009052008658188853	-0.027735753421826406
X940727	-0.02544695770760415	-0.021735078735820236	-0.009244752675166262
X940748	0.010756383955699568	0.01469919185704619	0.006951745630578417
X940756	0.020883274320092515	0.06012173078458509	-0.04569933689974398
X940761	-0.013627806567332946	-0.023202567278863846	0.03284541127937235
X940763	-0.0017394598619685784	0.006361706185659326	0.010967961900360791
X940766	0.013605707269770721	-0.07555112501635902	-0.05659492608483968
X940769	0.060234364700678514	0.017163844648333017	-0.01099489385819555
X940775	-0.0036416540083639573	-0.014548638430552823	0.04002842131050519
X940778	0.022657897987988302	0.0212351822589837	0.0024618649119974656
X940786	0.003880409155865433	0.004458745074386752	0.0013859701707910376
X940796	-0.012540184489285079	-0.07269274261967745	0.006233419079602875
X940816	-0.005744326464076007	-0.015422199267670484	0.010353007291997394
X940819	-0.018872269165187444	0.030521547938343718	-0.04446861265171515
X940820	0.006796600308684838	0.017508259087834144	-0.007071858565508136
X940826	-0.007552559417003186	-0.019315964937277486	0.047527277851424986
X940827	-0.013413729030322988	0.0019400595611146158	0.007289401716663274
X940833	-0.028246123479902144	-0.021184870084425985	0.047099972225459134
X940843	0.03333752591232526	-0.0129691086131859	8.798682712049832e-05
X940844	0.04459809077165409	0.023680689056056095	-0.002001076854864921
X940845	0.009919684906350616	-0.06238081620382782	0.004103548573112023
X940847	0.004302048195992017	0.013647672139091545	-0.02091409891358855
X940852	-0.0017565133844572862	-0.02094477781866527	0.0070766159885385805
X940863	-0.03048725673181564	-0.07163013377644645	0.005693263324594401
X940871	-0.008319883956325427	0.005170195569299256	0.03640674636086043
X940875	-0.008855580001936977	-0.0025398420343865492	-0.004593928535255353
X940882	-0.016820264710882826	-0.006514680621841456	-0.017821513867446546
X940889	0.00238205652149655	-0.022803884388683287	-0.015112651730331064
X940892	0.02465347903580014	0.005824609657424482	0.022340738231322606
X940895	-0.008675107412259403	0.0023764410766484727	0.0033963761233951873
X940907	0.005165102724392207	-0.013686096454934907	-0.04947685238899398
X940912	-0.004566338714323427	-0.0005653511610005571	0.006086327693863956
X940917	0.00489842658477483	-0.007406961422017506	-0.03408510359576986
X940925	0.03930027620503744	-0.07589146226289482	-0.05831187825325034
X940936	-0.01560763076294913	-0.06288308774139192	-0.020125596917825016
X940941	-0.03145441804080986	-0.07515492246384754	0.019408332418507434
X940946	0.0015064057156750814	0.0255129551334575	-0.004433116046925203
X940961	0.011941393703466478	0.004758595466977816	0.018941462719973667
X940966	-0.0016607375138727558	0.0342478249908854	0.008477807781913009
X940968	0.014856919714051384	0.017275626647716043	0.010772426757516855
X940984	-0.029835292023856468	0.0005007694262619146	-0.0335338268147699
X941001	-0.03313390678911454	-0.05194911559254894	-0.029188786997211908
X941014	-0.12912011172700255	0.030565088928526583	-0.003534989824568996
X941019	-0.0137933234486145	-0.035277675610342764	-0.011169747684712848
X941024	0.017591550013638862	0.00020077569029544536	0.029246270719175835
X941028	0.032190822138819894	-0.011963614621577126	0.002138855539960519
X941037	0.020593287568995103	0.05908832445617953	0.0668817352656809
X941043	0.03429012196327953	0.020141853097064698	0.012446596748955553
X941046	0.01445951829024522	0.03502039051757221	-0.015309213027773797
X941049	0.013070494566230202	0.01867378578156873	0.0077920464278847116
X941051	0.011329344859304123	-0.026603736372984865	-0.00103191994567363
X941066	-0.009245894066865311	-0.011903861088285759	-0.026962175827643
X941074	-0.01750681322536207	-0.020950526865912693	-0.019253890355290737
X941079	0.024339405689647438	0.029020447640676985	0.0463813613910409
X941080	-0.05665104979032595	0.023878511845277346	-0.009306457481432934
X941091	0.011080468449943977	0.004113594819053548	-0.004519953636938305
X941095	0.024442411627960653	0.02603281337002764	-0.013265040491926849
X941106	0.003184597007656456	0.03130940177993465	0.01261463059636046
X941118	0.03411054143987021	-0.0002617915164016017	-0.00034590476893467154
X941124	-0.01776111881030455	-0.02165705198818492	-0.03410615318963186
X941134	0.015320219004504499	-0.020516237532637194	-0.0025219255517616277
X941144	-6.6870740771852e-05	0.018549627529773627	0.023372156776980773
X941153	-0.01638342231490996	-0.04715676677155774	0.05173410242298256
X941154	-0.001166013257859391	0.015430739299782927	-0.024066511390437334
X941192	-0.012264193348799846	0.008029444628648753	-0.01212281761492131
X941202	0.008540473419712329	-0.0390891030117172	0.041391100131795325
X941204	0.009838080244917887	0.013476265540073255	-0.0031745668362676265
X941208	0.05365969733391809	0.03133221187697971	0.01335439230278161
X941241	0.04807230815402884	-0.01337729959683204	0.033750323969975134
X941250	0.022599325351741334	0.008132792345352252	-0.0011411966353855707
X941253	0.0129429381192781	-0.00903106490871534	0.003974378003267295
X941257	-0.018101289216108055	-0.026846961689475087	0.026166232118382624
X941259	0.015038523084452504	0.01747585166576466	-0.005288947831531961
X941265	-0.0029406575952048157	-0.04802879530611064	-0.015046518825046857
X941274	-0.04503215029436123	-0.04239175903748952	0.10874901535641625
X941308	0.014105185395017338	0.00577868204446207	0.00024587336353371113
X941315	-0.025238726567258882	-0.00546208334954167	0.03607318587053696
X941320	-0.009161274454242956	-0.006903640280166634	-0.008209378134934085
X941321	-0.01653000511689517	-0.04443320990585609	-0.018356002471667632
X941367	-0.0660448299053495	0.03998305239458122	-0.04536186147443041
X941373	-0.0037093335154067897	-0.009647895130022207	-0.011658461763588276
X941384	-0.06389156766555994	-0.02966129586647591	-0.05092845168968936
X941385	-0.005147731258934673	-0.006343270991643948	0.008243822852652032
X941392	-0.018464508818412117	-0.04193336044113627	-0.053947693145694794
X941398	0.0003881257586883642	-0.04039610236234575	0.04912759754161135
X941404	-0.004690748040101746	-0.0033990180874692564	0.006820271736430315
X941408	-0.014819555971303978	0.015332794167253362	-0.017341762250856728
X941422	0.03322655879773799	0.03733187146374608	-0.011754762702205834
X941439	0.012815959567405633	-0.03823712067258242	0.02649627097101233
X941445	-0.05084874264251724	0.03225793653444813	-0.0359713713583566
X941454	0.014718742176935373	-0.03748912986653351	-0.005732910632730266
X941460	-0.08179462039621975	0.05010461803055108	-0.05424102134701024
X941462	0.04206483094642111	0.019048718161143816	-0.041236834864365024
X941464	0.005793066304552214	0.024038427449640132	-0.006280488645630983
X941503	-0.0063370317002836365	-0.0568581509399064	-0.0035759951760033046
X941519	0.008655448297390634	-0.0012233589041471145	-0.0017045566973363363
X941530	0.000914537704110348	-0.01892122295932119	0.01145012253979933
X941547	0.013377438660719205	0.007293591865953903	-0.016965090095134933
X941582	-0.1470765350010077	0.032602467880898475	-0.08357410849551583
X941617	-0.007274856633863438	0.007803912676905129	0.009768638465951567
X941623	-0.0508802929889486	0.04445845342106682	-0.014252147118883556
X941624	0.004705848540572342	-0.008063614570024311	0.0045732231712529705
X941639	-0.0033032121948259065	-0.04604568713816432	-0.01592783989358191
X941680	0.01624704793704821	-0.0005838184056343015	-0.007239012713571772
X941684	-0.006161276701945142	-0.029035851085180326	0.012437825486241286
X941709	0.01617522348425217	0.04581266009965643	-0.012115477065817991
X941714	0.025755405814722465	0.041003687503624424	0.006932590781326982
X941715	-0.004505004241605404	-0.003745949936247478	0.014151133606476594
X941738	0.010962428889741143	-0.0382803582990109	-0.015004664446175271
X941759	0.02461531577378501	0.006583993417774904	0.06216839999155055
X941772	0.009665293254882709	-0.06464766294434657	-0.04512009896677113
X941774	0.010498784100137463	-0.000356572526355603	0.008352742307490148
X941807	0.010083001920882437	0.02552273489342835	0.02767334928374066
X941813	0.030356761687350357	-0.01676235484897357	-0.05398366404762577
X941817	0.0014396918035310953	0.0023514867373816313	0.003540679110568998
X941887	-0.00767208153157824	-0.03870916131036986	0.0187152140250006
X941902	-0.023281811594740486	-0.016299854711502137	0.018385106017923123
X942011	0.013177266331542105	0.04378727480908928	0.006878614892228316
X942026	-0.03034681461327763	0.016617433638593384	-0.04660352962348011
X942039	0.027196794504202718	0.0086576370151759	-0.017332810393186755
X942075	-0.011184076025154184	-0.01970379160444338	-0.0033111688312467825
X942094	0.021411677984189727	0.003149438604957161	0.009235403967145476
X942128	0.0312648304461655	0.003010960425754232	-0.013598116919516469
X942191	-0.0589614326564934	0.0413302052480514	0.03478977403809013
X942237	-0.0021611211102199332	-0.025112858375188844	-0.019124075997385023
X942303	-0.0010602148112491632	0.056531702319273264	-0.013117974401963611
X942319	-0.018945314075359373	-0.025439392978518195	-0.004970967485267228
X942359	0.011509328608756787	0.004250774686550874	0.008523208401424122
X942398	-0.008367700893256032	-0.0017125371275293225	0.005972055912001214
X942402	-0.04778039574001413	-0.00035447298046499445	0.0289842761182967
X942429	-0.029570249046483192	-0.018860370771119024	0.01585622064913994
X942467	0.01943290398034274	-0.04328099323663249	-0.014282154777932326
X942487	-0.010474512518351018	0.0012768994681980465	-0.01993654737895246
X942489	-0.041415006843867834	-0.003967744524016662	-0.018257863674550314
X942490	0.0188431150124384	0.017663484667496624	0.010810667181270267
X942504	-0.0035053164770595243	0.009377171666361223	0.01831122642749148
X950002	-0.020732871582798455	0.02840805901257107	-0.012869418090634372
X950003	-0.015346119042968258	-0.008697798988293573	0.019890039595347773
X950005	-0.0018465003562807252	0.0029625753334925438	0.01271820176179039
X950006	0.006410342547344313	-0.03336568807761151	0.023734283850828312
X950007	0.015093060547378523	0.014772532182462612	-0.00026160353175934967
X950008	0.020475382019865047	-0.004786113322820957	-0.01725737715937456
X950010	0.00324452910155664	0.023097414153739056	0.011066193276806269
X950012	-0.007109182281485617	-0.007784440289860044	0.03486587366920972
X950015	0.0018326422778446032	0.0073463527919991325	0.004684725160926273
X950016	0.01585104000266157	-0.028685986506810486	-0.010642144712267862
X950017	-0.005459437477743634	-0.007897828517766124	0.01043336138631249
X950018	0.00979257634958558	0.003442160493471953	0.010833899157187755
X950020	0.01504611256652461	-0.0072887944708071185	0.0006841509069203174
X950023	-0.05686565091877601	0.014558600430715248	0.003528122503747744
X950027	0.009234918985715214	-0.008784447482690517	-0.0017183944754018822
X950028	-0.07488643848482177	0.040436277031109	0.02188133070338238
X950032	0.016883814592938903	-0.018654277995838783	0.0034626416580404752
X950034	0.019556589094592642	-0.014024116820738976	-0.018391699235631737
X950035	0.0036633613717712604	0.0024605301507682332	-0.00435125753198548
X950036	0.02230633015445257	0.002493443672350644	-0.011707820804845434
X950037	0.007245351543065738	0.00974490489020077	-0.0026183370100901315
X950040	0.009957090929581624	0.006986034895815756	-0.002821463692825867
X950041	0.013930190853224592	-0.005404537063013162	-0.006144365790229872
X950042	0.000754960080390442	-0.010628439108042802	-0.0004029847031033209
X950044	0.00911450466679077	-0.006164084686619314	-0.006988826592446545
X950045	0.0004081698349819691	-0.0012591190218493077	-0.010830269645769785
X950046	0.009810259445033697	0.0051236861190749345	-0.012861392134962518
X950048	0.010337415137892852	0.011276766376369898	0.003860151533364819
X950052	-0.08899455733310978	0.004988642508736142	0.0640567695057574
X950053	-0.0008048435296345344	-0.01371151829301287	-0.0015179729242188885
X950054	0.0014255509383170736	0.007142477381277321	0.013540326704784073
X950055	0.004237231656522033	-0.018421620497666664	0.057126434329667415
X950056	-0.08290205408165317	0.0013412224868117558	0.02886695571924822
X950058	-0.13297373526420278	-0.007880990288700913	-0.04676291899001632
X950061	0.010849791168217096	-0.003207552151267564	-0.0006681854564468126
X950065	0.0063928589564627505	0.010407185811904234	-0.00242083789334217
X950069	0.008331206567540701	-0.007530015136260713	0.00488376429824157
X950070	0.017065884681678106	-0.012961243002184469	-0.006597597062874569
X950071	0.007056792350110788	-0.0048049551698243955	0.0035303368544281678
X950073	0.03548375658214966	0.018533239404008035	-0.01882386801697482
X950074	0.016106626769848094	-0.006761152451157842	-0.004087095835069612
X950077	4.192153264793352e-06	0.0038206444293281848	-0.0020276536097035636
X950078	0.011383888055991536	0.0028904406672316915	3.618503855863051e-05
X950079	0.009420325259768545	0.02257284684574351	-0.003419338609185374
X950080	-0.003292656555871623	-0.007062607091818826	-0.0045504442766590575
X950083	0.009353172741945614	-0.0013935089869379974	-0.002419421305358528
X950085	0.015279127478841574	-0.01158806715195374	-0.013293087753112274
X950086	0.013252086009732262	0.00967210024907537	-0.005213204055678241
X950088	0.030871042470729467	0.008148514195451973	-0.015907425965541417
X950089	0.01819898961635436	0.004010352348612443	-0.006110616594678629
X950091	-0.004357589411076105	0.02623249991564025	-0.017753273443768623
X950094	-0.14185694616303507	0.031085895360203453	-0.05018249006149764
X950095	0.017180045082537978	-0.010701354939545871	0.012348331783655376
X950096	-0.0025278350306305757	0.012109560188442538	0.012597760096125654
X950099	-0.02243433979521536	-0.010399041591519933	0.0035687395223299796
X950101	-0.003556380638479733	-0.009303334810595032	0.012069851439098472
X950102	0.008432808363333091	-0.0007956996235475428	-0.004524142888989926
X950105	0.009826740959739594	0.003529590219989366	0.009620162245499287
X950110	-0.004650358486041619	-0.01754159304146308	0.0072013912192812985
X950112	0.01617488648863959	-0.018613918294025367	0.03626564647047083
X950117	0.010280296535019324	-0.00964944061726705	-0.002427332391196781
X950119	0.018157643947585487	-0.016066830399614013	0.0033367738359060747
X950121	0.005263023745150737	-0.009284963116529637	0.0015535609977375205
X950123	0.012893581145150834	-0.03826999621928335	0.019350291076047767
X950125	0.016218651249247547	-0.012340318779420822	-0.0006230406273259914
X950126	0.0076561014012756475	-0.003839633324452913	0.0030164966772871582
X950127	0.03538442843740749	0.0058870011982269975	0.007639673466684438
X950130	-0.001573671033542514	-0.013143911178428098	0.09240928973978739
X950132	0.030383975138203886	-0.01004474524534125	-0.014474463341659208
X950135	-0.005732760757808823	-0.013011178738214677	0.012015473462265384
X950136	-0.014237493952059187	-0.010140825807362138	0.004123752571333558
X950137	0.011782018089046666	-0.0021392464021476178	-0.004644421376681684
X950138	0.01686881170659571	0.018579155416481717	-0.02051874406293272
X950139	0.016506112920892886	-0.01415753845789659	-0.04072649189012299
X950141	-0.009328168030593033	-0.019089852092100516	-0.005493189847188496
X950142	0.028194110873004292	0.026771166807426316	0.007941440402283681
X950143	0.008423026039591355	0.003042786333164811	0.011041635276035236
X950145	-0.005477377027757547	0.006852879775494785	-0.006306364035589799
X950146	0.016527248490575124	-0.003913968674465874	-0.008348643644383787
X950147	0.005449731633585037	0.024132870733319815	0.016825077974551305
X950148	0.03781618498141267	0.02121105240997517	0.0027420328671533844
X950149	0.012026413949999828	-0.011454935727930342	-0.002148878328518858
X950154	0.00963266338917616	0.013918234237656051	0.004530754756046319
X950155	0.01509733229149708	0.01750618503007708	0.005758668376389984
X950157	-0.08885572956851173	0.014661857532516425	-0.051338542814820455
X950158	0.01106334528968666	-0.013087325315359217	-0.0005263444285129382
X950162	0.007030762365639229	0.019166426498290128	0.013337746047173346
X950164	0.005558385804224795	0.0031446060743325287	0.0010759750388846983
X950167	-0.0019645029862962616	0.0013042940361901376	0.002280788989622394
X950169	0.004046217127063811	0.007436598424790475	-0.0015648035457549703
X950173	-0.03662787743204973	0.041139052200313844	0.02329136294233997
X950176	0.030840806127861196	0.0036006058682093527	0.004196603513565608
X950179	-0.01371710024072628	0.026627808846368773	-0.01587767281197541
X950182	0.016657857656998523	-0.0012389906241123503	-0.0027675761143343787
X950183	-0.015657256287625203	-0.0016059255672912782	0.0010052932938027534
X950186	0.016537745512322493	-0.013362277320181	-0.012670205499179231
X950187	0.002777554877568419	0.019300192454421536	0.009699262907358897
X950189	0.03089683705576206	0.014635809831295142	0.009892316908844102
X950190	-0.04864823779389866	0.0035188925206458155	-0.05120879813750277
X950191	0.010718384397741447	0.010618733506847215	0.007857329675386354
X950192	-0.05621856701604973	0.017218578231502298	0.12488730985244839
X950193	-0.013391881076662377	0.02725444425989049	-0.039226779002870436
X950196	0.006817668961720766	0.0022670014728876963	0.003418507149742507
X950198	0.01851007215785927	-0.014161957190321284	0.010186964491412667
X950200	0.014414806243338688	-0.0047861202804748695	-0.00473991734768031
X950201	0.0024740569596396183	-0.008708449895980012	0.003902431635315387
X950202	0.010963286855109415	-0.0015471942355423387	-0.01466522623371768
X950209	0.0031469256492840402	-0.0023338125111979995	0.0022955318786211042
X950212	-0.033417016452172946	0.03641188898353382	-0.05422338086894198
X950214	0.013436441899428097	-0.01933595169900827	-0.0004371042896499623
X950217	0.015781212015522853	0.009614560887038697	-0.004681165582572511
X950218	0.009316376091020378	-0.008964187019596987	-0.011079150645289264
X950219	-0.0015277034915021606	-0.00036445550484028445	-0.003889841917526117
X950220	0.01181312101410695	0.014859803349762182	-0.014414875129983015
X950223	0.005071775218826216	-0.00977831732475939	0.025457242575370125
X950225	-0.07993463625296357	0.03561998910234383	0.003831309761711537
X950226	0.0009340026884261088	-0.00356993674222261	0.0029253887631156736
X950228	-0.05386467110289175	0.008563390060520929	-0.04858470537276477
X950231	-0.00041338719094352356	0.003045838422539652	0.019564260070890672
X950233	-0.018747964650844544	0.010958025067016422	-0.026039271046803307
X950241	0.012644797655778075	-0.022916550504460575	0.005936890103647893
X950242	0.0007342109020637768	0.0008826439659724879	-0.006504333082209957
X950245	0.0074644103121576195	-0.055060665511264054	0.03429773939832504
X950247	0.006725839868436959	0.017573770435590864	-0.01773043996962505
X950248	0.00916760779718095	0.01894538211411047	0.0014048357948216806
X950249	0.03974093001167031	0.010358424672063707	-0.011179004516191074
X950250	0.004758918336805005	0.029941427158006403	0.08271396503982724
X950251	-0.0049549336689562115	0.022510716108569043	-0.01268160945601173
X950252	0.0013932677469329685	-0.03356458846938831	0.011876259933181373
X950254	-0.004856445037869934	0.003093564802792712	-0.01415167474891133
X950256	-0.0038217537184527268	0.020465176310321548	0.008581670562696823
X950259	0.022504979967010966	-0.012253624337712982	0.00768670432341788
X950260	0.014171831262313429	0.04671836669997092	-0.003892053144481847
X950262	-0.0013544884801864362	-0.005004626877636946	-0.012185395457100326
X950264	-0.008764815734653653	-0.005825091266899381	0.020087467469654924
X950267	0.004863721349950869	-0.004452912225536123	0.00695655151885446
X950268	0.013557985616016286	0.00609652794540158	-0.0029283858327290397
X950270	0.019557158664827858	-0.020438104785670385	-0.003343552645584415
X950271	0.008049413147171	0.005065285579431188	0.005691493905711719
X950274	0.007790778182804502	-0.020428662990221873	-0.009989316747339778
X950275	-0.015593068700384884	-0.03977314111154281	-0.02294330040925048
X950279	-0.01399889300961719	0.0005963937414575249	-0.016004403758696523
X950280	0.013240161977609606	-0.02641864875295214	0.006723349342726613
X950281	0.011334471676978292	-0.01499138208649904	0.0004684394094795861
X950283	0.009692353376396073	-0.012627425747893245	0.0047673018969490045
X950285	0.02487583289870305	0.026908309697137412	0.00019940961890664528
X950287	-0.00149785305783318	-0.001537253377415178	0.0035753050038802568
X950288	-0.0027149392088696915	-0.01544718263397792	-0.0013182416837034844
X950296	0.00862478175995337	0.013802316686521366	0.001272022427537987
X950297	0.011417127645967444	0.00922861797177232	0.0011127131216776543
X950300	0.0008544346571613407	0.0021550439237727585	0.02894069553899526
X950302	-0.015286739347646202	-0.0030482102068208118	-0.009614604532351053
X950304	0.02140942764842487	0.0012211524943918257	-0.006769189681953149
X950305	-0.00019859116859433865	0.005210812772058353	0.04322065388375562
X950306	0.012492710725553163	0.0003265243227521405	0.015285902034732455
X950313	0.026997896096743832	0.013469096314063593	0.0035286806419120662
X950314	-0.00023352731227527433	-0.008087342907277428	0.006780798097508151
X950316	0.00491817196809348	-0.03005391739047939	-0.0020007573740125676
X950319	0.01841077720175092	-0.009790454547247321	0.007531987824313251
X950321	0.007600754330788413	-0.026338747169806387	0.040608757565951926
X950322	-0.010559004979293128	0.025795748692705144	0.016015813166111365
X950329	-0.010227523712886042	-0.01112462692304186	0.015058940140266394
X950330	0.003443450054123495	-0.011200746939009024	-0.0024106895188990723
X950331	0.00974555821040956	-0.00047335298514369304	-0.0037421600141474966
X950333	0.009699374376695042	-0.02437317895057941	0.0013920305307352117
X950340	-0.010586671913731319	0.02038084036324632	-0.011474503164819619
X950343	0.02386451609340099	-0.01741966815316666	-0.019660521178426503
X950345	0.011944847138933696	0.004870122816240263	-0.015825697987222383
X950348	0.006095448101939143	0.015064436994610885	0.007888849596077748
X950353	0.01636315220789376	-0.010968895551186277	-5.059550233721432e-05
X950355	0.005638142926291656	0.01077459079289333	0.006161410711589796
X950356	-0.07594118864202455	-0.024887116383134733	-0.0419898299481647
X950358	-0.006009791860464493	0.054177967435883115	-0.0071870323221738695
X950359	0.0031774751591227435	-0.004587381760340348	-0.0009297885750311495
X950360	0.005719124370831537	0.007371076887745503	0.012257817899670308
X950361	0.00534606524920495	-0.0020537092689453637	-0.00373171621484039
X950375	-0.018524508213531028	-0.027663331787148124	0.03110698611605321
X950383	0.015354746210973689	-0.005577321685296024	-0.007398701973696225
X950389	0.009966716395479702	-0.006121674947818064	-0.004224941919887734
X950390	0.009209841660085349	-0.017464679929140952	-0.004299845245320126
X950391	0.013756470336658387	0.017408470245125887	0.004428581124508416
X950392	0.0010200252037961708	0.004911291935639058	0.007009344753699747
X950396	-0.10433379076395079	-0.0022244741740118103	-0.051357096566862895
X950400	0.012189345147858506	0.01647955236871391	-0.008242220591083293
X950402	0.012903509766710673	0.009715250264861402	-0.0018791514742601287
X950406	0.020278685587101265	-0.007321116594702975	-0.020402959962598416
X950409	0.017173528183872903	-0.00012649558669041875	-0.009315393988928184
X950410	0.013748009009247091	0.00459051298208898	-0.026713062547396388
X950415	-0.033880471947883135	-0.01930454170683355	-0.011483406524603182
X950417	0.0059157860894743725	0.00935239337534422	0.011402206148633472
X950422	0.008691567658761083	-0.0428022680717028	0.018354006872936694
X950425	-0.00020743308970895208	0.014630575053644927	-0.004482712813801967
X950428	0.018279215216556302	0.024640821686062683	-0.0016812469025318808
X950430	0.012162545642032525	-0.00014797552746807972	-0.0028946112581322864
X950432	0.011929919003246931	0.002675726676420545	0.003055369146582712
X950434	0.003366981245739638	0.0017797786605027901	-0.002369177417788674
X950439	0.009469356413576567	-0.01372782429186821	-0.0037620183583283655
X950449	4.211745539734989e-05	0.0019196657721117516	0.03764679031833423
X950466	0.012377860087977397	-0.009786139542127585	-0.0018384401762521142
X950474	-0.01871873417206565	0.006342578273889511	-0.021043252037391335
X950477	0.014689740228631372	-0.0105439061133445	-0.015971056766179416
X950478	0.008575603140389918	-0.023386215247664193	-0.010795454953779041
X950483	0.006670167948198049	-0.05079039522984185	0.018739452820899994
X950484	0.032801063260720124	0.005592594938303557	0.0008576566345748047
X950485	-0.06181637046811377	-0.01495697339702041	0.029783693772523757
X950490	0.0013372593781341832	-0.013602862614325119	0.007010038571043971
X950491	0.005911220199951046	-0.00430320689011167	0.0110285308149683
X950503	0.010354377555644046	0.00911500640559912	0.010314986478441467
X950504	0.015983069862389024	0.013101912034746666	-0.001636509868444876
X950509	0.00852654362457953	-0.0046487663085330614	-0.014840822577049965
X950512	0.010132187740007174	0.011352371086390306	-0.0034152441239445196
X950513	0.013793434525975602	-0.03669674830053736	0.013331443509198987
X950516	0.00262789862308155	-0.02834401156189761	-0.006110569221904971
X950517	0.006477434648031609	0.019076261955397824	0.006656400299990296
X950521	0.0074292442540235615	-0.009398416622715147	-0.006694383142137318
X950525	0.011559662851357986	0.013754169557408437	-0.0022278742089740784
X950528	0.008376488952711697	-0.008766090813907234	0.00730154470827917
X950535	0.02345211045163309	-0.005059850959896131	-0.0031991323862437765
X950536	-0.0021222467226464487	0.014071229342764488	0.018019328140681842
X950545	0.006230992439840044	-0.005376699415463958	0.0034027138794111194
X950548	0.015162689963418885	-0.01049049709458726	0.006826479253935467
X950550	0.002644784357156071	-0.028982462085063648	-0.003976371001802881
X950554	-0.009020607289889668	0.04950562091537569	-0.034729127570129775
X950557	0.006753205238572269	-0.01070400462013806	-0.003797903259432897
X950559	0.004549684774001803	0.011292593964445777	-0.003341136646128765
X950563	0.007917823517542628	-0.0226600204543559	0.007981571441985507
X950564	0.0072267873447938395	-0.0283005256766436	0.01194294479103548
X950570	0.003494494852166738	-0.009792122337151236	-0.00017665705665041836
X950571	-0.02900368579023301	-0.02515653662105572	0.06805013658190684
X950572	0.0035133231110136332	-0.004723923021542147	0.012537262001163202
X950577	0.017335205494369652	-0.009386771236941796	-0.0035102314790403854
X950579	-0.006699824674019785	-0.009460677536510604	0.0025983018386664123
X950584	0.02742160988997619	-0.044888864885589935	-0.038582688043395486
X950592	0.008422716697906375	0.009842235997216576	-0.012572599809986089
X950593	0.006672566679293138	0.011880196486062646	0.009678854817217326
X950594	0.012944635136451669	-0.008385651088634963	-0.010442575548952563
X950598	0.012976674775095459	-0.004492602477676138	-0.007243517554771108
X950602	0.001876819198172184	0.011813989347389224	0.0070223583700088806
X950606	0.02361812083952465	0.001471561829961354	-0.008733193973415836
X950607	0.00351270092849039	-0.02184767881341545	-0.03761253115308337
X950611	0.02591628191444321	0.01682159384720703	-0.015370688345477506
X950613	0.02199360383289584	0.01401755368771582	-0.003936780747263659
X950618	0.007260647691569919	-0.0017055425743725953	-0.0015855636206457769
X950632	0.010583167185872664	0.022698706581873698	-0.015905365855293164
X950633	0.054992491966657515	0.04441180396514567	0.009809999529100707
X950637	0.005213535624859981	-0.017816125181126265	0.004643775499463535
X950638	0.021805013457575864	0.007875062061338145	0.013543822687904036
X950641	-0.00928871506399564	0.0030566117970224262	0.01441462366723124
X950642	0.0012726296429928091	0.016222336495357845	-0.027727226367751105
X950645	0.01425398086336076	-0.0023130257495338146	0.0014515686533543427
X950649	0.019436917250827582	-0.010647733462874039	0.0009364534100356556
X950653	0.0045346906544964415	0.015738173588440443	0.02346652043873124
X950655	-0.007981201819341428	-0.01355540396523322	0.006178609213194208
X950657	-0.014166329503960353	-0.031583503963207006	-0.018972601497440175
X950661	0.02284664659729282	0.029220419876794003	0.005063276314718527
X950662	-0.11394971224379392	0.0696878082819616	-0.07620707868464813
X950665	0.0029451631821685344	-0.00069211696584083	-0.019030944738856827
X950668	0.029885100030680505	-0.008768127476378266	-0.001174686989563371
X950675	0.020874475006882345	-0.016141442994103753	0.0054734106933808785
X950677	0.02323065639746897	-0.011423250720086809	-0.0013781349889622515
X950680	0.007206931467424702	-0.002959704953955259	0.007391453544234096
X950687	-0.007024809965787202	-0.02112374777309852	0.005690997307019246
X950693	0.009157496473801699	-0.010097092165565699	-0.0051894917344275735
X950695	0.005395070120004942	0.0027884894414388697	0.0175910271489108
X950696	0.022244465766651993	-0.0006689565784043899	0.05634164700536986
X950705	0.008651661108761127	-0.01912681927121804	0.013459907592426296
X950714	-0.04495912551962146	0.07414197695957357	-0.06814103685308277
X950726	0.0025575400454634985	0.015145041932834958	0.030351641062312786
X950728	0.025084654531751314	-0.009435446819194471	0.003190999912626653
X950732	0.006562246498716091	0.01580720348046132	0.009020960661828439
X950736	-0.0004939555798944628	-0.019939023230932936	-0.00958824706438342
X950746	0.0056605942228559625	-0.0002291509332795346	0.012647486388415398
X950747	-0.0020855895330312486	-0.010005822465952274	0.014190125298463745
X950752	0.004291256283108006	-0.01645318459917271	0.010283155292037938
X950757	0.0243762299469631	0.0018574704215624167	0.006296835932590454
X950758	0.005663785622076264	-0.017418685925407566	-0.01571676635336887
X950759	0.010914301433840062	0.01899514046155263	0.001015178846931507
X950766	0.012071044294154554	0.0015290479593976132	0.008355164531059035
X950769	0.03342074606229445	-0.057871563504315236	0.023105024713272863
X950782	0.02777525262482912	0.007379809276610971	-0.007982143665998876
X950784	0.009447255145461514	-0.0019886790637638732	0.004090314248445052
X950789	0.0070429904934885355	0.017212434701950875	0.0035223318699101353
X950796	0.015337461644686315	-0.008203338629791498	-0.005191036760194133
X950798	0.009501788408407834	0.009888775256290925	0.013441916403707434
X950799	0.010514682019606229	-0.003448800009683736	-0.0037971136520932114
X950803	0.01975976077592702	0.03642949181250153	-0.021175731498839955
X950804	0.015311376484997238	0.0035685940164929876	0.0036547376504127227
X950809	0.0233618065113538	-0.03245407804551654	-0.009507794088198756
X950810	0.0036064969562569346	-0.026975834432860116	-0.00017642587899181902
X950813	0.015339371686173301	-0.0007921963316593447	-0.018191842995924308
X950816	0.0033906464447104254	-0.009016680028559121	-0.010975876011846067
X950827	-0.004966341485700929	0.007039731415013296	-0.02957579429034682
X950838	0.019711675990070354	0.012446505245759031	0.0018848807136437145
X950841	0.035747863128083535	0.0034048933371876723	-0.026837336755691565
X950845	0.026684713673763245	0.05040789143660359	-0.019254327897218433
X950846	0.011998275877633064	0.016267446765481926	0.008686770223159706
X950851	0.0021638905641062577	-0.022334363269447807	0.01628296941746197
X950859	-0.010504473276030619	-0.02820952744379295	-0.002776227041500313
X950860	-0.004447202743705014	0.01125627729345689	0.009278049272367936
X950869	-0.014992428744465791	-0.015966281911481823	0.01666141614082191
X950873	0.02154100320785673	0.007095330608838771	0.03004855737844401
X950900	-0.004376073856676586	0.011592280242893166	-0.030414519711174176
X950904	0.020918634313909383	-0.006502646998980968	-0.005193283249326811
X950906	0.02083866448714838	0.001055924066864019	0.02043953669613276
X950911	0.004949198625100641	0.023158796583357632	-0.005322308394924357
X950914	0.007121748206936536	-0.0058252170140944085	-0.017142962949432166
X950921	-0.07691755680773815	0.04940742362225284	-0.022611380559190493
X950925	0.025105566687632325	0.009155778749032097	-0.03772174380555825
X950926	0.0023262151525716254	-0.010236323756174878	-0.0096925663281673
X950929	0.009192354701183755	0.005527405918500793	0.0015435762456768346
X950963	0.032020342156971325	-0.002454522831126979	-0.008366460627804889
X950966	-0.00011337746009255277	-0.002016390574258014	0.005728701215742223
X950968	0.008001243560481715	-0.01686729316586059	0.0031651274577207205
X950987	-0.00012120000479827361	-0.00891966153413045	0.020192218940420743
X950995	0.02119674355900444	-0.03492302000808648	0.010420210663374705
X950996	-0.002731080422538309	0.011046109957894847	0.020428250448128574
X950999	-0.0239979718150545	-0.0020240673038907004	-0.019750488087780228
X951002	0.014078896258989055	0.012859328347622724	-0.0027622499593065804
X951018	0.020356664080806264	-0.014352974503201037	0.007412984016372303
X951019	0.03131211810354044	0.06294010745752741	0.03421065288970281
X951027	-0.016719713416192553	0.009695172462809631	0.006543544048990885
X951030	-0.007980689168068609	0.014597675311577614	-0.007425159716914052
X951041	-0.0011809920308901546	-0.003973705841855458	0.0024177234058437628
X951051	0.018510145719956603	-0.01836315666305751	0.010340596135260156
X951054	0.0006525071698688066	0.00781836727200517	0.012796628159118358
X951055	0.005222744859974974	0.0017982958616028517	0.0027855906902382902
X951067	0.005810846824480778	0.015849139114185708	0.007422761758072186
X951071	0.022065858734325355	0.014091273980427107	-0.0073834804704342736
X951083	0.005700627039854668	0.010221321994884892	0.006668649574999284
X951085	0.008000331616294768	-0.019940322808994253	0.002972629373689334
X951115	0.01553685015371959	-0.020695334991741452	-0.0019251495831700141
X951141	-0.0018709463831578252	-0.0018006496549468904	0.018302858694400622
X951144	0.018890975807481572	-0.03403127290044902	0.0064579114422037565
X951150	0.01589997106932263	-0.006305955866239633	0.05495469797041214
X951151	-0.00688116403613966	-0.010720984219831415	0.013402642641122418
X951154	-0.007642232484506159	0.0074033853270068254	0.027884318599195636
X951156	0.01189361595349638	0.009635182197777991	0.0017702855049730928
X951162	-0.026064513678138605	0.0019028865910565933	0.00815180711916431
X951171	0.0001230131202153689	0.01911058780400261	0.009890877520818147
X951174	0.021064199245976082	0.008369942821157128	-0.009647530910508694
X951242	0.006557288646892515	-0.0014430886257801455	-0.009230111891145651
X951273	0.008736005735425193	0.017440991187745957	-0.004127522793160285
X951284	0.008571464021410222	0.010367651417821703	0.008286240391440412
X951317	0.007177558744440098	0.01738711417369149	-0.009519232867035278
X951318	0.004722598062964273	-0.006054673590252554	-0.008100258198242007
X951322	0.0044289810578327544	-0.04178085936916862	-0.01495197286023211
X951337	0.010250063370306275	-0.033117466249629905	0.00932278051292878
X951365	0.008447438679747786	-0.010020578621315624	0.024545092388733133
X951409	0.009861132156332372	0.0848264243314023	-0.0012478496229357324
X951429	0.01640603360677022	0.016507165074007662	0.0038826872307499622
X951457	0.005298896836203151	0.01644663565578331	-0.016174043542027967
X960001	-0.01891632810512928	-0.024169839428322057	-0.010576062793683344
X960003	0.003287069638208314	-0.000722742993691104	0.006624007219966124
X960004	-0.009751376500518246	-0.0006785187648903203	0.010782724320873323
X960005	0.0013317868757351194	0.011790721859103502	0.008880210802860175
X960009	0.012515623677985267	0.018394899066601682	0.015981411700417992
X960012	0.02219681219502995	0.005618564335923342	-0.00930510166498808
X960016	-0.004791973819032843	-0.032251898248167765	-0.026348373811026452
X960018	0.008151917728823338	-0.014766550439442028	0.009000139673973256
X960019	0.00581569989662693	-0.023808861945360024	0.04665719332812586
X960020	0.015670808639376355	-0.032187334846945505	0.0012999326205893555
X960021	0.011673615331949216	0.04340380870765177	0.013359516970575223
X960022	0.003664028712974576	0.00827868200400071	0.011027529698832908
X960023	-0.031023075982700446	0.028319707953504886	0.03997552304849646
X960025	0.02920754502631497	0.03251082575202537	0.013070638208586569
X960026	-0.018617144759528293	-0.06078119411948113	-0.005953429329448672
X960027	-0.00040426709097981454	0.003330197124729828	0.0034607527532671115
X960028	-0.02999211664725502	0.047045834007863246	0.0646400225925023
X960029	-0.0022662803928265346	-0.010310851380564394	0.07279053534103842
X960030	0.0004227759263648683	-0.011673560529561746	-0.0192964572516098
X960033	0.018224142526922588	0.03014922528841742	-0.05340017854802535
X960035	-0.030348772377602744	0.02153652188870814	-0.02572718345192471
X960037	0.008231376967019229	0.013702743043106763	-0.0077226106996682534
X960039	0.009181837926786984	0.010120009678114814	0.004153007987941187
X960040	0.0012608447478894597	-0.005675942703187655	-0.015537044648131635
X960044	-0.006490675501419535	-0.027532916021596944	0.0048446712972073785
X960046	0.00521833006589819	-0.025938775511635846	0.05189890445770787
X960048	-0.007306501802539917	-0.11354985588118288	0.008685503111769237
X960049	0.015298463488689016	-0.008913172675645422	-0.01258419392817324
X960050	-0.0275445749680224	-0.019123779144477136	-0.02268170231859406
X960051	0.009764597344027614	0.002595908784322644	-0.0043176966102294115
X960055	0.012259412541115334	-0.016843235262452613	-0.00759024216326444
X960058	0.01432750607362223	-0.008650895892679816	0.0033558284668728524
X960059	0.0013983884091107418	0.007037016461694031	-0.015722325556092893
X960061	0.00844648943846124	0.007325556001586367	0.027251984090805054
X960064	0.0015434498157161159	-0.006704709803409227	0.007786012580553228
X960069	-0.009938829344442112	-0.03157101785039116	0.01839563160830751
X960070	0.0016942725370751553	-0.004174472081695626	0.001937765899563311
X960071	-0.010695398961978655	-0.01544086763171088	0.006100239763092907
X960072	0.016657238614776818	0.061434081689913475	-0.01874293123692177
X960073	-0.038244535602088105	-0.011039659742305466	0.011945096411478008
X960074	0.004366837460292949	0.034428414689441106	-0.0049872280306771585
X960083	0.009422658489941744	-0.0046151742311356225	0.005345142159387883
X960086	0.031177982237464222	-0.025380773892333744	0.07012702854831934
X960090	-0.004726617949755077	0.03820013068524136	0.005814437682633269
X960091	-0.002430235224865781	0.0026241678274924055	-0.025562995845074266
X960092	0.030293458428156776	0.0448439084864781	-0.03020242755861257
X960093	0.007640053344188644	0.0031893820899151644	0.003475398266072381
X960096	0.029343052598443584	0.019546271553462027	0.015142637106087434
X960097	-0.009176021038866132	0.0006132630488224803	-0.015072924332627823
X960098	-0.013106768687006234	-0.02037461056924975	0.006836723689857108
X960099	0.0012965971388294556	0.009277729432596646	0.012752320155874606
X960102	0.026823978985095222	0.02848392171636273	-0.030948283695290468
X960104	0.0023683241327514836	0.02995697405759211	-0.0024811078071919845
X960106	-0.00740911739651863	-0.01701792618542795	0.02324013052781177
X960108	0.018984826825222685	0.04481222736511528	0.010582668142289245
X960112	-0.0007675864018695165	0.0047085812760678785	-0.015607224982512614
X960113	-0.007985183619181201	-0.02110148452735971	-0.004789503720100153
X960114	-0.0036349228286789675	-0.00969583818944064	0.030061703184372936
X960115	0.023958277439919518	-0.004196560623774313	-0.004015201599810561
X960118	0.006191344523276088	-0.0010609667635231284	0.03261018374718945
X960120	-0.0015109195473575149	-0.008579724234602782	0.0019930309191243246
X960122	0.0016576347235175443	0.05042907708079184	-0.0019536948242270947
X960125	-0.025336173012311745	-0.029393489299196447	0.04463853948136885
X960126	0.009831668215588361	-0.011506137911883112	-0.001144013512538044
X960129	0.01918083801724311	-0.030107335769286765	-0.0684733567059962
X960130	0.018871101671819573	0.009011051921380759	-0.003711038852148644
X960131	-0.013259180539097503	-0.021488622718549233	0.01620444430562309
X960136	0.010379760032179178	0.04219159068685591	-0.005797233485763734
X960137	0.015754344882985213	0.013654879377463363	-0.006649248578021416
X960140	-0.015579877295577136	0.03417566112777388	0.0036229276386448633
X960146	-0.12196250310456139	-0.035198406931106166	-0.024124549792017738
X960148	0.009817461002374203	0.03603300230179514	0.11264156172186929
X960149	0.009839324970582005	0.003943183150960392	-0.009660778011909026
X960152	0.007184935752265492	-0.020060134379002337	0.0029404733860047614
X960153	0.004638588328269011	0.003936196910433265	0.046681155326127224
X960154	0.0013827398354979627	0.021178538526489234	-0.02552032313255796
X960158	-0.116510863947983	0.041860097349074504	-0.02856087181823574
X960160	0.05670691831495608	-0.024172105316668902	-0.0839477681765724
X960162	0.019018478892391905	0.014501233767499769	-0.0055586946837509746
X960164	0.0067275655067021885	0.018065980212232397	0.005128494801040533
X960165	0.0016399340381339721	-0.019569430662252554	-0.017801681771948588
X960169	-0.016235767371001047	-0.028567620337771774	0.008856934123776378
X960171	-0.010846555178448972	0.05133780568160602	-0.05099301966413679
X960174	0.011460852803784031	-0.010002205476545583	-0.010611239543806114
X960175	0.01191832230037458	-0.012935957511995052	-0.010829903027764891
X960176	0.013271686612141401	0.016431860971394457	0.015985661181892468
X960177	0.011543940437080236	-0.011795866937781204	-0.05006540535980258
X960178	0.0042402694213319915	-0.01596080212472352	0.018620976582886743
X960179	-6.962370595173917e-05	0.003176611826616137	-0.014302848951030844
X960180	0.003777270609553627	-0.014175219975948223	-0.012622667202024743
X960181	-0.006345030758505101	-0.010739897205252336	0.00806492453802608
X960183	0.01598701012098187	0.0008492495687525982	0.004790264955874912
X960184	0.00668525803263717	0.021785646409088262	0.01557123361076273
X960187	0.010141705434886005	-0.06894943570156568	-0.0432276107137668
X960189	0.016480961620722528	0.0025602676980510616	-0.04617751868338963
X960193	-0.09445923102088509	0.009979283947314028	0.07854635034747806
X960194	-0.027929048621678165	0.03889867293813308	0.01149932235945356
X960197	-0.004297461731634685	-0.00806648144945653	0.0007531061919190433
X960199	-0.01054022997744526	-0.018895027225031426	0.02749383622114909
X960203	0.019026675397755943	-0.014024134634596614	0.0002918109469520542
X960206	-0.07236614225683083	0.07251620217284381	-0.0023612490498686337
X960208	-7.673527135215409e-05	-0.005209182036154238	-0.031027843469812213
X960212	0.010531948282598772	-0.007625388017215147	0.015298226076436244
X960214	0.0005149152915050886	0.012845814067994824	-0.018804983868286388
X960216	0.010640722830092342	-0.04249547303661355	-0.004092031682327936
X960219	0.005512817962821258	-0.019445535331352754	-0.021493603789196764
X960220	-0.03900118593338207	0.0016583120394147262	0.0447214309457152
X960221	-0.027300650656032686	-0.03011571064911785	-0.007774680151598214
X960222	-0.03787506010858093	0.025777389125806998	-0.019917802782714076
X960224	-0.007552913426889754	-0.013771224742501167	0.009994050189103418
X960226	0.09136612505337752	0.08479586458425716	0.05705351284977547
X960229	0.01027100915981195	0.0026535955541179394	0.015125670020747007
X960231	-0.01262349443719918	-0.013360239810034813	0.005705849007834837
X960235	0.018777972761285518	-0.051683836165309194	-0.0031741819500104257
X960238	-0.017386122496773525	-0.02850738766938794	-0.014377406184760348
X960239	0.00022930580030895034	0.02727424194446996	0.028946719110651515
X960241	0.010500681667641005	0.023344366441484035	0.0115264776178167
X960242	-0.06722689098975718	0.08397386009836023	-0.02083662291224222
X960244	0.005087410454140643	-0.029005582111829225	-0.011525572198436149
X960245	-0.04721882215865239	0.0657051721722462	-0.03630992837557688
X960249	-0.005997441418271934	0.0033618619288706716	0.011232212655073027
X960250	0.0065152461707795725	-0.019238606380406822	-0.001628114864303253
X960252	-0.011373382164205007	-0.04688124485049638	0.026951970418910554
X960254	-0.005291480563124588	-0.015570792877892871	0.016734311670898127
X960255	0.002045144188882009	0.021133227356199585	-0.0033314349302668547
X960263	0.006129543311275734	-0.01817207039181031	-0.001175305239981165
X960264	-0.01407963847440987	0.0052692737134317135	0.011042939897989884
X960266	-0.021301546985079484	-0.04596400251927539	0.03896257563387637
X960267	0.0038225412700822283	-0.012225834705771684	0.03212022840541374
X960268	-0.01092466843786435	-0.039806987413913544	-0.01100764170935142
X960274	0.0025490719479353357	0.014391637698671139	0.0012396033937533866
X960276	0.002520168199977309	0.04921564809319171	0.024916597575654727
X960277	-0.05109682978239357	0.023060407704565064	0.10163140613519511
X960279	-0.06235368011399495	-0.00766633346427522	-0.012634773894659439
X960288	0.0134975203551343	0.012589183520910919	-0.00520374498931067
X960290	0.020238766647844048	-0.041126519380114766	-0.04463576753176393
X960297	0.013203555125063876	0.007778916119235228	0.01660217338140964
X960302	0.009582956096900578	-0.022613393435502952	0.021582709884849036
X960303	0.029042639294101637	0.001422467417456808	-0.01839204891289806
X960304	-0.02848570721449542	-0.007049086250756187	0.013680579374236224
X960306	0.017834734762589045	-0.021430066847416697	-0.004101666472292881
X960309	-0.11202661607411539	0.06511218485342748	-0.037002722315896686
X960312	0.012702776558268746	-0.06077711610427066	-0.007010008992195694
X960315	0.002040863905382229	0.018082923632199897	-0.009646399887137613
X960318	0.026879914957521244	0.05320247543255092	-0.013897674994229343
X960319	0.037080445812350975	0.06744042008254825	-0.04406799169709008
X960322	0.0020693345728361144	-0.016158150602378192	-0.023262150445992825
X960327	0.016766238441128612	0.018089865764257994	0.03912438016486153
X960331	0.004351474054332285	-0.006626457728374137	0.00039402392352416623
X960336	0.008739155436741974	0.002504266935852086	-0.01576540836416518
X960338	-0.06218983937207136	-0.07532335142900602	0.05031382359679466
X960339	0.004369925599816096	0.016485636014531402	-0.011671271668585014
X960341	0.016901517845490703	-0.016976807376900067	-0.006164350042343369
X960342	0.009417496678652687	-0.01907388109945262	0.013418823487835541
X960344	-0.0083704806085576	-0.0036091946307068978	-0.01133201272165652
X960347	-0.007417471153464457	0.014774559968903167	0.018225474241668357
X960348	0.0031017184968535117	0.007632542859736464	0.004714887437413768
X960350	-0.008912419700746427	-0.001122909493382729	0.021951835728695985
X960351	0.0004814716177453835	-0.001611596806547467	0.00916304448162559
X960352	0.004859097565968317	-0.005342033605203806	-0.04154237186634979
X960353	-0.036499716516482546	-0.013445293916210051	0.010297173732573843
X960354	-0.005744476434934754	0.002242677507050624	-0.0045818607625530495
X960357	-0.045180396810707256	0.013892938599344536	0.01960737362498945
X960360	-0.01836302304509549	-0.02310303953426688	-0.017705284202235372
X960362	0.01493488495697344	0.038136897448800895	0.006404199252500896
X960363	-0.018002032097090732	-0.009455834178310243	0.03446059847980264
X960365	0.006597134849234651	-0.005211082750080183	-0.005873883886584867
X960368	0.007768033910710772	-0.0010416933530203864	-0.0007812358658032044
X960372	0.009583199818109903	0.018633298913894245	0.04126693601476167
X960373	0.012280341216302098	0.0024458101200110897	0.006537535549218518
X960374	-0.044930171444581966	-0.06919853873811316	0.022383805027170526
X960376	-0.017885722128518692	0.03547316113552555	-0.007230333109609329
X960377	0.024716317252865657	-0.012724067289508546	0.005050095810884603
X960379	0.012569636913567975	0.006997764030937491	0.00868246792051418
X960381	-0.033006032325737525	-0.013502729314316488	0.09495252722068595
X960383	-0.024957631490254286	0.016918665629115405	-0.01531033441115236
X960385	0.002533587314490313	-0.10917599873636934	-0.0133649459188361
X960386	-0.049667586055121844	0.049907902564050324	-0.0017112063221708046
X960387	-0.04553063441428239	0.024384508750744584	0.021280294969396072
X960390	0.00649604051032942	-0.037911683862336364	-0.014722945372756494
X960394	-0.0007317338943309716	-0.021314301731290234	-0.05291931391827897
X960398	-0.005008288488297312	-0.015062582131577674	0.0313768185372375
X960401	0.07079185644241384	-0.05839993321299913	-0.045503365886741996
X960403	-0.017079132031066556	-0.009134189016527908	-0.01189196432106123
X960404	0.026217281473815787	0.0030252822249086505	-0.0311512974328025
X960408	0.00603180074414926	0.0005564638288470098	0.009830965450543187
X960410	0.0033417816442006185	0.05915096580155961	0.037723950150780186
X960411	-0.0006210677686108672	-0.028276863118346048	0.004742835155883704
X960412	-0.0021263256290217913	0.014754452864839444	0.004468999349544009
X960414	0.009177232638431707	0.003951974543078851	-0.008340761718989889
X960419	0.003911883123656222	-0.016337915219421316	0.007661797287199506
X960421	0.020363766538052785	-0.0805295002761907	-0.1545669793404144
X960423	0.009082324274447684	0.015582116508386269	0.006577571909433446
X960425	0.02755950189041676	-0.061194723354887924	-0.013964645217842315
X960426	0.004255488093398913	-0.003315620458241925	0.008350139257361743
X960427	-0.016461899107506006	0.010763639115910271	-0.00809510879029669
X960428	0.0012607080894762033	-0.012264239336165094	0.008141967551386754
X960430	-0.009112581438674008	0.0032328495659265204	0.008726167670643112
X960431	-0.01185192482892943	-0.035766715418078354	0.021093636787239516
X960434	0.009337682441960902	0.0331455450096123	0.008243187644334935
X960435	-0.009524025492363206	-0.03321682797797325	-0.048096635344256136
X960439	0.013343544820194135	0.020720454117013214	0.00021323102240842248
X960443	0.008908567762483619	0.024269794777713235	-0.010907689319529937
X960445	0.020411568947613562	0.023670116647282677	0.0022854302301790097
X960446	0.004378422342627695	0.006206498243933418	-0.00860813507721036
X960447	0.022527738307293835	0.044694459710436465	-0.00412416796909456
X960452	0.020953099969324537	0.026021404667833134	0.005427467253786856
X960463	0.021347271729626843	0.041269205307007895	-0.006887500989566835
X960465	0.023592389551205614	-0.09552137254881862	-0.09594217691910756
X960478	-0.0032583331873439966	0.016744470473160383	0.006722330618611123
X960480	0.02561945646330791	-0.009294928540017258	-0.02700288868948149
X960481	0.003165778775825815	-0.0820854142139754	-0.01219954964066953
X960483	0.03105113522660677	0.07544495409872591	0.017717255648427504
X960485	0.023775472330118248	0.05704935730133521	-0.09925054215302306
X960490	0.023396696906727375	-0.0025489737502567846	-0.025255338788486598
X960493	-0.014696054240329756	0.012886283216226238	-0.03520853890197468
X960494	0.02773459443134768	-0.07640072988325744	0.022037439306462972
X960496	0.007135479443317397	0.011062012396824845	0.007426823005620402
X960501	-0.0045728802102524965	-0.014018141632654855	-0.00670883645245705
X960513	0.02161611907537641	0.04367227635428092	-0.01929162389739441
X960516	0.003468798344588461	0.02677524003626149	0.021218041860774212
X960529	0.010510244634456451	0.009656096933419213	0.007616350867240184
X960538	0.004067547622802101	-0.003337010528004404	-0.019566198603816417
X960542	-0.006951554300248089	-0.02012955348204003	0.01950686425819261
X960544	0.11594847423792702	-0.13943283913285265	-0.02468072011861783
X960550	0.0008143341890445423	-0.04056780500401113	-0.03870237279886518
X960551	0.016438254386515503	0.014056392299975878	-0.006252163031800583
X960553	0.012111341346856	0.024843289240475498	0.006816442565052291
X960557	0.008664073890137843	0.07255603560115234	-0.020180313139502803
X960575	-0.0301411522382606	9.04498401079169e-05	0.030664605987723834
X960577	-0.015503849788033488	-0.014427872287234425	0.03475434602059869
X960589	-0.04779842755780999	-0.015107651370888616	0.0057443904133458665
X960591	-0.016972033999942564	-0.03279230986191097	0.02172622037052133
X960592	0.08535087375910513	-0.04080661512064433	-0.09536707107979402
X960596	0.03047399161843623	0.05919349346742763	-0.06579613521662964
X960611	0.02381480528836973	-0.046723864142513456	-0.030293971931757167
X960612	-0.005259553121284032	-0.050464893866591025	-0.06009602875802046
X960616	-0.007741416051642327	-0.01588894698211709	0.022429964657552325
X960632	0.007242910645673466	0.02095760235074067	0.00022749494557737835
X960635	0.002857427518176371	0.010541295253566457	0.020572941489469664
X960636	0.00482640671452495	-0.013507002563755444	0.007281914609613573
X960639	0.003033513607881664	0.020950746549255106	0.008794089153240085
X960643	-0.004945046907914666	-0.0033595344451431727	0.025959809220168256
X960651	-0.00492300369427233	0.003609058904302326	0.033034316886580116
X960658	-0.015492949700220176	-0.016922845900677164	0.026612674689034544
X960659	0.012973652398840225	0.008475525956199452	-0.021129885998014183
X960666	0.01788360300286307	0.021796257122755406	-0.03065424659463952
X960667	-0.0060620230536411555	-0.02475422264484681	-0.02188383783457355
X960672	0.006216188180300408	0.010487190022378112	0.008831251667362218
X960673	-0.0696259315448422	0.09836782330383147	0.09769778062455893
X960683	0.005359885939360979	-0.006823693350436143	-0.00913864480518117
X960684	0.009658226483197415	0.020905503238822665	0.010699612145070704
X960692	0.016663671320590663	-0.032002563886769864	-0.03345250234096369
X960693	-0.0025117546895147107	-0.01625176563303106	0.0022810378825352546
X960712	-0.0025289530203289065	-0.0037903366848234324	-0.017072888409620655
X960719	0.021390788780583186	0.049365343074840605	-0.00976639538979482
X960720	-0.07743256044128297	0.002242726620127027	0.08448127053962719
X960726	-0.026451197254572595	0.028398519163293848	-0.06029487763806201
X960743	-0.02838477244686485	0.028432667712134662	-0.01569969971566011
X960748	-0.008895148879362888	-0.043920564869997084	-0.03901825631577398
X960751	0.010161884854418839	0.0006011088360894058	-0.023024717375579252
X960760	0.009380413336107904	-0.03715761095069087	-0.02246018132854512
X960764	0.012844456657727371	-0.05506215171994053	0.012179460261482256
X960788	-0.003245002885027181	0.0483338434799904	-0.03939321516571275
X960792	-0.00011873038361945655	-0.01364266136214966	0.03406308709036155
X960793	-0.009491102640342735	-0.04486932013194418	-0.06045207473526829
X960795	-0.0172700480553996	-0.004287126845199006	-0.0005293904425409487
X960796	-0.020802016166280392	-0.012400592943129285	0.009886955744791112
X960803	0.016907036986363113	0.0003001440447829863	-0.007640327635650803
X960807	-0.008316474981174556	-0.011024730345105272	0.007971472411105662
X960837	0.021604379518344687	-0.016483168632311473	-0.02160609606487304
X960841	-0.041658653374695584	-0.003326175198214729	0.034564584049804246
X960843	0.022207201236020657	-0.012953008065637112	-0.003183709397645219
X960848	0.24934718139228632	0.06498231164040336	-0.13085892624663673
X960850	-0.020496902716521322	-0.025467628182215353	-0.04873528885120622
X960851	0.016918102329713646	-0.05927847601678326	-0.0030071425603378625
X960857	0.0015504140798328044	-0.02871159572091597	0.02371229999755909
X960865	0.032322725444643194	-0.013204476847792974	-0.039789742894307784
X960870	0.017998258892862957	0.005439916451436206	-0.013078698841352751
X960875	-0.012206376334377449	0.0025636799587391177	-0.05344750210323316
X960883	0.0028708966155643304	-0.012822385758784919	-0.047370961618967096
X960884	-0.01993009485078664	-0.03970405584253289	0.004987984600606443
X960892	-0.007538050896281667	-0.07349878298316863	-0.012694984606515785
X960894	0.009546132803689739	0.025671769276707848	0.018205694314572078
X960910	0.005457337183454011	0.021159678489400813	-0.006484972735116502
X960911	-0.007312107055783237	-0.0038465455882820466	-0.004370771574349836
X960920	-0.08700627866062866	0.004458524039321768	-0.07112864636249988
X960934	0.04501288898378676	-0.07211273762396542	-0.05555030498059671
X960939	0.004791117352206501	-0.007287264358534765	0.013865552348062537
X960943	0.010239193901362938	0.02934790654527689	-0.003967649288978677
X960944	-0.05504902029829391	-0.06798371753464166	-0.06026014637269235
X960969	-0.005527560148170682	-0.016375956199571086	0.002188610134291736
X960972	0.008989786939144718	-0.010718028655884582	-0.016668854009629804
X960974	-0.003385492582796306	-0.019947056163246008	0.033428353590692836
X960981	0.00019846246540492865	0.0015645744181181625	0.017974414632896726
X960991	0.0016835491914459527	0.026405092382679574	-0.032057376677634725
X960998	-0.018651756666258585	-0.02283227079973577	0.016407405106650806
X961012	0.017678734330077356	0.00016521318535357113	0.0268412920579767
X961035	-0.046118706738526694	-0.01949779763969466	0.0124293425898323
X961077	-0.026435919952452744	-0.018433479660017734	0.0023097393379559635
X961092	-0.026507998074076024	-0.01700805973267112	0.01000972237428061
X961096	0.012498678424977237	-0.010902866106805556	-0.009215588745356773
X961105	0.0051545362529685345	-0.00331340525224652	0.017420840722362867
X961124	-0.01339585018788405	0.026167827713186213	-0.009355407662463228
X961128	0.01577312607334291	0.0014783591391629549	0.0068183319347487024
X961151	0.014981338061916654	-0.06394701087320077	-0.01879500214522544
X961177	-0.016496059667152556	-0.004503445489414669	-0.023754475987231887
X961180	0.02188533398832264	-0.03206628757299196	-0.105597584119206
X961193	-0.028654288267239193	-0.03862768041105933	0.037740003502068534
X961214	0.014396012458891676	0.03350105457642906	-0.04069110593275061
X961221	0.00941462177517972	0.010048006593101174	0.000806143392249544
X961226	-0.02203397589967281	-0.02313631680881756	0.09151413869531379
X961240	0.002534698249375367	-0.004087262192459785	-0.008201684659382747
X961242	0.02030881243455913	-0.02391451434781967	-0.034738626112359616
X961243	0.02861827977102248	-0.00940687029576902	-0.022598361222736545
X961246	-0.006158225383974991	0.01664091461876151	0.014137503586443822
X961263	0.019741994013968693	-0.004545885433093044	-0.005867251909685737
X961282	-0.001983897559979648	-0.006070090210196316	0.0179020935581265
X961321	-0.0041864675524288355	-0.020698235603040342	0.02544701436097498
X961325	-0.00479645684299591	-0.014382896450026904	-0.025339757621601657
X961339	-0.015067500151057157	-0.05361361472917128	-0.010972804683889385
X961365	0.01452036864277393	0.03437457692916095	-0.017082730044271174
X961417	0.006357750409147446	6.820476914775335e-06	0.004110577582078965
X961423	0.0024435078788933827	-0.004570845424932195	0.027794049738975465
X961434	-0.004409774697896875	-0.00042219744368471063	0.009457331897194932
X961485	0.041636099720658314	-0.05489579782550218	-0.01396342683573885
X961553	-0.0308750249894536	0.000531924881840047	-0.022521584893270004
X961577	0.008992992551424724	-0.006319918903734542	0.0015827622070541255
X961634	-0.03080949965742109	-0.0474816507738283	-0.008490163631639699
X961684	-0.008688438005165866	0.011462507023553616	0.026918840347405656
X961686	-0.025373775160285213	-0.04590093852483944	-0.015851528947075613
X961738	0.0010612747570494612	-0.053006348407650956	-0.009857950083995195
X961809	0.003508919856754959	0.03943979588158379	-0.017099050777073667
X970002	-0.0031914542833089785	-0.015689832019873742	0.021223538343764187
X970003	0.027152172896073887	0.036282083381774174	0.01324944651685379
X970007	-0.0029145104635387	-0.04270939493144901	-0.00023303777918042392
X970008	0.0015210938577567925	-0.009152089672519122	0.014510749778503525
X970010	-0.001262493023056141	0.01370026041840442	0.019561191677067026
X970011	0.021550042959952765	0.0012074243641923682	-0.012338391164786518
X970013	-0.00010032969646925027	0.011818595194725395	0.017928589399807193
X970015	-0.02461280840999047	-0.005464400267802516	0.005348216925788178
X970016	0.015141617319486819	-0.014397543968180224	-0.02324038456219203
X970017	0.06756176155517088	0.02428321323009124	0.02354943244656135
X970018	0.021201005309455987	-0.041617073644450255	-0.028470829118058306
X970022	0.009462094979298754	0.0067159454244063764	-0.009838123309122072
X970024	-0.0008799728700082738	0.0047591597258797415	0.020377161587234988
X970026	0.007441157709890753	0.006676281358773705	0.01389507759071854
X970027	0.008365711881078427	-0.013752381548856557	0.010345103715799097
X970029	0.036098851551705065	0.028028660342934834	-0.003898383512560485
X970030	0.004482416657032622	0.001357470886073026	-0.002889418872675303
X970031	-0.012751287796186202	0.020766438682431325	0.04533425876639422
X970032	-0.032429033290085243	0.0318182642770893	-0.042803445415524694
X970033	0.01877710813685028	0.010938997630552201	-0.05378159246213851
X970034	0.003436256535234463	-0.015092978746562357	0.0008581742273469108
X970035	0.0036232206140801677	0.007232025415043769	0.022189247378852833
X970037	0.01608554987604654	0.012483217943348217	-0.038917246316658494
X970038	0.012422796051630193	0.0514614775300193	0.03227362751231603
X970039	-0.004133750843837031	0.0033022563705640325	0.020833749868481067
X970040	0.017753816444897194	0.06516792345123712	-0.00627278541147462
X970041	0.007679460642829767	0.019948230811615602	0.005318431442922358
X970042	0.007697666245244628	-0.003439962813863869	-0.011444985541535235
X970044	0.008593431037865354	0.013089793426282893	0.015199315948085103
X970045	0.01655273303639439	-0.02107377305542053	-0.026878900232064056
X970050	0.014924080316172846	0.022754539647985902	0.0019709428216206234
X970051	0.0020618449263765403	-0.0029234129410006153	-0.018806702804046928
X970052	0.00197954513967072	0.012345896518762237	0.0019707519775806277
X970055	-0.0015170915257410175	0.001016418704581	0.006577629183471526
X970057	0.00357060281899373	-0.04071303472477168	0.011260090854149129
X970065	-0.0008918071098283132	-0.0034494880135469905	0.005332623436855513
X970067	0.014460429964892154	0.031295841321371934	0.0040281276054150725
X970069	-0.17307148366852657	0.035380111497362685	-0.07690270965193272
X970071	-0.006165842123711884	-0.010670839434005812	0.01919216695850646
X970072	0.0038410622524384192	0.030024528625799365	-0.0022636643894036372
X970075	0.02656965036175719	0.03571621596455189	0.028392577333472665
X970078	-0.008184556813176652	-0.022011922769900872	0.013696880766836913
X970079	-0.001131926177659501	0.01948038069429053	0.03732207336182699
X970082	0.01098335009659237	0.03380679824107878	0.02254925376797246
X970084	-0.0018956371411519592	0.01061915040494614	0.014055380784109893
X970085	0.06628523956913164	0.04740587948439373	-0.012329326828900323
X970086	-0.002974694709311392	0.0009717461812629846	-0.0020457367108115136
X970088	-0.0008646812048176759	-0.006831734752357611	0.02192045224119402
X970089	0.006477292974995669	0.024497832100533388	0.01712555664093048
X970091	-0.04567182774019329	-0.003077717742692503	-0.06619129908388069
X970092	-0.05276378043598123	0.06616318667693952	-0.02693486147158215
X970093	-0.006723242434813712	0.0020331417077067734	-0.011336065983678884
X970094	-0.0024125457044563412	0.0443724108143226	0.05245894604416786
X970095	0.010650177428410205	0.029634773607231206	-0.0014844107596651342
X970097	0.003519906566489759	-0.02180780574015893	-0.006855400626146803
X970099	0.018216630093025977	0.007367775322961704	-0.008888873820570029
X970100	-0.07617110027598108	0.005484346998488569	-0.045578466052010325
X970102	0.06663007379797575	-0.13211048154186694	-0.002338128903354278
X970106	0.0028441025385023792	0.005303215915539197	0.0228841673586986
X970109	-0.00207325201856172	-0.006938268720759154	0.011744477128282273
X970112	0.026623702260570474	0.045304347702095314	0.013499807599052739
X970113	-0.014931724777290495	0.0025793888642901336	0.009344604251315886
X970116	0.03711996647443476	0.02015359040706802	-0.015034363868782883
X970118	0.009359507263937373	0.02234157244696975	0.006660174504452038
X970120	0.02213671718295774	-0.04534988187198939	-0.019531777561470235
X970121	-0.030637906789072505	-0.08962045336802137	0.010576873424169813
X970124	-0.025981113670963434	-0.016201475142287054	0.0031735459136786478
X970125	-0.0005304959195301489	-4.058861604154217e-05	0.016767715032064968
X970128	0.01519616323145445	0.018970429827086764	-0.012004482785859331
X970129	0.018701429128743206	0.04067635513315846	0.0015708347916369699
X970130	0.008804282928203068	-0.007732287924957904	-0.026572856648097026
X970131	-0.0193499407699514	-0.031550956265127064	0.020943276597454347
X970134	0.01545594368648008	0.005266356189930037	-0.0020529150443789404
X970135	-0.00564023626378442	0.006103325616853909	-0.02890293526609481
X970140	0.006631165158606061	0.01024262879472268	0.01032215599991172
X970141	0.010697907225472944	0.020039805651578684	-0.0003901891265223876
X970146	0.02441524481254796	-0.013045026842782402	-0.028170027536579455
X970152	-0.00816514856940068	-0.03254218689034754	-0.007326121718815703
X970154	0.019789381057106644	0.0744906922400195	-0.003795313987714928
X970156	-0.004370692121461619	-0.031710117820937654	0.0022377897252328824
X970157	-0.003162028411738305	0.00010803693037010154	0.0013550971913755367
X970158	0.008747661489540998	-0.018022924107193795	0.047416293822536974
X970160	0.010138171111554253	-0.015364466082867323	-0.0009981121628719856
X970161	0.011911661393100986	-0.013466047914669193	-0.0038706901777292
X970165	-0.028579939953864476	-0.0583471517550159	0.030938731163787276
X970166	0.001709743557399136	0.03654556039296249	0.03353952545653805
X970168	0.017672754105099272	0.016928971369918472	-0.010348015329823757
X970177	0.03194901015104263	0.0482963479203134	0.021905836640904633
X970179	0.0069488151673332945	0.03783494690530691	0.0008097449375766864
X970180	-0.0035128780317639	-0.013340286094457537	0.02132099503015291
X970181	0.02557024664254308	0.04179653740262987	-0.0028760936316435328
X970185	-0.00400497356610815	0.007542343876368758	-0.02730508061283052
X970194	0.009874045421680496	0.00722204363121835	0.0003482270794093417
X970197	-0.005732447435856105	-0.026429124227649824	0.01157995795176974
X970199	-0.002040098270262666	-0.012509911716045189	0.03855578725569926
X970206	0.017499721190710558	0.050062483877551654	0.007489470178161733
X970207	-0.02004972937651227	0.017425753215153748	-0.012655844925099401
X970209	0.01669564660886495	-0.0077272025940032405	-0.043480574242104386
X970216	0.0005242050792779005	-0.026073682291975465	0.01430681714872013
X970221	0.007794029384190609	-0.014333652068535494	-0.013476528005066105
X970225	-0.01041615745585445	-0.029901259844470403	0.03549490553818761
X970226	0.0502821244240414	0.1000828981409121	-0.02637036625833754
X970227	0.011975231609077867	0.03598881899107454	0.0072468876518845685
X970228	0.026268898206138494	0.02537355648662855	0.0002545380159528955
X970232	0.006797105798033555	0.0004380919311249305	-0.0159280142604191
X970236	0.013490651963821192	0.01874464818150264	-0.006045175560123794
X970237	0.007625525505755836	-0.0111827148758695	-0.03463403083459364
X970240	-0.042881229170833125	0.02262910207270818	-0.033758111136730225
X970250	-0.013551038924411998	0.012964752003407617	-0.005522580588409387
X970251	0.0017563375918704606	-0.043413774749621596	0.016787991782621664
X970254	-0.06038673781496897	0.010038575446951968	0.18022014077173593
X970255	0.030537802826341442	0.0085672881674695	-0.00643091129681616
X970257	0.006312954903001814	0.05501936720073015	0.009364329645338678
X970268	0.010140501982096605	-0.017486355698038195	0.0029008098246984227
X970269	-0.005423239685509099	-0.001758220403009563	-0.026983630487596666
X970271	0.007185569101550935	0.014557190621181913	-0.029357022574292374
X970277	0.005686749092481968	0.032058506797616446	0.009966501023013372
X970283	-0.04451665713058405	-0.021425374757737103	-0.05375143175877487
X970288	0.0092342622450083	0.051882508664622136	-0.01906009512975609
X970296	-0.014985529939398414	-0.04931545622905805	-0.0464475841810699
X970299	0.009865006028338848	0.046647372049284874	0.0252297593999864
X970307	0.00980423025482795	0.02605375328533793	0.013676004496947584
X970312	-0.0029057031135360867	0.009689459834541005	0.030697391038221684
X970323	0.018641116111250675	0.03971018862381537	0.003648493898776013
X970325	-0.005405400465316293	-0.006235483322405444	-0.0229607211787033
X970327	0.022141858411557035	0.04096145178505845	-0.037354361873526434
X970338	0.042115435505124275	0.04339348838382498	-0.046187958863782776
X970342	-0.016777008241030053	-0.027250756290219193	-0.0727346642546454
X970343	-0.020666674004884665	-0.06908288296261492	-0.054395158113606706
X970345	0.006142996344059782	0.014848320999702179	0.018893216931923983
X970346	-0.016113375840515386	0.00840835054706508	0.009228533077446872
X970349	0.008643671359038428	0.0216842655869871	-0.0014695864381518273
X970350	0.006545600240187335	0.051202141682923065	0.0029649126771451578
X970358	0.013956327492200247	-0.01401648936556671	-0.006709292086596545
X970359	0.03893926984605665	0.062000989894008596	-0.017615945077003262
X970361	-0.0639156868661986	0.030898870055711052	0.03965213851370407
X970366	-0.007714227126194747	0.004748492876054727	0.009043976587425511
X970375	-0.001620130438671474	0.019019921257374776	-0.004026625543293799
X970380	-0.055069414067529694	-0.04724515545153555	0.0037448871140421266
X970381	-0.00034192915219584467	-0.01426903294806906	0.0231742702288881
X970389	0.02865767892781864	0.07655831669937455	-0.024953710554535016
X970393	0.024197097011749148	0.013061317515323094	-0.01642035552550568
X970411	0.03852442256899773	0.07439081312005197	-0.035560043388374485
X970412	0.0026439240239450362	0.010488508758032686	0.018131397059277934
X970414	0.005517198749924006	0.029712293430158136	0.005345969836586783
X970425	-0.0020879625242545777	0.025441403589307902	0.001664915620646711
X970428	0.0035013455670352823	0.04787931465044495	-0.031189669058658893
X970432	-0.007904170406223756	0.013826229042102588	0.0002480738190078188
X970454	0.001819698251494529	0.006576726185151989	0.027461248922382546
X970472	-0.004825606388859012	-0.0052677243936591475	0.015160734728361245
X970474	-0.005873033807552391	-0.010711233721206349	0.033847024232785884
X970480	0.008933853206086539	-0.005110359347987802	-0.00819932771267713
X970482	-0.020027157736118996	-0.017864738729950837	0.07836784958041906
X970497	0.026086553750980616	0.032564334024235336	0.034988944060562625
X970502	-0.05223263120769484	0.028245011335240454	-0.047754214689703145
X970504	0.06201550543906177	0.0067056360470998675	0.019307068250538666
X970509	0.0033991311199180795	0.03004326174517066	0.032528020461058224
X970512	0.004019879462105523	0.010274096980703817	0.013897314403104306
X970515	0.0018280925223792995	0.01626097423982443	-5.445962341706408e-05
X970517	-0.006498171570801186	0.0156298343019465	-0.04548208124354532
X970519	0.014883338177399242	0.04598540835785629	0.008723281619244523
X970522	0.0236845542086311	0.03879885756009762	-0.01608955085200784
X970524	-0.0015580760877038464	0.00013788361927239144	0.00771950960286884
X970533	0.0011894734097833743	-0.017918404869388713	-0.016185717169193842
X970536	-0.01285054005910581	-0.015429541050174637	0.02776699925962137
X970538	0.020762811807372657	0.04072081949533592	-0.0011589298897345432
X970543	-0.0031920094052052634	-0.025522078898076686	0.029196490213847858
X970544	0.03650122311912689	0.06641185427592294	-0.03956512103488741
X970549	0.015870036145683584	-0.049214349704438116	0.08115080671137448
X970563	0.003939253307563903	0.010275025545087215	0.02905718185026831
X970564	-0.0016502256407403542	-0.014273628369232565	0.00968971824205483
X970573	-0.00899707775892617	-0.003008763362988355	-0.007007460896445667
X970577	0.018986073608382507	0.05751253138489753	-0.015616654304073762
X970587	-0.007554617910622612	-0.01526557327265155	0.022080495947415704
X970599	4.119266907442526e-05	0.0005821458559251221	0.04466956424546164
X970614	0.022298939391234066	0.023918262085514275	-0.011134980892514086
X970625	-0.0022959589209635865	-0.002051878540905961	-0.03986688123501273
X970633	-0.020105358544208436	-0.02969175584560917	-0.03736463664507393
X970638	-0.039844384253455704	-0.013176164353758311	0.009192181280184019
X970649	0.019086278586539007	-0.002269182408659797	-0.02494710066959357
X970659	-0.01967874883720097	-0.0646511389027537	0.010876698063835864
X970663	0.00607603300822218	0.03437932628951074	-0.014448030522756516
X970664	-0.008650471514182018	0.00036345413252388914	0.012046945525724202
X970677	0.020726866565218327	0.03014396147860814	0.006375526105535481
X970680	-0.00838804630530369	0.02217725642232354	-0.060053074597777804
X970687	0.018629301916430675	0.038145235876516956	-0.044757103342479676
X970688	-0.007473025552885586	0.045108857828065334	-0.01993208306894604
X970692	0.0008981611182398849	0.00017237636702366904	0.011709154724832402
X970706	0.006575689608399827	0.005710035689985348	-0.011336396811965814
X970707	-0.05680462859070625	0.06189734944203371	0.007769700721059855
X970717	-0.004160649525799357	-0.035643621192796404	0.02716300803008893
X970718	0.012477651821898776	0.01582651519949441	-0.004967232181480699
X970731	0.011123214558141801	0.03185923368070404	0.012455059838285959
X970732	-0.011251579137032201	0.0029501306426474275	0.022257859335421362
X970737	0.01207079120017154	0.01668868376393799	-0.004137110121056094
X970745	-0.01296565746269403	-0.0058148902210525275	-0.0021884820154090697
X970784	0.008649351345788724	0.03397075080185306	0.013273632113469075
X970791	0.05269589669261571	0.02010749337469162	-0.06225740567773629
X970813	0.01618532422701348	0.01236167578190242	-0.018431102305418796
X970860	0.015584209530769099	0.034560131738116416	0.005694397466394701
X970932	0.0037598870764263136	0.04059653729119814	0.024316861623242262
X970960	0.018233731975939253	-0.053968912783055045	-0.023873700758491618

Biplot	0	0

Site constraints	0	0
