Eigvals	3
23.320465366918768	16.408913500516874	7.766545978803721

Proportion explained	3
0.6226634726755493	0.30827521933018825	0.06906130799426242

Species	12	3
Propionibacteriaceae	-6.7305914421759585	-6.605449769090994	3.7031009946281244
Staphylococcus caprae or capitis	3.7720631172342016	0.3053670458856994	1.0120622255681817
Staphylococcus epidermidis	0.03922170556648746	10.271447824906447	3.735187973754853
Staphylococcus hominis	12.452283867796215	-1.2458953198373839	-2.252652350512261
Other Staphylococci	-3.40207915290933	1.2973498206247116	-1.1347623414276322
Polyomavirus HPyV6	9.701336408699207	-3.89474404415384	-0.8074036699687073
Polyomavirus HPyV7	-8.27773503101259	-0.7429681785983819	-4.08651974241362
Merkel Cell Polyomavirus	-9.109586771126713	3.8591035956338624	-2.19207459687203
Malasseziaceae	-3.165558066849186	-8.216191205345813	1.6527449433313057
Corynebacteriaceae	3.4383897913054384	4.29353408302421	0.056823671228352635
Micrococcaceae	5.610683137582437	0.2886089443231059	0.561458151814481
Other families	-4.328427564110205	0.3898372026283926	-0.2479652591310458

Site	1225	3
X940001	0.0009804845142926395	0.017557049678501812	0.01768246197340191
X940002	-0.0022100643169709645	-0.0010424490171282886	-0.004422950900565074
X940005	0.01010408800638321	-0.008786134243431562	-0.027963166274669583
X940007	0.008816333161242603	-0.00970597553740366	-0.012553835440044575
X940010	0.022331322794669903	0.01725773700750779	0.00323970917586356
X940013	0.0030507993514158247	0.0208389320764992	0.01287448101746106
X940014	-0.06558719810941016	0.005524204693044173	0.007799084437186134
X940015	-0.004753931683264048	0.014508758150755028	0.008708113242661854
X940019	-0.005102951161959319	-0.0776411599928171	-0.0244381188849922
X940021	-0.019267405141284444	0.035369346884329356	0.05164068221251377
X940022	0.0021187036639784963	0.01732117015391293	-0.014326740965505161
X940024	0.007981452825679405	0.021405946480737303	0.00896813894097365
X940025	0.007786511312538898	-0.006302482446994029	-0.026144845784026986
X940026	0.007458140743143442	-0.00079408898259704	-0.02143159215707734
X940027	0.021557390992580975	0.01187921965973196	0.011713385248124202
X940028	0.018908647938000657	0.012055490417544286	-0.01552800717620348
X940029	0.003029278962431301	-0.009481786113747538	-0.004018191847691986
X940031	-0.007512443508989068	-0.01929047003093579	-0.027008312537034607
X940032	-0.0002568502893125693	0.0036512676778906634	-0.0016163941381850753
X940034	0.018202508937656653	0.031158305896500964	-0.0129900812037355
X940040	-0.008783310369850594	0.0535491358266711	0.02313898981875706
X940043	0.02584113072601715	-0.001030054464291681	-0.011996320857323117
X940045	-0.026132491259501234	-0.06016079040283995	0.06754694924975542
X940047	-0.0031663241466776326	-0.008470520242859977	-0.006703822246390734
X940048	-0.00507692391246218	0.04265538548722068	0.0163741534662842
X940049	-0.0011428616123928678	0.011630966038206406	0.01848648620924927
X940050	0.012277555479725807	-0.06930984558939363	-0.05623689630730859
X940053	0.0015283481528241437	0.02103205683691721	0.03320849349213778
X940054	-0.0021540392695412534	0.0021759569527612663	-0.015752184682286056
X940055	-0.008778994480232874	-0.0059371682840799285	-0.017795570890198883
X940056	-0.014086705019166684	0.02772832065547352	0.013679741917035845
X940058	0.015115721330301242	0.018930081435172674	0.006988348935973578
X940059	-0.010066762732628954	0.047049298939888747	0.07779103666986756
X940062	-0.0036006074390118633	-0.0739347418158219	0.007848968703389081
X940069	0.0009174928437937314	-0.004820025584198242	-0.01232790158398125
X940071	0.006000474795717088	0.017543764265072377	-0.07737209715612418
X940072	0.005978119596191821	0.0017875028765549068	-0.0033672201345842467
X940073	0.13903496568868087	0.016768620287990522	0.0636083581917151
X940074	-0.0076710383470270935	-0.003383331014727955	-0.020511060484106204
X940079	-0.10898135126763961	0.07995046576477235	-0.026964674113499027
X940080	0.002745472832928283	0.02383700134567247	-0.014459320344877753
X940082	-0.04028550045821539	-0.10710690427400658	0.04109236140676971
X940084	-0.01802882656009963	-0.004353400788695436	-0.030202885998987614
X940086	0.009894641785758622	-0.019557505377096614	-0.03361148788909682
X940089	-0.016469973445323242	0.00022875009831257342	-0.006696147100318314
X940091	0.04202839128981444	-0.04868719789807396	0.010337136669408283
X940092	0.016779600949709327	0.010550359018353935	0.0005021435445894722
X940093	-0.0026589967165990677	0.015541172144921372	0.002969270470296571
X940094	0.030165216798453038	0.002317508741923669	0.005799666109329932
X940097	0.007702923904630031	-0.014939421270712907	-0.006030378496579952
X940102	0.007709029316405065	0.005897252830875983	-0.023175993987131435
X940104	0.00042829178017228644	-0.0002679748403691944	-0.02375174266086455
X940108	-0.0034698800592976014	0.01261104408158541	-0.013019703853082688
X940110	-0.057682884317245116	0.021968077432779252	-0.02677957820644317
X940112	-0.050250379278999655	-0.04744606422993606	0.0718491723888875
X940115	0.014764723175142148	-0.036812950130502384	0.03327475996952534
X940120	0.002387220796741417	0.0278691384974742	0.04288214878785716
X940121	-0.06480296831393453	-0.15537429420323134	0.01978962073059462
X940126	-0.002971311160882315	-0.011107373031951882	-0.01515573504722071
X940127	0.04057074765082104	-0.020445685821557376	-0.026187109098656996
X940129	-0.0038850433475177723	0.006736684594157977	0.05124707951473723
X940130	0.04293475837440182	-0.028759712402610615	-0.006020491490349947
X940133	-0.006379707206560085	-0.0071463354142043516	0.012072242150501981
X940136	0.025044478551041	-0.006451656502878212	-0.035028716560474904
X940143	-0.0003217785840267784	0.014927324220340408	0.012924788542302305
X940145	-0.00640595325349408	0.003186545555004818	0.010254839772252614
X940147	0.019049027261161276	-0.013623997132880549	-0.06887269012222057
X940148	-0.008994224768221077	0.003721335635921396	0.0074325073552736765
X940152	-0.0001697672038625113	0.013010558050440978	-0.014346042049399148
X940154	0.01512738715418232	0.0032637715444923045	-0.026482783447141337
X940156	0.006719024446460398	-0.00934113357441575	-0.0157553142407043
X940158	-0.013369555400209019	-0.005368496329774407	0.012695610419934732
X940163	0.058500913104787215	0.019066417299133737	0.027232816382498425
X940168	-0.04082919530691285	-0.14163078403183607	0.06489735689944899
X940174	0.0005887652347060089	-0.07610754507266847	0.05402281841210527
X940176	-0.022449199761857126	-0.07164089278090445	0.016424379438800176
X940178	-0.004657179802643109	0.0022221496387425767	0.01565344702413544
X940179	0.007841976380919158	-0.0037320201818737226	0.019454954644783293
X940182	-0.0043799100508974224	0.024408445770959908	0.03920994985356864
X940184	-0.04468672301917719	0.00012381898973961257	0.05213335171949992
X940185	-0.034921400721343414	-0.02387303720887706	0.02133217307260886
X940186	-0.007356087905191249	0.0020986649471722296	-0.009394306995579685
X940189	0.01418894114941712	-0.005371758814791171	-0.058432578256915814
X940193	0.0012374173122038626	3.5789049286675393e-06	-0.012419756622131066
X940203	-0.00942058770300905	-0.019257708435919372	0.0134209011452105
X940211	0.0015537048435662541	0.018898786805563245	0.00872528184409151
X940213	-0.013712065069397403	-0.020892749129011016	0.026805773608980676
X940214	0.015496795878468084	-0.016664453676209532	-0.024944184696402912
X940217	-0.021237044891657928	-0.013228831476876916	7.719745347830952e-05
X940222	-0.010013996712275172	0.0042920417878204815	-0.03401632081024699
X940223	0.0018759800220974451	-0.001881455207045433	0.017755664639808984
X940227	-0.03719469797238103	-0.008078580500206552	0.04940346838623917
X940230	0.020057014119621505	0.016833838247423905	-0.023794043791465255
X940232	0.04439727455753869	-0.02317351931444494	-0.048137264596801586
X940233	0.008846185220760592	0.05147014786125993	0.029083352438936425
X940237	0.03477226666999754	0.02046507489597279	0.03244424524013993
X940239	-0.027148305733490342	-0.05659460267593892	0.00711660724548287
X940244	0.00194967286712684	0.02495450587130145	-0.021636479429752373
X940248	-0.005574233028438171	-0.02492164982372859	0.005208040134742237
X940251	-0.02599063651005486	-0.013312611275741116	-0.002971731581327699
X940256	-0.016048415027377156	-0.026022680190685495	0.006454224785655379
X940259	-0.0005400006920062454	0.0061118718475502605	0.00657910145196753
X940261	0.0001753451219986107	-0.011786515128492263	-0.018145630194131453
X940264	-0.031114736075781992	-0.0494924528901403	0.02047954398172574
X940270	0.004540500189987592	0.006986569210900871	0.01668350228059194
X940271	-0.010424973968553571	0.03762672276395062	0.018869740051896428
X940278	0.00488291256141481	-0.006501962224411831	-0.028479425860077
X940281	0.022240990255196002	0.06257534887696241	0.08188931296469322
X940284	-0.013252064847387175	-0.018865434897163236	-0.013983810360386695
X940286	0.05658381228404531	-0.0465182542468603	0.03405795118351376
X940287	0.008640278276891214	0.002891700042364471	0.030432039421414755
X940288	-0.00702470958439373	-0.003915654672322499	-0.0749605506502981
X940291	0.01075989032356088	0.014119161989044565	-0.0036109994728842137
X940297	-0.01595899201361015	0.038805145705258545	0.062379302889406164
X940301	-0.011325174187998178	0.019489837417726356	0.02852554560189569
X940302	-0.004126529791333459	-0.019863336688578048	0.01995171651803062
X940303	0.008534614256655209	-0.0015969603276960944	-0.08145759883160653
X940305	0.024427111913051636	0.02043051072432321	-0.031243389409666398
X940306	0.016787344609171747	-0.027133137414759863	0.008728484365940271
X940309	-0.007152074467781764	0.010610851947616136	-0.000908652467043648
X940312	-0.025879244980068262	0.0203370184610499	-0.022038923263997295
X940314	-0.007189837904371333	0.012363263396650889	0.002672754419670624
X940322	-0.019455423128536247	-0.022822468313988677	0.009460610359031259
X940324	-0.034691623391837824	0.02679890853575092	0.02808242384939513
X940325	0.03935599534884241	0.018711474377687626	-0.004822229571547929
X940329	0.009905083938172247	0.02719220450883008	-0.04317165439290445
X940332	-0.016453369738868677	-0.06693376783352878	0.029253534245432145
X940335	0.0010500311808315141	0.025983768750987166	0.005070875612088329
X940338	0.06009881041031359	0.025685173877280573	-0.015410504302709219
X940339	0.01763621255694329	-0.018369862080820597	-0.03938218994603289
X940347	0.009881290690359736	-0.005557832264150977	-0.02137569861882279
X940349	-0.033671600210220594	0.0009710317950725517	-0.03483157128017387
X940351	0.015851446052504364	-0.005107871402113758	0.01907291421879635
X940353	0.008398831010987845	-0.006344573155878217	-0.016438818514083776
X940354	-0.017075493904343944	0.007674032935737503	-0.02174637895449204
X940355	-0.05620609201081695	0.006594252573991964	0.03987632214431486
X940364	0.03148693467382719	-0.017154503081749987	-0.005993135768343643
X940368	0.013791472749240025	0.0012866109682988546	-0.02797569041004427
X940374	0.0073156385564501795	-0.04896673461478604	-0.07161434293682445
X940375	-0.01038415131496629	0.010877427815407474	0.020647820770133888
X940379	0.033839179642312305	0.008474366011918893	0.004967387867224316
X940383	0.0014514176098190908	-0.0008606323940855523	0.007114743452966067
X940391	-0.008222801328982251	-0.005757472010257539	0.025138247138216756
X940404	-0.0006284278233462059	-0.007425688102205883	-0.005974988826053585
X940411	0.06883348014643005	-0.015520010535689282	0.010485323949704736
X940413	0.031382122556635944	0.017172663647597796	-0.03866703849922668
X940420	0.020238413869539774	-0.009964218788821652	0.00038257029285037805
X940443	-0.028355825747970978	-0.10908552899966385	0.002974401371242149
X940444	0.0065049507827288746	0.015591576442202406	-0.01730660682059155
X940445	0.005366775476462841	0.03614780910047284	-0.01814886885035814
X940450	-0.01831969550407414	0.015924722184391827	-0.000324619015372382
X940451	-0.10450229113466965	-0.05178604617024589	0.056552081605598783
X940456	-0.004681739126938182	0.008374996070222119	0.016438492620354826
X940465	0.04532349176995335	-0.0041967234852768156	-0.014311603579325783
X940466	0.0067709441431482885	0.00781590648959613	0.014112676488283848
X940474	0.04386620980901047	0.059667464640015995	0.025125111633881817
X940481	0.014996915058602815	-0.0238478094162553	-0.00837579116927181
X940483	-0.02981996913753111	0.004020046619932778	-0.02417653356342406
X940484	0.025170167814766914	0.005968310538086778	0.00869068863152204
X940487	-0.020327016767547498	0.040916766829500954	-0.003294165595825278
X940488	0.021019322571961267	0.006580234136237675	0.044373454107535085
X940497	-0.03374257350559482	-0.10280538697046647	-0.009544389665829848
X940498	0.01726876042984412	0.0548154007249422	0.016888354914586245
X940501	-0.02404746068339507	-0.10478089598668679	-0.00031735883744412984
X940506	-0.020346865447207485	-0.14716015061289792	0.03393591854936761
X940526	-0.006395233560158935	0.02681653016148981	0.010343536150258263
X940529	-0.033197791405921266	-0.04742905244852431	0.02782533782812393
X940532	0.0711024976406762	0.04144718396955964	0.01518520852991354
X940534	-0.010182937926718637	6.257915398086846e-05	-0.010160211713390089
X940535	-0.03621646853159276	0.02143480926402046	0.005489602897740364
X940540	-0.0014129862842467155	0.009554176356655801	0.018174845599881945
X940547	-0.014110748684256108	0.014522132700551867	0.008087970907059962
X940550	0.014988003623480304	0.0013398078340356868	-0.038202983773634853
X940551	-0.018155828129732314	0.03262989112910594	0.016249645112508555
X940555	-0.0052618743718550985	-0.019439247353038154	0.09054215627197257
X940558	0.006749494493934869	0.007312152302684651	0.011010652953661415
X940560	-0.04781986604324037	-0.11105468258596224	0.07502596575198257
X940562	-0.03138965639363899	0.060343042986060955	0.0024692705197322936
X940570	-0.03199596934722001	-0.00647248675430023	-0.02397618444254494
X940571	-0.029315370839679587	0.01167140728495833	0.010218491519106468
X940580	0.007603540001538681	-0.00579415352408782	-0.021088490853666198
X940584	-0.01090006512583899	-0.11642939961252766	0.0229548361210829
X940589	0.002655493723171358	-0.041172964310286296	0.020050034974514627
X940598	0.018974838531015347	0.01652828960732186	0.021821823713124768
X940602	-0.01357195754740351	-0.027745671464547712	0.011461141629070576
X940606	-0.002487845434356845	0.0033760854450481177	0.021029480404284845
X940612	-0.014245927713787448	-0.08713835228226544	0.030041598045941087
X940623	0.003604010484898456	0.030942558719391312	0.029149699632466653
X940625	0.003438173832294915	0.04314153565189528	-0.009355755765489977
X940641	-0.003322810654471466	0.012217710907657798	-0.0058441932119590485
X940642	0.007627420052297344	0.0003750814132810066	-0.0044862442786702175
X940648	0.11344413602561611	0.033174165729240326	0.07110524901256424
X940649	0.036688735667442754	0.0015248106189817761	0.04078715073546058
X940652	-0.0013827476761273303	-0.0016228558616936135	0.007238511558521073
X940662	-0.003823077751243636	0.015832327570455672	0.003297255401428096
X940665	-0.013178634413177676	-0.005989704027365399	-0.022581844250036027
X940674	0.006628971797201569	-0.004062540199887624	0.01302905965537224
X940689	-0.028728171370020573	0.0023785053562525925	0.0689271212638603
X940690	-0.01001765954545617	-0.007637915305764045	-0.02752395940929473
X940692	0.031081520844320393	0.008280463089997114	-0.007907885196611621
X940696	0.009176172692268718	-0.002637328544286482	-0.02058324673651844
X940700	-0.008333720066420459	-0.01961174031838438	0.002094854805259144
X940714	-0.009336037437842728	-0.0019878572918850695	-0.01982734352467892
X940721	0.03903965154563527	-0.05938052445879786	0.0808488467168306
X940727	-0.02321644800263487	-0.008347461059536626	-0.006231932839974678
X940748	0.00017441593103407674	0.03327963429324667	0.027204234468396978
X940756	-0.023209011482798858	-0.05118321687263333	-0.03436061132985992
X940761	0.03119926493468345	0.0018432552460096291	-0.005085871532425305
X940763	0.003782486069138427	-0.02244672303211449	-0.016067822335809088
X940766	-0.043796434408267894	0.047001825003058606	-0.004934523404673426
X940769	0.002176283597267879	0.05862981187501794	-0.004817934901173489
X940775	0.0205068921699809	0.012566315415408142	0.002778361692480295
X940778	-0.008633924673270125	0.03740860872306327	0.03405462212227117
X940786	0.0005043036535612233	0.0035284642168418967	0.008953374905237515
X940796	0.004494432491808419	0.02285606347533818	0.030084350862946325
X940816	0.003130609242158586	0.0033593829476720794	0.00258329544590123
X940819	-0.0373808140068039	-0.06374582205552115	-0.04076353196548614
X940820	0.00046192784002935087	-0.01344029857726143	-0.017611509741043713
X940826	0.05100769720653019	-0.0033246983130556886	-0.011784625382426455
X940827	-0.04776294542607548	-0.019693366113565817	0.008352868409095071
X940833	0.029525735332958738	0.021467092728761916	0.0455288332828124
X940843	0.005513734079188332	0.027510381407904367	-0.028257471720678586
X940844	0.0073610505917080515	0.0531162323224638	0.05010552111366366
X940845	-0.023167979497980214	0.032326132496275695	-0.01584203028217674
X940847	0.009135339582857942	0.00202946729048017	0.02419606704675048
X940852	0.0060612736189815	0.006753330410033054	-0.01427613117862931
X940863	-0.016673958946550636	0.009237323798104371	-0.01772215620206387
X940871	0.04404807735837597	0.014091864842707594	0.040306788247856176
X940875	0.09561915865646242	-0.025189314373386767	-0.041190129018133
X940882	-0.008556208167053351	-0.025796592507697353	-0.015271144783511489
X940889	-0.033403713290996145	0.029910275860612255	0.04097613679818244
X940892	0.027868436237371137	0.023557496356620047	0.006792140249562625
X940895	0.005033199796869866	-0.019609336615000583	-0.012247075889155657
X940907	0.001506875121514748	-0.0018387896912029902	-0.012688787689558832
X940912	0.0023178243252271508	-0.012176759461149394	-0.014961222495754364
X940917	-0.011641285900164609	-0.01519879168283262	-0.03559058219310221
X940925	-0.06774400312858937	0.03740836230146087	-0.056153407410682574
X940936	0.004167860637564051	0.002919165157854133	-0.05437884132329993
X940941	0.03707246570769797	-0.011445170549238074	-0.01029966335149221
X940946	-0.0026593272144420574	-0.013051866265027117	-0.007370260226475407
X940961	-0.00750636565412456	0.01100998416725143	0.0074857475842859695
X940966	-0.015938417727304	-0.0036734016695703785	0.027236346544408502
X940968	0.005862696369020765	0.0025773472041804423	-0.02394439863095864
X940984	-0.022157236105124347	-0.03687178957134288	-0.004752627382860037
X941001	-0.026266434330857676	-0.008765555615981154	-0.0024326324527767012
X941014	-0.0538110374140502	-0.11184290379304285	0.06774581970359264
X941019	-0.009828183062993228	-0.009145621530136584	-0.027727429398115178
X941024	0.03014109798830719	0.017176702361355475	-0.0066294280622984725
X941028	0.008923031624590396	0.052592086047855875	0.019803297393328617
X941037	-0.06410337819223359	-0.01106874880414783	0.09799268300210948
X941043	0.014893828640332115	0.017913936855208673	-0.03006861355042952
X941046	-0.025724530042666987	0.025528333426393615	0.06462001246111951
X941049	0.029781293960993684	-0.008259750990803703	-0.039580651121731494
X941051	0.002461406312056255	0.027173843906676105	0.011402644586095668
X941066	-0.021537885349551	-0.01304300988109163	-0.00760869622560703
X941074	-0.00016341391896644182	-0.0359040325734613	-0.029726845565364528
X941079	0.030074382063678233	-0.024461206411587087	-0.06374218135346822
X941080	-0.010971402716558828	-0.05527270030887764	0.025806380774139718
X941091	-0.032032826080109975	0.006366975021674607	-0.001964697321267735
X941095	-0.003681491554663592	0.004649288222123982	0.0031504263593031836
X941106	0.012674637385177977	0.022851104990491453	0.06625145096225475
X941118	0.00328907607113573	0.054509089169037885	0.031521969596057825
X941124	-0.012648107629849067	-0.01747665762667107	-0.009396025324080761
X941134	-0.005399561433397506	0.023485269499679714	-0.011984314065189076
X941144	-0.010674144950134776	0.0029666501540819208	0.024029469228782276
X941153	0.034851168365580505	0.017648078653763537	-0.006793547745132871
X941154	0.003276756323460097	-0.010549024924840968	0.008409358500456458
X941192	0.012287439794662285	-0.024917056200416104	0.01042353495137104
X941202	0.024464341251555846	0.05220404937828951	0.0010292915109512122
X941204	-0.016216108040538392	0.006554210102628075	0.016536856981461723
X941208	0.002751285868199767	0.04009838489029371	0.0033299067497763223
X941241	-0.009151759123854207	0.04810259525413489	-0.06747239388654061
X941250	-0.00485315453349705	-0.013031596153930678	-0.045043428088078645
X941253	-0.008233267653657774	0.022603594203534114	0.009537933078033405
X941257	0.02545893569478002	0.010004675507631306	0.0028709453192248195
X941259	-0.013405113192897024	0.009455328876282146	0.013109552124811751
X941265	-0.015687954881217606	0.01871977955186645	0.0029732792084693647
X941274	0.08896240974900456	0.015590461032001124	0.014157302990476428
X941308	-0.007561889617853216	0.006749358904483541	-0.008121462506794255
X941315	0.08637555326382731	-0.03052895020889076	0.06479934654933103
X941320	0.006067330277962236	-0.004855107172459537	0.005287748400204629
X941321	-0.032202000143592854	-0.011580521671765438	-0.026681059201165445
X941367	-0.016624319885750413	-0.09074289602491933	0.00936910479221433
X941373	-0.0034455106261144066	-0.006192542822478197	-0.018729177891944383
X941384	-0.04553278126134455	-0.09797681189563877	-0.02724113670552446
X941385	0.004806992898632976	0.0004807146025998049	-0.0008431623346090599
X941392	-0.1369141031058944	-0.0004974486178318486	0.021571643757194316
X941398	0.02662246636903837	0.04401618919828654	0.008772537987591774
X941404	0.018171997785501555	0.00028714645844948416	-0.006809847000168423
X941408	-0.005710764117183793	-0.027169054169351312	-0.0053589361380670456
X941422	-0.002725851909459608	0.030308414838819464	0.04076830141400999
X941439	0.006358358042793003	0.017780508381221288	-0.05239614496921231
X941445	-0.01624744934022309	-0.09424290853482632	-0.01473318719258203
X941454	-0.05357708975156048	0.0035736957053723773	-0.055628426966090966
X941460	-0.053587083339783535	-0.10200648608945513	0.021665858168067136
X941462	-0.004116563117960036	0.02925903069055461	-0.014379652080386723
X941464	0.005373734836920742	-0.039653771795132534	-0.05532739683667546
X941503	-0.028174528323427653	0.027922948059626307	-0.021132046059243483
X941519	-0.0054856420450083	0.011048599393594516	0.006777318464879663
X941530	0.004504900097096285	0.01067448734116443	-0.016968817249562538
X941547	-0.02032239453230831	-0.0002844361238097144	0.00044273506701582505
X941582	-0.040972707424532254	-0.14337201978862305	0.07673235153859082
X941617	-0.015284459436429887	0.008021083848417251	0.03884828366561077
X941623	0.022156919656063975	-0.07328635285790636	-0.01687178273512162
X941624	-0.008109788349706498	-0.0036532598328758016	-0.016241576410008486
X941639	-0.020041835625260785	-0.007685721270937869	-0.055435546775399684
X941680	0.02033554679773253	0.013637502544037563	0.011292166344452445
X941684	-0.012712869420746321	0.010719449550461732	0.020891018546864655
X941709	0.010826128403987358	-0.046419398134173555	-0.02835946268085369
X941714	-0.0019076905266422477	0.0010422990478142378	0.002359690697559629
X941715	0.019716609978662113	-0.03560876952970095	-0.06217278519082192
X941738	-0.03867152587504056	0.04482325310945736	0.03966261760013466
X941759	0.07566236306411055	0.03333874105600793	-0.0028976374144639013
X941772	0.09708093999320527	0.031156682600625527	-0.0059026744823338735
X941774	0.008040990333572272	-0.006092812511222941	-0.03257910998913833
X941807	0.026872626196647913	0.01834537940041109	0.04480932224993863
X941813	-0.02882160912230591	0.03455635463501626	0.01815601632711008
X941817	-0.010291179080823781	0.0022890843366817257	0.007340497762608963
X941887	0.020564158237043342	0.0092945626391958	-0.00218755147938118
X941902	-0.019307412910716196	-0.028145170144301585	-0.02123687853948763
X942011	-0.0028602741800839862	0.008277543800116222	0.02193572039285199
X942026	-0.009141994427887828	-0.03258978222366456	0.04188595666266756
X942039	-0.0026895468848614525	0.021298075800105638	0.0030687705541201657
X942075	-0.003751399282603405	-0.0062002213504717555	-0.027705918770398165
X942094	0.013616013784553852	-0.00016573647077436113	-0.02587371538208348
X942128	-0.005998539706436332	0.04221478328960356	0.023125502743695965
X942191	0.08283795181741806	0.009900281870071605	0.015344449265740964
X942237	-0.032088200634298035	0.011475667493118003	-0.018826805597919046
X942303	-0.016775528973601784	-0.01160532258426	0.03968078405912495
X942319	-0.0020278897369507593	0.007655133625611992	-0.006613554294412203
X942359	-0.0021566765192371825	0.023646095401683668	0.008708450768696
X942398	-0.0022775302842669284	0.0067082100850719755	-0.002369989052463817
X942402	0.0007883512975839176	-0.06811212767784422	-0.03641630382724322
X942429	-0.0046286370336645994	-0.029350057809678358	-0.015105663326127923
X942467	-0.029201303889345664	0.029962816503923462	-0.022220351413089395
X942487	0.008228660974080391	0.012763248517071826	0.02180253939727728
X942489	0.010861728441982936	-0.028536452178958373	0.03695008680367696
X942490	-0.01594727223029031	0.01920411241241173	0.02072819374286095
X942504	-0.015230436961125403	0.0023532028793827983	0.025912571255850097
X950002	-0.00982527241901293	-0.028109767512497795	0.032942112642679364
X950003	0.018961290446472573	-0.006535052920508045	0.0010579755210690738
X950005	0.004631423084138937	0.004618861866893649	-0.002321702560956683
X950006	-0.014700778541415297	0.036828998535544416	0.02176227600000087
X950007	-0.017667079792751048	-0.012201046028796124	-0.04298543699121138
X950008	-0.01444553847819917	0.041377719032560704	0.03532848694666559
X950010	0.014777751252829579	-0.030501557684075798	-0.038770873470072645
X950012	0.027951865353853335	-0.011865026105505326	-0.033947430275955044
X950015	0.002924598899236215	0.013123825408778204	0.013114756308393517
X950016	-0.017500608790982315	0.014780961247173508	-0.02284448090658582
X950017	0.0032501549488499724	0.010976357706188291	0.015373404368333001
X950018	0.010814343190665465	0.018109432937078625	0.004119468246460949
X950020	0.004545746323713698	0.014236484595923197	-0.011579204897553073
X950023	0.06649645735710286	0.0013198830200443273	0.0025646906245790847
X950027	0.004766422557887045	0.0035213456523942805	-0.023488889147137332
X950028	0.08409799696278218	0.00130475605279439	0.0316912477389833
X950032	-0.011780813464880116	0.013555446164652865	-0.018735851325868365
X950034	-0.01742573764176985	0.014408373795198796	-0.01693512395818513
X950035	0.0009678770066663362	0.005099954171443602	0.009895353753413282
X950036	-0.007165913918862904	0.020545798894698115	0.002282658239495749
X950037	0.0017441666841656496	-0.008466369609398245	-0.02072183541290062
X950040	-0.000341765182328666	0.02566322756700401	0.02618421947297524
X950041	-0.0030346839275030946	0.021420776855339697	0.013373171996388118
X950042	0.04308350261752176	-0.01677567802645912	-0.061247380083415695
X950044	0.0020211057030723517	0.013399456971057344	-0.0006636190820892791
X950045	-0.01626326044545372	0.014779836248872967	0.03269565364497557
X950046	-0.020458777800660643	0.007570959981855697	0.017349365766838248
X950048	0.003766322226483599	0.02526086501707602	0.02348944156259943
X950052	0.05056220283229926	-0.03977509677155197	0.06182490340940836
X950053	-0.005362261249294447	0.011747660448210295	0.011511499867249418
X950054	0.008981699008193591	-0.006014293330701117	-0.010269939704621655
X950055	-0.0256069050817657	-0.010623589634268713	-0.05317964470518932
X950056	0.09630887115228301	0.0074734280868602385	0.03334473975588626
X950058	-0.04144108367220829	-0.10131730982304804	0.07261067724859845
X950061	0.0027781516813870067	0.011291334536068167	-0.010564391313970993
X950065	0.0018886531782619708	0.015130867778556316	0.006509810847923614
X950069	0.007719659579686104	0.00038258426719975884	-0.024567281239545647
X950070	-0.008503280589725921	0.02241708913756891	0.006178687502848895
X950071	0.011127251160906302	0.02086347647296814	0.01378248166935935
X950073	-0.007651871127258522	0.02125820353067135	0.021682829837128107
X950074	-0.005115876808875501	0.004676656308621948	-0.02391655935587048
X950077	-0.0007706388706188271	0.0007754467617259308	-0.006573171211112395
X950078	0.006318379964242112	0.015694999009726398	-0.0018061146809299994
X950079	-0.009732233482329064	0.03316900195540684	0.059134689635584464
X950080	-0.005747926125390227	0.009036093675300942	0.014485779061732054
X950083	0.013256552308855649	-0.008792721598047717	-0.02775498536247336
X950085	-0.01482329839459205	0.02684375474812511	0.016892553369141618
X950086	0.0009957830806208668	0.02588902932935135	0.025311399150652832
X950088	-0.00811766147509195	0.025844219945743693	0.007481800592445856
X950089	-0.011050225191854095	0.02469089866334145	0.030393042203230164
X950091	-0.01737173278516394	-0.01598292272207241	0.013030620500958786
X950094	-0.04105942359553899	-0.10339764425568738	0.14317066454309393
X950095	-0.031823719465188534	0.01213916091215577	-0.032608446982296396
X950096	0.007023668412946251	0.009415038888216161	0.017107406682464632
X950099	-0.0017011837352298544	0.006078918170461492	0.03335414977762591
X950101	0.0016970751162202365	0.01669042656508233	0.02717829164286436
X950102	-0.0028789621637198173	0.02751855254498912	0.03538363849912668
X950105	0.006549095682786062	0.018842524753201837	0.021807902730742703
X950110	-0.005804210505358724	0.018663893079577668	0.02060848341138666
X950112	0.0011565454514147425	0.015718495606553227	-0.024166465661338277
X950117	-0.0017313073632822095	0.012386050440542456	0.0034918277525533233
X950119	0.00861185337922288	0.020446449811869175	-0.014179301255037543
X950121	0.0032367781945715746	0.005544308370643348	-0.005697825426641468
X950123	-0.046320676237038144	0.03115390395788813	-0.03798065395507388
X950125	-0.007898725328095057	0.018825104937174854	0.005477099012176967
X950126	0.010127074523600253	0.003019204088860228	-0.008917707623027961
X950127	-0.042341676482214964	0.026714241266374093	-0.03043271710801997
X950130	-0.008241285309791247	-0.0019702112615168268	-0.035903876300273016
X950132	-4.6687045876029106e-05	0.02153609925528848	-0.017205538753326394
X950135	0.010808785054063574	-0.002384170430040883	-0.019905908470333227
X950136	0.001459308780032844	0.015417790017114429	-0.021120980210216963
X950137	0.002464604755383239	-0.01072787869247086	-0.027348157980219716
X950138	-0.007731583459524326	0.01614453690527761	0.020387559319368292
X950139	-0.0005308915840727935	0.008730802184008188	-0.01636101482798988
X950141	-0.01136556277019641	-0.02389036436020643	-0.03644054050158027
X950142	-0.050927494031440416	-0.006273361750170856	-0.050077787421428654
X950143	0.01857192440947035	0.021085366105981964	0.020048814289844452
X950145	-0.004502711897761423	0.0032677398262097447	0.022822408891521498
X950146	-0.007607148264788535	0.01880849863074168	0.003986598637770162
X950147	0.00035110420292862137	0.0049665500286897495	0.009346791712371245
X950148	-0.04753464243043701	0.010220472266996333	-0.06367171778098574
X950149	-0.0061151219527113936	0.03240256499289032	0.026657720993095647
X950154	0.004470309128583936	0.017955936581851243	0.017301317269636053
X950155	0.008238683558202037	0.032461315639602424	0.04374938017279664
X950157	-0.010885836463507473	-0.03935721657791323	0.052631952013905865
X950158	-0.0039121995927769385	0.009758551240418457	-0.01696716649923628
X950162	0.010447217806981704	-0.006285988758074376	-0.002719045749581735
X950164	-0.0006864534468742057	0.02249759690447477	0.027134993626021828
X950167	0.0458480134313672	0.0024387092790346	0.019690873898685717
X950169	0.0013274596671701473	0.010912566717858932	0.010452564269652277
X950173	0.04939594413944687	-0.02929904364615127	-0.027461634237357913
X950176	-0.0030067269078429635	0.044719835207381466	-0.0015433506268007606
X950179	0.04494823730050467	-0.027038903261133965	0.00409245806954616
X950182	-0.007493357546022301	0.02654803755366278	0.018309741453636875
X950183	0.005063037208880766	-0.0073851305091665355	0.02568937577434705
X950186	-0.012350440837952583	0.021414673372040626	0.0105781872171603
X950187	0.007733130787976191	0.017831534065686938	0.034737907419752544
X950189	-0.04055585164311516	0.03218297902827913	-0.005781064097703143
X950190	-0.012424581407705174	-0.03794993911445546	0.02532620166796759
X950191	0.020046707641297033	0.009332954145915718	0.004101356348741526
X950192	0.08592212060578137	-0.01985689184527329	-0.02885218869852705
X950193	-0.0013009737569059335	-0.02582765227734961	-0.036567390363908645
X950196	0.006514347818533982	0.017122014783331363	0.007426718734283854
X950198	0.0020267895922235395	0.007418727095048438	-0.032284130745243445
X950200	0.0022883923426488973	0.018781324402172703	-0.003321950697881448
X950201	-0.002140815064962591	0.019639434623720853	0.021778382074244786
X950202	-0.003151954090144765	0.018322310114873938	0.019740331955638422
X950209	-0.0021433866930785574	0.012444790798584203	0.011656617171075467
X950212	-0.015037748763609676	-0.035236028617495245	0.07074370339411076
X950214	-0.007599921645816052	0.019615629216607196	0.0005782760678310215
X950217	-0.008866711032506039	0.022109809022091084	0.027345027285847038
X950218	-0.01328353955567774	0.0005523559075599122	-0.025543815920986125
X950219	-0.0022816893865359273	0.0017856699296076915	-0.007258466841010677
X950220	-0.013859402108423294	0.03518526146993458	0.04931639644224561
X950223	0.020941091643308506	0.020988015993916514	-0.003949285929001882
X950225	0.09842721309711557	-0.02675674631110136	0.025861842787324903
X950226	0.014907265264875347	-0.00411574493812987	-0.01049742735484908
X950228	0.006576008107958309	0.006193219779605322	0.007592584402723457
X950231	0.01663059545817909	0.0027103293040983702	-0.0018582822144022583
X950233	-0.0017629845539855425	-0.000511373456505399	0.01072900705483886
X950241	-0.005533287952541821	-0.0003556354657142574	-0.03887570465790158
X950242	0.0033204511490213537	0.0029754905125671445	-0.006006060766558681
X950245	-0.028560628473188288	0.004931791960904094	-0.08133039632963544
X950247	-0.004083305240953091	0.007646803127171239	0.009614227290649497
X950248	-0.005519409976423897	0.028126751130860102	0.05291537864268274
X950249	0.01546881051442414	0.04925702314657237	0.030899168088663463
X950250	0.06770531530573068	0.0360867465940263	0.028480730306855963
X950251	-0.007597183563301653	-0.0010433841925405086	0.0377352640865032
X950252	0.012077960327186218	0.008630298282975105	-0.022020041191449225
X950254	-0.003536774007802986	0.009642411253741042	0.0035723831529769095
X950256	-0.003647428537839341	0.002177329096308603	0.024479044214239506
X950259	-0.0026855961952937583	0.013632414867271715	-0.026636393457219746
X950260	0.012866176135207958	0.007604770443490045	0.025097043345655264
X950262	0.0044788496976224095	-0.012933541003490494	-0.02545336487533818
X950264	0.00692597503828972	0.009154704817151704	0.0263452667334881
X950267	0.003086157147330478	0.001477528891059324	-0.01651699910814207
X950268	0.009800861708474117	-0.0003649279864969422	-0.018187628024534608
X950270	-0.013281045119036055	0.018111928309846616	-0.027278501134445837
X950271	0.011470126632116256	-0.005346942711700156	-0.018260312311138484
X950274	-0.012289421951853452	0.02571357285439599	0.015317950766065623
X950275	-0.025467738024993934	-0.0008766457445384532	-0.0013978053474004723
X950279	-0.008391921655604106	-0.008617365797052166	0.0187440484113115
X950280	-0.006449571016050125	0.026361271557279017	-0.004075508577161639
X950281	0.006028667013956093	0.010651460015386228	-0.01477680647330221
X950283	-0.0011193813306953678	0.024341226111917483	0.018504428279949074
X950285	0.019155194765603005	0.0044112814651118435	-0.003735744143121411
X950287	0.0006498284544262035	0.0001326285093990476	-0.006115460428217462
X950288	-0.007910129205811021	0.014322126364786577	0.018019139516034163
X950296	0.002436061168935014	0.02950164193710078	0.038290941519288316
X950297	-0.008690530878272928	0.01625013954430287	0.003465787870630828
X950300	0.017023463364737815	0.0054448836641142525	0.009801196089761498
X950302	-0.023815003162802332	-0.010925119591069007	0.007905164859715685
X950304	-0.003771598304209231	0.021347410324389107	0.006800652359342263
X950305	0.03642681902547016	0.011452475956885191	0.00932056055301608
X950306	0.009766089402045111	0.007990554702779852	-0.004218056381943675
X950313	-0.002595674226121398	0.024931261707859878	0.015410962836037802
X950314	-0.00455550122579361	-0.007350685840895425	-0.05235300770337187
X950316	-0.029151952185044433	-0.006541183845714993	-0.03236675510886148
X950319	-0.004888222605353744	0.02212191187502747	-0.0008196562796990447
X950321	0.035731239058352064	0.016797037025169576	-0.027465219197160242
X950322	0.007603923547010927	-0.02102197397117473	0.0030920100374508723
X950329	0.019489503042106157	-0.0003831964469663237	-0.004833634772263439
X950330	0.0018418487530305289	-0.010791078084524192	-0.03536402712398708
X950331	0.003810968094744112	0.01692160389801279	0.002712201672216536
X950333	0.0030169198532523354	0.013631676479192525	-0.01547720612830162
X950340	-0.007841295028906108	-0.0026734292154299857	0.03216318989640954
X950343	-0.01681658847497212	0.03135958155340003	0.007269283508251901
X950345	-0.00972327040424867	0.026872063459260312	0.02493555296677271
X950348	0.008390791058514577	-0.006778317115049425	0.0014713536406132687
X950353	0.006549959458231993	0.024988400525456967	0.008285911156368437
X950355	0.017218685942121437	0.003394355612631983	0.016665035381604004
X950356	-0.0022405681556497197	-0.04872355795952875	0.04519543936644117
X950358	0.002587463342835173	-0.0055395329994573075	0.02033809074918006
X950359	-0.005007995755311316	0.014373597387317659	0.01675297336011204
X950360	0.018389336493355984	0.003132337031511717	-0.0006005413633304258
X950361	-0.0010198285190695009	0.0017160926071250102	0.001136655631674416
X950375	0.006409914013062699	-0.013706427502203447	-0.0258456659531155
X950383	-0.011822608135809874	0.020165692589962775	0.010080200322915138
X950389	-0.006090774467290426	0.028093315506049963	0.0261148625582144
X950390	0.0005923067837539579	0.015478162421032914	-0.00216484900527523
X950391	0.011378726859873895	0.02852229197301195	0.03101950466517893
X950392	0.0013903851509544792	0.021833075290340224	0.041424434870717224
X950396	0.11451157149602226	-0.022656491676352544	0.0037704817653049826
X950400	0.013551248598506973	0.01984140609710462	0.03788287375402152
X950402	0.0030814195044219913	0.016822050630580274	-0.001046680848788936
X950406	-0.03569891750122969	-0.004867760229383059	-0.03823897048021903
X950409	-0.010682307825803658	0.01829714041340518	0.001479018180402565
X950410	-0.015094711561161425	-0.000905226514207395	-0.038122087397138696
X950415	0.004093396706490318	-0.03046816827996549	-0.005562928489824829
X950417	0.00861446169823534	0.018589707141789705	0.028610048680106068
X950422	-0.029454798440370383	0.02388443507876237	-0.016381557619095172
X950425	-0.003718272623358023	-0.0073632933566029155	0.0033336021477233173
X950428	-0.03170492345881415	0.016289134133030018	0.023289901644375867
X950430	0.010639050000150797	0.0009554574015134921	-0.010791625705126633
X950432	0.0025537420259687965	0.023128047971207717	0.015362123051039685
X950434	0.008125557824837806	-0.014002543032134373	-0.03637743755089276
X950439	-0.0033602905362435467	0.014608855117551738	-0.0024385401646989345
X950449	0.026427597439899284	0.016127454657644646	0.009374010705965174
X950466	-0.006039650327528131	0.014398032972516494	0.006257419500750816
X950474	-0.01609575798971881	-0.03207050186943065	0.011012206983043652
X950477	-0.017032439917306623	0.002339036383821926	-0.012833434606215433
X950478	-0.021548667819777927	0.011535044888518335	-0.001698534245756622
X950483	-0.008090633556710592	0.01702251165745184	-0.026254482815559234
X950484	0.0004556080954552539	0.0023489393925811924	-0.01631005861198773
X950485	0.05104173710952613	-0.030723539505957555	-0.044215781752850694
X950490	0.007261578044451737	-0.0015581191072755168	-0.017763250847231443
X950491	0.010664103131315326	0.008835661042458294	-0.0014618830083922727
X950503	0.007069353543985404	0.01077197398050453	0.008833566308310645
X950504	0.005491872717332091	0.016423680156274278	0.011815090640561486
X950509	-0.002004523474551902	0.005883502733900843	-0.004467470044043839
X950512	0.006262947697072162	0.007162690641899993	0.008355692978393912
X950513	-0.001596061459529044	0.023734916161587127	-0.027332416008549174
X950516	-0.023099492622658542	-0.007246575765822338	-0.040801472753418576
X950517	0.011796063098682434	0.009717326293612757	0.01877188763126467
X950521	0.007821671990464706	-0.0018799883224830992	-0.022549011172910652
X950525	0.002983034613743075	0.014346643064138834	0.01484213281253924
X950528	0.006470159117265208	-0.0008688041497003299	-0.01929058264595432
X950535	-0.001992162983053124	0.02458732735511146	0.0015170101005676844
X950536	0.0029321275030548986	0.015388753937458378	0.04396730588292539
X950545	0.005428341713355154	0.004113142695591098	-0.009916185014225993
X950548	0.0014045291927645177	0.01790686614664837	0.001802010085721415
X950550	-0.02423397298314194	0.01016022640954633	-0.0021554437545154162
X950554	-0.019716823137026468	-0.014748400088325979	0.013026127845197404
X950557	-0.013957503675674807	0.013785478927956491	0.014357683394002735
X950559	0.00405451395947897	0.006713551337094886	0.013429314536343256
X950563	-0.00449579220510964	0.019282670038710415	-0.002292482940117912
X950564	-0.0029834274903535896	0.02093076785105943	0.002253104604216891
X950570	0.006433309087933131	-0.006651553912873169	-0.020858378981754765
X950571	0.05683778610635832	0.007069542966669199	-0.01078781590186052
X950572	0.005987048519787942	0.01265855150662865	0.003946213010975943
X950577	-0.013441270013144126	0.014563432301620827	-0.013552323298484492
X950579	0.011908239024167216	0.004270288396258348	-0.015709350788034402
X950584	-0.036067308254706484	0.023879017456330528	-0.02911134505713052
X950592	-0.007276363466355868	-0.001111227125558283	0.006853632962735236
X950593	0.012535159078544833	0.003391095915262479	-0.01239350738815693
X950594	-0.01338053689692628	0.004004800463814533	-0.009366376226257557
X950598	-0.001818369041816803	0.007983557780564572	-0.007508312659270514
X950602	0.0007259790455782469	0.006615719219677675	0.01645210235032622
X950606	-0.008763856980540741	0.02565726091159537	0.014525954882046591
X950607	-0.004182660709422117	-0.018323822869161482	-0.06032310893478224
X950611	-0.0068886650749645055	0.028303688508039118	0.04341557634409749
X950613	-0.0025697718114798753	0.03272954736873621	0.03769639874548283
X950618	0.001169295330402194	0.023234049815754568	0.022140403191474273
X950632	0.001147180425840196	-0.002701050087448876	-0.018018722241227757
X950633	0.03112064161308842	0.014101723440916949	-0.049234455793014595
X950637	0.005831689630876124	0.01405554458700326	-0.005050476377288527
X950638	0.0026788876389791582	0.027674855599188242	0.028769135374196547
X950641	-0.0027002850020794605	-0.010974212051322974	0.010745918446206948
X950642	-0.025031707497148684	0.01266040126634972	0.021780278889164225
X950645	0.005252387909275948	0.012060442533409006	-0.0024862356603638077
X950649	0.0005378229142833623	0.019962332216781817	-0.013973611115131486
X950653	0.012571123994874816	-0.007164734590531763	-0.006621936470804162
X950655	0.006138171174270531	-0.007815348301081708	-0.012785916736746018
X950657	-0.0016046774458448089	-0.011220102379152858	-0.048298455898208
X950661	-0.015280737369558007	-0.003834000889497425	-0.051255404331690714
X950662	-0.005103575627454458	-0.1424057238239156	0.04480529873327225
X950665	-0.013927845815189433	0.012155786613152341	0.013234529613919363
X950668	0.013073637679076012	0.015591492058179633	-0.045921028653068234
X950675	-0.0024195830160968937	0.014884853816246331	-0.02124225584407236
X950677	-0.01440138924333724	0.025164889552242744	-0.0034577904185329345
X950680	0.013386822016109199	0.03243180816612848	0.028751964846751372
X950687	0.014154579267801625	-0.008000583749996518	-0.03253260526918573
X950693	0.0019526638490609536	-0.00011685361536012194	-0.021024938339801503
X950695	0.005725809888526022	0.0159258437229694	0.021915044573948116
X950696	-0.0024642219830749044	0.02098538726081441	-0.004746107843368453
X950705	-0.006953604499747573	0.013946632671258962	-0.011517769239638367
X950714	-0.0551276925721064	-0.1344781611603198	0.030156909449806188
X950726	0.021614523607269436	0.0016622386352831274	-0.0021411159242415243
X950728	-0.010268161925156031	0.03839549367446009	0.009438861068084736
X950732	0.0038566307431378397	-0.011373626957050324	-0.01739151647753078
X950736	-0.024223452964951247	0.010919139947606883	0.03136904621512328
X950746	0.00495251928728855	0.00407644126749434	-0.010130023449655147
X950747	0.01113065074770618	-0.010409359447310178	-0.030711614803937092
X950752	0.007039229987052035	0.00017454468397749704	-0.010215495166733191
X950757	-0.0063978060842418034	0.04692252946011761	0.03837922120487343
X950758	-0.023572615466741213	0.01867100714462387	0.025265996830827853
X950759	-0.0015536167378993673	0.008773893584571967	0.026369538954542037
X950766	0.005956229432684913	0.01731294723266126	0.007258375134473204
X950769	-0.05220969049480006	0.049519397318118545	-0.04545517867980157
X950782	0.001816263079635771	0.0008218563862054339	-0.03299614102774547
X950784	0.007245747336399078	-0.0065471965853113765	-0.027850961207530438
X950789	-0.0002545362713857698	0.025111493557900797	0.054427771200381704
X950796	-0.006656924746051297	-0.01791237988607474	-0.05552978025092371
X950798	0.022521587060317965	0.023058668608097677	0.019332346264636188
X950799	-0.014762677098679004	0.015873485233432152	0.00972435011052213
X950803	0.005012353763936101	0.014467598806244323	0.03367464257121703
X950804	0.007788712409833087	0.013707013094198434	-0.004013590539984755
X950809	0.0008881702824061504	0.030833129463630246	0.0010134092735496598
X950810	-0.02089478102541707	0.014256693712287997	-0.03231048586430595
X950813	-0.01581888276735697	0.017406368108781614	0.0233167932929759
X950816	0.004484683889704737	-0.001227449061669121	-0.02579056936895624
X950827	-0.003579905837141597	-0.018214183344132075	-0.013056641150963597
X950838	0.012104740447561551	0.007163689153963123	-0.0062334480152219885
X950841	0.015515958114877717	0.024328470098398076	-0.003424267833427268
X950845	-0.011788788560148184	-0.018195510059615887	-0.0057272689744636215
X950846	0.01005016110757961	0.005341269903824755	0.0026314555323519177
X950851	0.026659520596020572	-0.007098498478605577	-0.02831468756383375
X950859	0.010379776692127566	0.0037698595729629917	-0.008276763275730419
X950860	-0.005409938280717697	0.022705204811652304	0.008313042896528443
X950869	0.019604287990470863	0.005556617175947067	0.0023390362220560095
X950873	0.01712296476317799	0.0279471391807444	0.018315053382575375
X950900	0.004853871641241723	-0.03759250664439575	-0.0519041349233004
X950904	-0.008029222633545547	0.013081557414663568	-0.016817584025943084
X950906	-0.011869878757570585	0.015108451857795456	-0.0010852781576491805
X950911	-0.001315642356180883	-0.005924861909557012	0.013217356848167258
X950914	0.006772739743179649	0.009700144388318888	0.011170959042361345
X950921	0.04600518995862242	-0.0781491979106546	0.0431173344562814
X950925	-0.030591992825847042	0.005324046514681831	0.009847220664008453
X950926	-0.001568813329436313	0.0009112514930305504	-0.017304634024479317
X950929	0.0009571485230653937	0.023460246150885683	0.016958174077608284
X950963	-0.007311505321259225	0.04220866097453422	0.025944802171427542
X950966	0.008098002489767978	0.001338822889662385	-0.005403198376852783
X950968	0.0014838416179656308	0.008054624274395301	0.00825483085058057
X950987	0.02824643632068722	-0.001462733329442967	-0.007002779658145782
X950995	-0.03869611642627067	0.0007594417409779623	-0.09077689077021467
X950996	0.024368661023697828	0.01882032827570485	0.02997440440952041
X950999	0.029391280074798343	0.0039042154747309663	0.00577645888804601
X951002	0.010912443478180118	0.011194446307465704	0.004467722115791947
X951018	0.010348084461553681	0.018629433127207877	-0.026778753593316756
X951019	-0.005722628435236807	-0.002868313802522603	-0.034788381685770135
X951027	0.004685210462497691	-0.0038342079007005338	0.036383045801830674
X951030	-0.0018697696644405896	-0.0010645460939915253	0.028408039960588487
X951041	-0.002697981340312668	-0.0028135122779817624	-0.0017377147187367169
X951051	-0.0018393507438256265	0.014932938837197407	-0.019508927760573502
X951054	0.012405814846508779	0.014793467330697124	0.01919433662792112
X951055	0.001776795035145395	0.0005793985853141967	-0.004960560712661184
X951067	0.008148277716418875	0.024133815395036416	0.04496889444972364
X951071	-0.008111078511780985	0.03496958692432281	0.047202938489730534
X951083	0.009120879683027975	0.01743786336335853	0.022777005222437283
X951085	-0.0032340044663525373	0.011000863521604676	-0.0041157952633392786
X951115	-0.007313625932920061	0.02491641217081534	0.004798080316956372
X951141	0.023619450902691158	-0.014030282910790406	-0.04187167240972048
X951144	-0.013354474151124972	0.013403098142141742	-0.04453906850623616
X951150	-0.004901419726299388	0.022710175959243746	-0.006351065465510101
X951151	0.0004911522694468765	0.01975693103382348	0.03519975861719842
X951154	0.01888184165335866	-0.0026932971969963948	0.006961018049066458
X951156	0.0031061262067413795	-0.0036781625480180775	-0.01641353309954402
X951162	-0.0027777250719221184	-0.0059249781162275346	0.026605006177330054
X951171	0.003582002597029876	-0.0008888184863404435	0.02349458252710228
X951174	-0.003700356079433057	0.029086339649166845	-0.004213226380594443
X951242	-2.9534661241955605e-05	0.002109635900918052	-0.004572430838031909
X951273	0.002951386683606273	0.004696207136076942	0.006301212874429285
X951284	0.019749273304565225	0.005894040559353049	0.006235218165443448
X951317	-0.004415990046946466	-0.008257692504908294	0.006685165860188973
X951318	0.008771871026952332	-0.004882000770238813	-0.013018724694386459
X951322	-0.013724988964140433	0.017715149912928337	0.0021096913763789596
X951337	-0.002900927404794626	0.02019025936771848	-0.016570956024153316
X951365	0.004034269258907412	0.02387439580753559	0.00810388247517904
X951409	0.018819448947047023	0.0009863781135449696	0.03208931481530137
X951429	0.0032245413859600266	0.03899568981855481	0.049664739506483466
X951457	0.0009025113820903039	-0.019044692863603094	-0.03947616538929896
X960001	-0.03167982656850307	-0.006108386690063814	0.001472480636914055
X960003	0.015140300270375055	-0.010985235681819902	-0.026619265463202684
X960004	0.02420255312209263	-0.02237431576305111	-0.04574853934466113
X960005	-0.01984342998365475	0.011671459619111368	0.03618708177376128
X960009	0.006247309445236554	0.005952484400617882	-0.0004906622309569658
X960012	0.0033181892814779152	-0.002661266963259588	-0.02980687121238576
X960016	0.07385392709479119	0.008988840462588825	-0.029600592838492337
X960018	0.015140402594046927	-0.003007373205173759	-0.043567049160600516
X960019	-0.024134897713293	-0.037757350860357884	0.01288769982632071
X960020	-0.04524113591417556	0.013129005485295551	-0.04316701552670436
X960021	-0.011051563689828736	-0.003917020856435808	0.02376906771166691
X960022	0.0014874123904032297	-0.010204332714866614	-0.011924628570579856
X960023	0.04306580496581762	-0.05637844975308641	-0.020219497901480653
X960025	0.027737884259950323	0.011155263983098946	-0.0074017430281743245
X960026	-0.012930115378750225	0.013058590312804458	-0.0015320376709923927
X960027	0.0043742389695872776	-0.00028274443113750474	-0.0051403235869224104
X960028	0.06019955686104771	-0.038456057327892264	-0.020121915499857833
X960029	0.06029877539647318	0.02158824720501113	-0.0163593058568148
X960030	-0.0023051750578937124	0.006250863284716629	0.0056227196437210756
X960033	0.04126363587049911	-0.004061289946949099	0.01186924264597013
X960035	0.004086058891720038	-0.02675696147070136	-0.0452292443639394
X960037	-0.0015795587578646504	-0.0072152843247290325	-0.017005073313161777
X960039	0.008070255439268917	-0.02250796746610427	-0.044038888900887016
X960040	0.0018815925095406587	-0.00782552709389556	-0.007652210709005455
X960044	-0.004033909740835716	0.015668650946460198	0.01036081998484615
X960046	0.02515403310247193	-0.00030970783133063074	-0.00782555476087358
X960048	-0.004517405820378685	0.03950474081159515	-0.04348182251151129
X960049	0.008330115147510404	-0.010006371714120676	-0.05277226088943976
X960050	-0.011776605435926854	-0.052461503658618826	-0.04208348485239378
X960051	-0.014354083173990327	0.018766715780124187	0.030697402073595146
X960055	-0.02979073083361839	0.021463728440935016	-0.017505204705318793
X960058	0.001404125574073483	0.0510895804155616	0.05079491175111886
X960059	0.026515089679826614	-0.0027249512183295885	-0.0019119772476390662
X960061	0.021223523060783553	-0.025097511992722497	-0.05022714455455595
X960064	-0.0028809375950032026	0.009809722322455106	0.021256508571716622
X960069	-0.00632743761693119	0.01168208360483364	0.014568910090088446
X960070	-0.002012989397404634	0.00020451599542261413	-0.00905514461077165
X960071	0.006549366509268039	-0.0014702037189529748	-0.0038741620853584894
X960072	-0.009434911359115623	-0.005768699754590067	0.04018685867750653
X960073	0.007045290708560709	-0.017591585067228046	0.021482000871611538
X960074	0.05320576440061938	-0.00579325189946592	0.013425496385420545
X960083	-0.007180696754910914	-0.003074136847124556	-0.022832036425697488
X960086	0.048646633570083496	-0.006452151555751228	-0.040882368564593936
X960090	-0.010494327548312605	-0.002009668045870419	0.02533323628208372
X960091	-0.010758161447999653	-0.006585135746763663	-0.002293335255721977
X960092	-0.005044134551077939	0.040202031064353314	0.054328376362803216
X960093	0.0010687969887974227	-0.007785119167999812	-0.01835838050271456
X960096	0.02493679076554122	0.031077051540443795	0.0056918371405929044
X960097	-0.0012980895065890456	-0.008235933859827623	0.002530286375982119
X960098	0.010987042404649072	-0.029937643616090075	-0.05345625380149063
X960099	0.0027060710445291555	0.0003477184326901773	0.006416600713316318
X960102	-0.04006271320873768	0.009054035523784596	0.01688262553547732
X960104	-0.03041096646556531	-0.028472834415395117	-0.03580447208042921
X960106	0.013716981956630932	-0.005155507775354374	-0.0059925192080447845
X960108	-0.002008678947246877	-0.007893602467347337	-4.887313972475986e-05
X960112	-0.009959330065059932	-0.020865155236140076	-0.019929338602413506
X960113	-0.011119764100831694	0.004846838513028903	0.0021556051221169725
X960114	0.0328288150781146	0.008948280926283468	0.0007898811140405124
X960115	-0.0076823747585773455	0.04651621559235801	0.02273349436887026
X960118	0.021779983796931503	0.015194011425251695	-0.006409897954321439
X960120	0.012077500735579784	-0.005896754806979539	-0.021040627799109184
X960122	-0.016980782577119487	-0.006628077209914701	0.021218111909623832
X960125	0.012660644003215284	0.002034267071737982	-0.0024590054435947688
X960126	0.00927012694091418	0.0026610108767301482	-0.02585354692184475
X960129	-0.045549643937672656	0.016596849732940122	-0.0037335369556989696
X960130	0.0007436212705117912	0.010904645820162354	-0.004716412806098614
X960131	0.009576633776117309	-0.005420468897030786	-0.010412757281137294
X960136	-0.026780457225792715	-0.008785231284549819	0.03437499216726191
X960137	-0.010225413865134089	-0.0027069635835307456	-0.01810466845624707
X960140	-0.005728664982604846	-0.025767410058253257	0.03972070916503146
X960146	-0.09092722770667494	-0.09809418533861763	0.030467109782554375
X960148	0.09939002659515904	0.035469637074020836	0.005856751093483821
X960149	-0.03230831500750964	0.02422680217085075	0.02446186785697003
X960152	0.007538005917168611	0.011079768587141605	-0.008828585335151668
X960153	0.070774657407199	-0.025203726709558904	-0.009351940793194784
X960154	-0.015886031553661292	-0.01603471844889232	0.0006128204364112154
X960158	-0.0026511794355515163	-0.12242190449974805	0.05257283649483828
X960160	-0.02037140614269855	0.05074446047064503	-0.03839220573317164
X960162	0.0008571540297836744	0.007393002639546785	-0.007451066895095103
X960164	-0.0007400462776462777	-0.0016870046312336888	-0.004483086797250697
X960165	0.0162671684074682	-0.0001016745540739808	-0.015576252414584824
X960169	0.00398971297237881	-0.014290636206229926	-0.02156671487797478
X960171	-0.0023253988939980733	-0.03525581588408761	-0.004870844674877291
X960174	-0.0010628606547037154	0.012719242982899916	-0.0004375933417516747
X960175	-0.01520655667574589	0.023187311522151675	0.014006387123250814
X960176	0.02988416446830654	0.00989689634673561	-0.005997641686022945
X960177	-0.02020266030436048	0.031089979020159336	0.06355559502734337
X960178	0.011854606913001811	0.014859281720245747	0.002588985352857617
X960179	0.003547546390222639	0.007952090557350336	0.01891726794685478
X960180	-0.028861630549929754	-0.015034073229486194	-0.021636584827824587
X960181	-0.002201401934052793	0.01849879585820181	0.023208645094629082
X960183	0.007757387783185901	0.003750553918203269	-0.0008179132887809679
X960184	0.02349974706664639	0.003966187346260705	0.005697984447746641
X960187	0.011874366462757071	0.01039116838028496	-0.03209954957731195
X960189	-0.052107835978771985	-0.0010174769789114068	0.011614295534550451
X960193	0.10187184721781356	-0.03832469881817118	0.07008115615452437
X960194	0.046637421155330074	-0.05432586597998822	-0.029144804371632405
X960197	0.00589785456488818	0.005675819754118755	-0.002109566486316147
X960199	0.020490008163811576	-0.001010417083950721	-0.016741461821217406
X960203	-0.00412293062713854	0.03654390028509622	0.015975748916499614
X960206	0.0027679505551692837	-0.06728557007842377	0.05951245415662018
X960208	-0.05004921991731292	-0.015985448770259463	-0.006235609253877856
X960212	0.0003308903109011863	0.008820041485798208	-0.007316497686610325
X960214	-0.027392274463083288	-0.02408195768036917	-0.010982563276964468
X960216	-0.012926327752129561	0.026175453857349148	-0.030367586852163335
X960219	-0.03209769364170725	0.023985674649173127	0.029664781784979683
X960220	0.0546751917962216	-0.051350925052464864	-0.03582868082380218
X960221	0.002460542597321328	-0.02201445389070623	-0.02847744518816588
X960222	0.06592301092302191	-0.04453086266574242	0.0022111263732470265
X960224	-0.001872741490720295	0.008773204974064353	0.00956259520506615
X960226	0.1836249488358278	-0.0005196660039510728	-0.0034589547496824426
X960229	-0.002117444041802483	0.014288121601301914	0.009306797572643582
X960231	0.003684189906573249	-0.009126286723238519	-0.005322337326167282
X960235	-0.07419603560220486	0.051117844606383814	0.017573171185054394
X960238	-0.00781458780189752	-0.012913109238639378	-0.000654785542639982
X960239	0.0077121772642049155	-0.003248093753957674	-0.007403353176781747
X960241	-0.00272280185379119	0.00278509659645623	0.022203555158789547
X960242	0.07360039937029068	0.006673438381273073	-0.0015963931376920702
X960244	-0.0181962996895512	-0.001561029730145853	-0.041845528304328056
X960245	-0.024197304492069697	-0.050177365145536355	0.04362975851012772
X960249	-0.006325343922676249	-0.03358014479641506	-0.03780534726882184
X960250	-0.024975604794860044	0.035329279461179246	0.03681378901447459
X960252	0.013795164887642649	-0.0006295888692599915	-0.05331828127652318
X960254	0.021461484217560785	0.007765250818349067	-0.029097778627114494
X960255	-0.004284587854250424	-0.017840933170206043	0.0009882046049067518
X960263	-0.001511405734030401	0.007138434886996491	-0.02208147331108343
X960264	0.014259017550717684	-0.014132053772449691	-0.006064775621261535
X960266	0.009391787052342003	0.024164260561283294	0.012852712158911475
X960267	0.03516498559141881	0.00935380242294128	-0.01657008111770466
X960268	-0.012277075110315767	0.020129935685769384	-0.001699496927667998
X960274	-0.005197132890851657	0.003974608148639443	0.024064781905683823
X960276	-0.02041102675228021	-0.024229610756034983	-0.0022297433753559327
X960277	0.08879126794205229	-0.02515128739238421	0.0005441342682074438
X960279	-0.0018980982380777812	-0.03050664075883756	0.04974306703992024
X960288	0.0016713010812671092	0.0186898427250016	0.006660600615961805
X960290	-0.04240704284551774	0.04106153159903231	0.008452401791352095
X960297	0.004021241787143644	0.017548724984697478	0.022950059020306755
X960302	0.015683439934473124	0.01825286635224853	-0.011002067234079089
X960303	-0.004284268720605648	0.01727036435638855	-0.015135234795366725
X960304	0.009088068185802958	0.005130332234723681	0.06578078735465626
X960306	-0.016046339049134824	0.0036729080556600277	-0.03961202469944545
X960309	-0.006950009329580547	-0.15708633696763327	-0.02551490216360963
X960312	-0.04890985563823541	0.04815810037522164	-0.007419814645862272
X960315	-0.004737449222164715	-0.011635352953162181	0.04470129110604181
X960318	0.05754426577043669	0.007336537577822808	-0.01134080654503838
X960319	-0.017426490251787632	-0.04446357143991559	-0.014782073880486614
X960322	-0.014601308608124643	-0.0006650156125944862	-0.0029961855082396745
X960327	0.04968485612768747	0.028129489279244465	0.008340766382356386
X960331	0.0011991502417931946	-0.009335072593358754	0.05357201496768298
X960336	0.09888832007491503	-0.022546902051002442	0.022860292455861877
X960338	0.039775524533701236	0.00460128516608433	0.023520347806834527
X960339	0.004047553552056538	0.006364671244961603	0.010868009656266392
X960341	-0.002493949329612375	0.02419928860680634	-0.007912827788066554
X960342	0.02489750415205176	0.0054530644942765915	-0.05071014369059377
X960344	0.008055120247513621	-0.007517332266486312	-0.008506032713037057
X960347	0.004292760897557303	-0.0201129912894903	-0.010750825691710283
X960348	0.0023287354481980682	-0.005562077755372466	-0.006840819365106146
X960350	0.01517237356883699	-0.007227661701135401	0.010440456587840579
X960351	-0.005142656484260602	0.02135462247478388	0.023128160947278452
X960352	-0.025714316505416796	-0.004764294138222823	-0.014794726191981028
X960353	-0.02923812330505732	-0.02030239431455665	-7.818955616080698e-05
X960354	-0.009589211917023225	0.014387636820687583	0.035916098658930855
X960357	0.036531495173317385	-0.07529726754521918	-0.053757760440052656
X960360	-0.09396943309755473	0.07127302069985186	0.05441307534234233
X960362	-0.01159628480918107	-0.005638358547801035	0.012425676798257537
X960363	0.009800489196803862	-0.020489390133136054	-0.005225280520011094
X960365	0.0014280777676810416	0.010573886013855376	0.0031667902837285026
X960368	-0.025069964036462007	0.029525962494048503	0.043225237753998315
X960372	-0.006437886925030696	0.010473475823448227	0.007902313752666675
X960373	-0.019508437453945378	0.028471958742817306	0.018161013533940104
X960374	-0.030768456010304694	0.027882023439164273	0.01754531654146196
X960376	0.013696473540194083	-0.018902562422234884	0.036573614368630124
X960377	0.030537532929721556	0.0481161452289186	-0.010946002773793012
X960379	0.021986420535584417	-0.0007258537435569431	-0.0239461995922658
X960381	0.07967473314091285	0.016682450264254918	0.037237966619265206
X960383	-0.015888211336504768	-0.04283757181897565	0.01328628841293291
X960385	-0.07557396751348869	0.038107796992164156	-0.05145660920489741
X960386	-0.016327761360620197	-0.05836881368481868	0.014189017669319605
X960387	0.03406256149738187	-0.04529929835799122	0.015264805229200729
X960390	-0.014374277778128339	0.018818225451000533	-0.0019180892309120427
X960394	0.005451317277071679	-0.017599281639277858	0.0017810511477185634
X960398	-0.00258591311036238	0.009608927135761334	0.024911927379598308
X960401	-0.09713988866213281	0.05335989164546569	-0.06816136025710531
X960403	0.0032452442271487933	-0.021729527992241548	0.02317962695136956
X960404	-0.01541747742479504	0.003498982929703787	-0.02362978028907146
X960408	-0.011332494796363574	-0.0036567684049443137	0.007091973517206515
X960410	-0.0401775275946189	-0.010958684892700368	0.024499921129453813
X960411	-0.004456741826057117	0.024354967647930215	0.024060292593340003
X960412	-0.0020000939001627188	0.002012359757735351	0.010529732194940238
X960414	-0.002747473043465809	-0.007274400564762762	-0.02463486235121966
X960419	0.001686404650347332	0.01173242101425061	-0.000841874147262544
X960421	-0.11013126131177914	-0.0013786755453543704	-0.053234855561357576
X960423	-0.0022548878460976985	-0.01265282102635872	-0.005703371033334025
X960425	-0.04860664024620679	0.014738528152355355	-0.08517811021032119
X960426	0.005625327777290017	-0.0060418236281092556	-0.02154721679397762
X960427	-0.0023433304365644446	-0.02453376991613353	0.0154409710205423
X960428	-0.0035545015579119127	0.0005580629565243078	-0.01278401513372361
X960430	-0.00838990870426417	-0.005639576516642243	0.019358277610625464
X960431	0.021410009878787446	-0.004658901117063194	-0.020444988174532806
X960434	0.0040551769002101	-0.024764309247089902	-0.029895436187038087
X960435	-0.008070673579449773	-0.010200923494571398	-0.029871450854116497
X960439	0.005975389533095641	0.014255208170294175	0.026885650832761433
X960443	0.012015729184161383	-0.008942018505807687	-0.018335910991588742
X960445	-0.0013013209280668177	-0.00037986386694158317	0.0099607600826374
X960446	-0.004891819145634442	0.007096976659746681	0.01659662157596314
X960447	-0.022644440064583455	0.004784561221705681	0.022824967620331607
X960452	0.022191726508972352	0.011035431433362523	0.02116766793306401
X960463	0.005889258362660178	0.014988458392327623	-0.0032682661512511576
X960465	-0.1405325664766689	0.006398240680178741	-0.09117899522804182
X960478	0.013216173243208527	0.003523833502980298	0.020577665815018655
X960480	-0.006147624077362005	0.027132126392428964	-0.009643368133587862
X960481	-0.044691409166754986	-0.010501163098010425	-0.05290318535754727
X960483	0.002727957602023255	0.0011255654877039352	0.038503106096390335
X960485	-0.056904363959947524	-0.04119685070809276	0.0354953453138013
X960490	-0.006617660627468463	-0.0005914594180619419	-0.03484070634825319
X960493	-0.01674418808096885	-0.029119557387285135	0.012758008565755504
X960494	-0.015302497602890704	0.07063015224894849	-0.019529017041843885
X960496	-0.006538352908748545	0.002131984373157258	0.010683299306146511
X960501	-0.00895494932163064	-0.010146051385027636	-0.020213298938541617
X960513	-0.0012198187369156092	-0.0089566929856622	-0.026396801849691554
X960516	0.013047580195345078	0.001777094726493674	-0.009442138162576112
X960529	-0.010991021876793895	0.010833723423337029	0.021506900386287758
X960538	-0.020203616124293885	0.0072287107494410805	0.03154913982160728
X960542	-0.0006036340652647771	-0.025204198034768126	-0.02358641261945036
X960544	-0.12397509859207449	0.12429092678551752	-0.07969638259954773
X960550	-0.030486517686757062	0.02074192629724137	0.017995934977234077
X960551	-0.003965125877953226	0.010529225786920988	0.00984304361491862
X960553	-0.0013697545163786791	-0.00586819999948908	0.0041278128187043385
X960557	0.06743658407555723	-0.013754429727193714	0.014057859323363744
X960575	-0.011449532582749462	0.027317686693981817	0.08358525885968882
X960577	0.015730686434040648	-0.00018875173890183332	0.02064440505286444
X960589	0.006093581022222878	-0.020683501386040783	0.0232195258171247
X960591	-0.0026073376948293797	-0.0028851803804152863	-0.01151792986588475
X960592	-0.0916774551873806	-0.03449016112368639	0.06681809367212796
X960596	0.07095297782723474	-0.012547489550689862	0.01674541956496682
X960611	-0.02127882923534575	0.03330692985754245	-0.025317640123300664
X960612	-0.0350957714397935	0.002182239159456698	-0.017287597205793842
X960616	-0.006389089910326474	0.00859547015702463	0.018204259733587417
X960632	-0.014121930036290488	-0.011430563735441084	-0.00489739996784969
X960635	0.011833130369285062	-0.023472068630092362	-0.032118489884416936
X960636	-0.00025283994400766743	0.004780044361291883	-0.009620573428709249
X960639	0.014734922697360583	-0.020560219884139082	-0.03896706806396199
X960643	0.015313197014703697	-0.00879312734784283	-0.02076951745005825
X960651	0.017888257639123047	0.006224782545937992	0.02409943676138754
X960658	0.032746129906112746	-0.005759030550556898	-0.03002161951245569
X960659	-0.01147988604324707	0.010493461046329651	0.00017299545454586273
X960666	-0.00635476446924926	0.016270500338220424	0.019441413731461295
X960667	-0.019710811835266715	-0.024300924692353326	-0.042352366193865246
X960672	0.037518634098934044	-0.02794891244625662	-0.04905998873258936
X960673	0.08284735873755186	-0.06616700055487974	0.008329746036463208
X960683	-0.13876268030675948	-0.08032218034963667	-0.0042200235497051744
X960684	-0.0022789696877959014	-0.02596531310827752	-0.04194071837177393
X960692	0.0884688121213698	0.015529761336693846	-0.021042950649232648
X960693	-0.00461675301819037	-0.0011056002266625897	-0.014481475452099109
X960712	-0.09490973236394477	-0.007887186875945388	-0.00220447953705365
X960719	-0.020041468290171487	0.0009510427142425539	0.021583164593251446
X960720	0.06386197840495231	-0.028115587010456345	0.0603917126374418
X960726	-0.021390265677504256	-0.022759428827278282	0.010076598817009643
X960743	0.012602254797357456	-0.03579171897968133	0.0527475928958684
X960748	-0.04529683796474956	-0.00876531367917031	-0.014345762317830075
X960751	0.009848398590032493	0.006468737926169608	0.014029391898262439
X960760	-0.023811767680316138	0.009638468223474831	-0.006762126537437607
X960764	-0.0946228204211279	0.013206125656624634	-0.037770791332405386
X960788	0.029130502920052894	-0.03529409685202802	-0.018272790927032607
X960792	0.0005186759023403964	-7.490301069776351e-05	0.041393376794937715
X960793	-0.11027123158763964	0.006406359707234176	0.008099144669031113
X960795	-0.022248714785315597	-0.006171534945848942	0.0374709241327812
X960796	0.014522895627226083	-0.002900382317727629	0.01639291212351449
X960803	-0.027547289659974203	0.06405741014710074	0.09127338358799779
X960807	-0.0021434433525268043	0.019116920131264876	0.02670737456788417
X960837	-0.04607371097599008	-0.03354463378276496	-0.02729750526088916
X960841	0.04295043723559189	-0.036551784172112044	0.004803461503319309
X960843	-0.009458911760736608	0.0536590795195264	0.04368486786417711
X960848	-0.005462648614532046	-0.014009562779530695	-0.020848431314009805
X960850	0.012432169666658065	-0.005949364110310657	0.026885127016935215
X960851	-0.061098883946558415	-0.017772292133253913	-0.015635543811477175
X960857	-0.028980480307150468	0.01731911334601777	-0.009438638122480443
X960865	-0.018451936094522066	0.031456619042033444	-0.0017083025967869385
X960870	-0.008946338437350264	0.02680741693705995	0.02359316481273267
X960875	-0.02386795872311495	-0.021080233287940543	0.007839339033479085
X960883	-0.04336847251736528	-0.006674531085338623	0.007725947057730463
X960884	-0.015865193907632687	-0.009927102174848122	-0.016238564839316426
X960892	-0.004497192281934579	0.025324163899558133	0.03376140311763176
X960894	0.0016998467323170168	0.025816718224487067	0.05232247100200649
X960910	-0.01767458646037586	0.009132294146907135	0.009880859550979466
X960911	0.019323030687738073	-0.0005952882304392392	0.01161489582258641
X960920	-0.021244857273348697	-0.07920650763071353	0.039812784518786004
X960934	-0.07076094080673412	0.04478791239054801	-0.05497092301883934
X960939	0.0027457125836360054	0.010099958567260675	-0.005263684476500592
X960943	0.017479056076581435	-0.010417037227158506	-0.012707115256968356
X960944	-0.10836242811533899	-0.04832645930877473	-0.021551932085911617
X960969	-0.00798387623427357	0.035457639116997286	0.039811797051236136
X960972	-0.004037887583494961	0.008270149949366179	-0.03262560282364406
X960974	0.01121567690363344	0.005262314545887014	-0.008320193360336653
X960981	0.005070168517520122	0.01616010814310222	0.013245180171089823
X960991	0.003695460025181258	-0.015267941332271873	0.004666221821438582
X960998	-0.0035503271850038424	0.014402779445657536	0.0437123963145422
X961012	0.019560950676825638	0.03855243146914482	-0.003773468573333844
X961035	0.016490662945353698	-0.03740256463060589	-0.0031995363840731333
X961077	-0.03453606129994548	-0.015497711283442522	0.013561445340951073
X961092	0.02007279018856927	-0.024998894062361873	-0.007461402697465258
X961096	0.007580893276862565	-0.013987050111280873	-0.04974414091415591
X961105	0.0028199822899413274	0.006760297468717789	-0.003550851817370418
X961124	-0.05984105995303692	0.014238201267563345	0.028244533816585937
X961128	0.030237762571856154	0.0006387524033368121	-0.03080928309608267
X961151	-0.009427426036888746	0.01843944636547675	-0.04853633940626139
X961177	-0.008940243627248646	-0.01294204291217151	-0.019964898910092933
X961180	-0.06568413087709454	0.004460072503410313	-0.018129877376324696
X961193	0.02516813329608096	0.0031413690424833976	0.015615960477973855
X961214	-0.019692105861115194	-0.013134480893848298	0.014165859258612497
X961221	-0.01882719598956801	0.0010381314946446539	-0.005815611581388045
X961226	0.07503199375136846	-0.012549594671456506	-0.015429668405015485
X961240	0.02070199151807868	-0.04345423333366558	-0.0825338227912411
X961242	0.027629829209717162	-0.0027191458091035893	-0.060833349444598894
X961243	-0.012816704362521317	0.025831974523999147	-0.021887949843996533
X961246	0.020671735163777342	-0.044206025778394185	-0.03891993082470155
X961263	-0.003954460957573349	0.04328887632648819	0.022117437387540437
X961282	0.012620807266325845	0.019158867155990324	0.026600341715192724
X961321	0.007224247578837961	0.002749112122997529	-0.006357729220338073
X961325	-0.017922072359865985	0.01087327648461212	0.005420777339140085
X961339	0.000897235479844836	-0.001758926859301086	-0.026353020354012872
X961365	-0.016525661679783876	-0.02076206633051388	-0.0010996605237809005
X961417	-0.006168064884840563	-0.0007263256918865055	-0.011909313696881602
X961423	-0.016228564763370732	-0.01091445111885524	-0.02714976476046262
X961434	0.010397546553812156	0.004530041772982084	-0.001616569451068021
X961485	-0.056059768073187646	0.04712173458015759	-0.07500434564265447
X961553	-0.006927067100042929	-0.009100932213243134	0.00036389156524151384
X961577	-0.01260765808978387	0.012109682797572739	0.02095619445613491
X961634	-0.0033671308771464144	0.0032707740008371465	0.014624879138167315
X961684	-0.0008071783460700584	-0.008180090064763928	0.0011567880673890984
X961686	0.015180333440738141	0.04746347312382361	-0.09425179823030709
X961738	-0.02365304262869076	0.0223587513986598	-0.00748766024093937
X961809	0.032488029784585586	-0.024456562879884583	-0.001566557775746038
X970002	0.02166601336179525	-0.005969938191512246	-0.018020694600106302
X970003	0.0030589370032440217	0.010015945693230662	-0.005193165729309565
X970007	-0.0076032002105023925	0.021914704293461686	0.002541220804562344
X970008	0.017924916858290313	0.009168453604554245	-0.0005871352255512626
X970010	0.010870524619829023	0.0004538673392734014	0.019072543995673298
X970011	0.0025049013082525423	0.029289277191519757	0.014448603672211874
X970013	0.013885345361059408	-0.015334732670024834	-0.012901797371007134
X970015	-0.0036463400252566146	-0.0044833406679755826	0.007343417980293444
X970016	-0.03479176773037897	0.03322864641930331	0.0277017896823264
X970017	-0.05310388993224739	0.03200213467137426	-0.04493299905738358
X970018	-0.04432123350004857	0.041558927471289156	0.01158126666553982
X970022	0.011722915688430412	0.002509505740204767	0.008551442751440395
X970024	0.022054744416914622	-0.02522705894327623	-0.04212109370568085
X970026	0.018399167711359743	-0.01808855701622806	-0.04825043334063176
X970027	0.011488629954477681	0.00410278685363531	-0.02336398703048467
X970029	-0.010414521440301769	0.01680107325271149	0.000666234589035989
X970030	0.021628262978038836	-0.02152104748710041	-0.027843516141001903
X970031	0.020010206666393388	0.014240914965878823	-0.045591114715262136
X970032	0.018309993244800288	-0.02699402961339445	0.015021176598720551
X970033	-0.06698435626594296	0.0025997254075085744	0.01828596576282112
X970034	0.021731751943587188	0.009640986142991123	-0.03444369624441355
X970035	0.007030207365463862	-0.006126742622178787	-0.014273052552907254
X970037	-0.011314755567334566	-0.015201669299056595	-0.034508544433854364
X970038	0.01703010808475787	-0.00891465971228234	0.01978648261267347
X970039	0.01118033720937663	-0.003591831348587825	0.006105738593129253
X970040	-0.023426443835471322	-0.0028053745433943788	0.02613209332841301
X970041	0.007547823342854977	-0.008263626314695316	-0.014370927373434754
X970042	0.0016826384883364427	-0.010311785441362915	-0.024259397011502346
X970044	0.0020870762674050545	0.014351174011326509	0.00803608614686476
X970045	0.0872642054890112	0.009983187840592616	-0.026113076468994908
X970050	0.014634186032292147	-0.02498263425335235	-0.054035953238969564
X970051	0.007544906330648678	-0.022578421149078504	-0.02742040918416198
X970052	-0.000894627490580802	-0.016674291085007332	-0.007710102075748457
X970055	0.010628889570143307	0.007702210584183596	0.005029706012412325
X970057	-0.020475080561941073	0.023007190982470626	-0.015330282027757575
X970065	-0.0015698570250056289	0.0010301850064419612	-0.0008058747556315568
X970067	-0.009861421604263858	-0.0005284539372078122	0.012625168444542223
X970069	0.007028684580810404	-0.16292272525596585	0.12067480001993557
X970071	0.005271030045911253	-0.0010129153060743417	-0.007904103510487802
X970072	0.023304335592077764	0.0036557559913379524	0.024569239655008054
X970075	0.017147275100279354	-0.022332558553940566	-0.028610203579871093
X970078	0.008439671118857938	-0.005143639107197257	-0.021217922590329136
X970079	0.01822346531942141	-0.0026391275592037907	0.008058443084812475
X970082	0.028481766422248894	-0.0077952941041960645	0.0078025098913107925
X970084	0.005653699226628388	-0.0029853127854266993	0.014611225791105895
X970085	-0.02151721240988677	0.050245876506808916	-0.007705642181086334
X970086	-0.006036867467158395	0.0021211968146045723	0.0037486191407496822
X970088	0.0176269490301069	-0.01055006703103923	-0.027503222966346663
X970089	-0.004793860710679844	0.014499574875153722	0.028679907430075535
X970091	-0.0045852577554079165	-0.009532253824310567	0.007806075624329695
X970092	0.010745032073535186	-0.039911889545795075	0.028474088223246798
X970093	-0.01659887316805708	0.006869184665080094	0.012848170034542902
X970094	0.02354190834824446	0.013440960893739784	0.020998167565955433
X970095	-0.009645006447843647	-0.027006586519694075	-0.014455806994367005
X970097	0.003465783826735848	0.0064843265233888656	-0.009503208612578288
X970099	0.0021950547138719447	0.02736539008361961	0.019183501785824952
X970100	-0.043410254146506205	-0.0659062072160776	0.05575255110781921
X970102	-0.05827138338816967	0.08356018195848684	-0.02862436489414905
X970106	-0.027111234956319015	0.01436372111572782	-0.04053328702657426
X970109	0.008316972365914064	-0.02498655267284028	-0.05140375583720574
X970112	0.005484369644530504	-0.016918956547507094	-0.04581390080298559
X970113	-0.0038098844277908326	-0.03791980017459998	-0.03535602648032294
X970116	-0.01965946056846299	0.031319517999340005	0.006752528173119168
X970118	0.01147182325834384	-0.016040165911228494	-0.014095517182225776
X970120	-0.01308682612474817	0.011330683948502635	-0.056225901519848236
X970121	-0.017848014715448387	0.03517290824208619	0.03152850785433105
X970124	0.008898658400289068	-0.022042090893936293	0.001940103312870481
X970125	0.019919853327761354	-0.005298053392036556	-0.008131901901125184
X970128	-0.01666156375989216	0.006537346699122552	0.012488332496347222
X970129	0.010239920361041164	0.018351373324399428	0.04528483414720314
X970130	-0.006916899619437808	-0.023001765890119298	-0.0458556857337193
X970131	-0.0025059741053948914	0.0006280517776278801	0.016797806788755795
X970134	0.007971492307718521	-0.0035623061687950455	-0.022217632388842327
X970135	-0.005071704612831966	-0.014876274838611321	0.028627405586529937
X970140	0.009061122976337202	0.01013581696302139	0.011243556987584074
X970141	-0.0010056522195535085	0.00403971452047009	-0.0045853189220836
X970146	-0.017474040791520797	0.01976514377390943	-0.01800205343886907
X970152	-0.028634114402561816	-0.0015728310416240887	-0.004711895809552998
X970154	-0.021647601539718037	0.006184399821015644	0.07438565963842511
X970156	0.009694099885951674	-0.0356104180968939	-0.10995970084903826
X970157	-0.002576350717214984	-0.0073913588624750365	-0.007469575199998056
X970158	0.04337287570653626	0.015602838483623637	-0.023851675225952083
X970160	-0.0012784756994810606	0.01907938442132578	-0.0023168024982134997
X970161	-0.032551128695253194	0.0039697877693762925	-0.05789884197891653
X970165	0.013650054124837488	-0.0051797919887084515	-0.016107146330187887
X970166	0.013891165326761719	-0.023073818819910483	-0.026061019949073085
X970168	-0.03352886007262721	0.010577049962315153	-0.0030930712704808857
X970177	0.026650325636162094	-0.010648357826182127	-0.027869870913400614
X970179	0.02356647316711959	0.007610761292630028	0.016017038898579857
X970180	0.014193389692602417	0.0037365425890142964	-0.00027025542164992993
X970181	0.017428054208643014	-0.00674679273135814	-0.013105824902654639
X970185	-0.009475092159286078	0.004929183754053455	0.009301268105367683
X970194	0.008976403186840813	0.010267279188875272	-0.008042196258470165
X970197	0.009862648537915828	0.00034545943232900886	-0.027506562516789707
X970199	0.018683481973924644	0.015882347591203137	-0.008208476067960751
X970206	0.03528225360963328	-0.01993083875076074	-0.017499890444282528
X970207	-0.026286915762780354	-0.0230046509107175	0.01654199680017407
X970209	-0.01759134514863158	0.03264466494432387	0.00914501572284273
X970216	-0.004373819096325554	0.03248550570664433	0.00744021650056813
X970221	0.004809741724513928	-0.010974263095834304	-0.03958199171921698
X970225	0.011358102629996097	0.01328265333121358	0.0046508967138599745
X970226	0.011134557017241349	-0.04212957777107306	0.027936362157459628
X970227	0.007162636621734333	-0.00042941081283725673	0.015299039650343729
X970228	0.0016782508528826849	-0.014956786228082893	-0.042407917912388134
X970232	0.04223481910018234	-0.011071182109686733	-0.004432848078898884
X970236	0.004689662961779602	-0.013142558656673783	-0.005315430331144146
X970237	-0.011607132370645172	-0.009643613135363894	-0.022672728348189158
X970240	0.016592504610257446	-0.018489179272806237	0.020663861340850027
X970250	-0.002092418520940426	-0.0015599351972767335	0.02675523093084077
X970251	-0.04785681756448923	0.014157790461413244	-0.020373311463224412
X970254	0.1607443424274141	0.022441878567844076	-0.010610660314878359
X970255	-0.029918078547235445	0.020782396210254923	-0.020062900543739517
X970257	-0.01128629377642877	-0.011969793622429302	0.02180709358020008
X970268	0.011567566215594485	0.0028936777745966363	-0.044021286244362676
X970269	-0.02170168892138495	0.006027634568884996	0.02193783730692867
X970271	-0.025502237354297	-0.032856451605127526	-0.033123386511239486
X970277	-0.010494662653461391	0.0035188876377643314	-0.02463441280803458
X970283	-0.006234385947211262	0.01731095008039691	0.0009734056997022604
X970288	-0.016752679157339558	-0.04093211605209298	-0.007692383286926974
X970296	-0.05418359706379289	-0.013697453333777032	-0.011072381020576253
X970299	0.013334475873233519	-0.0017642995232978712	-0.042135627206003876
X970307	0.01674021976482586	-0.016636825704678365	-0.007220932115755477
X970312	0.011232557335362608	0.006971101231391824	0.015888294773357157
X970323	-0.005134403032030155	-0.0007823543066794373	0.010902511147078653
X970325	0.011784291956490802	-0.01239340842138961	-0.0031359130227191535
X970327	-0.009544017193367116	-0.011387651714551632	0.008509304448521247
X970338	-0.042938640996460234	-0.0002215118576762824	-0.00044217603453351484
X970342	-0.056877089696745396	0.006921385311625022	-0.0021304851823649765
X970343	-0.048759908603054965	-0.011608713818274673	-0.010847620875709157
X970345	0.006416152639734905	0.0028101725797873675	0.004831018116111211
X970346	0.03785621444096918	0.001783716005453403	0.06290422816526935
X970349	0.0017173210573711059	0.026338637460974923	0.03797760488700326
X970350	0.0065094743685688	-0.020777903065943633	-0.016389936059464878
X970358	-0.01204320349481406	0.016466758987052688	-0.01913393350818369
X970359	-0.013053679066441795	-0.013645644773286773	-0.013939780721379169
X970361	-0.022162653021407526	-0.04939738415870094	0.03174384566366713
X970366	0.02096131488989688	0.001850499062764471	0.0032578292695094185
X970375	0.012244592038525948	-0.022826529251675227	-0.012121707016616157
X970380	0.014413130570077965	-0.030041209700124923	0.03581896162810846
X970381	0.025605298153748245	0.020793011779356236	0.014456240654227175
X970389	0.09682404282516086	-0.040210299032764754	-0.02546762633777922
X970393	-0.04842036733778002	-0.01073569710166727	-0.049591438997275035
X970411	-0.0058419041742262525	-0.019897445983268675	-0.0021065386781870333
X970412	0.012033933064532275	-0.020040199517881923	-0.028405944541751917
X970414	-0.007058054007875887	-0.007883492057468045	-0.004818467139745905
X970425	-0.009743451246397057	-0.012762816606064811	0.02358220476625711
X970428	-0.006525379362084817	-0.0316471657610936	0.056062070186863905
X970432	0.02972002296870686	-0.027062933739068533	-0.0068909678332483735
X970454	0.02056535695470693	-0.002416393115054664	-0.008160167886336087
X970472	-0.0039360294484556	0.006910665795372524	0.0025479652373714976
X970474	0.02747091585597935	0.010495523915464372	0.002675847972078344
X970480	0.0010251331096474674	0.019003975229163424	0.024429500158302194
X970482	0.07914064566456402	0.01596179342575636	0.014411599888122949
X970497	0.06023217282754517	-0.011718166198427206	-0.05620243672397157
X970502	0.007731597902460911	-0.07504055662524116	-0.0038932945690999896
X970504	-0.04233995218484121	0.05645839080426448	-0.01982188788348588
X970509	0.0046845737761414845	-0.029248504695633264	-0.03506373946610875
X970512	0.0026889928573587294	-0.006447817147669402	0.00023892138625156107
X970515	0.00587462875453663	0.024089936999530995	0.04022270533685792
X970517	0.00931509288151895	-0.02316888502372493	0.014408248571943442
X970519	0.0015612735244213	-0.0032959198485872283	0.0066736525937234155
X970522	-0.004201935203946986	-0.02046590682821157	-0.014946534917465823
X970524	0.008855628673835058	-0.003739072371987946	-0.026656072245623053
X970533	0.003705745468668481	-0.018241068173018776	-0.04604791658162233
X970536	0.01424741416379371	-0.001188920006286235	0.005063571764806134
X970538	-0.018906976469220203	0.01980716701356497	0.04376399254264373
X970543	0.01650318124584553	0.01204247251858652	0.005112224153134421
X970544	0.004717381565866071	-0.03693714626892002	-0.026599131626284928
X970549	0.037060414241758405	0.03895031884132028	-0.016255472679579025
X970563	0.02228548669273391	0.01956666470064303	0.03094922467185153
X970564	0.0019853625539704395	-0.0197100694245896	-0.03610497426569531
X970573	-0.02553172011750104	0.015903083187087913	0.05933211371931837
X970577	-0.014557926862897029	-0.01648036719351085	0.01575313719389916
X970587	0.009275786754517706	0.002354213572674804	-0.0034283594785757495
X970599	0.036089165784381885	0.019206585479054274	-0.015452031525364288
X970614	0.013739294329177256	0.0053051338343017606	0.002093097581765647
X970625	0.03762191686940189	-0.0032250146414909884	0.017077906627763935
X970633	-0.012717833316459733	-0.020084685438396317	-0.033519140845666894
X970638	-0.007204265064876588	-0.03296870235699646	0.017915825141220292
X970649	-0.01283068482106511	-0.021310707207993558	-0.031857577315718935
X970659	-0.006296109235816231	-0.0006606432596953484	-0.04605390259326386
X970663	-0.013339450796009214	-0.005030872445054246	0.011681999550841636
X970664	-0.0030559169975033773	-0.030390503416290605	-0.0013951240147012196
X970677	-0.005265580345426214	0.006497232141172065	0.010060711079123381
X970680	0.005544412401005464	-0.01430103292954098	0.006503685636417475
X970687	-0.009027679334287312	-0.0263845846370332	-0.0011104164971663917
X970688	0.005191251940265831	-0.017385075189169544	0.004377213609260042
X970692	0.006481898991225097	0.007144487002506684	-0.01032937599287927
X970706	-0.012202436808213627	-0.047255499792065565	-0.013862957660446982
X970707	0.05152132983406854	-0.06891686470870684	0.05212825899752944
X970717	0.014376728772992087	-0.006391833650745974	-0.0386371518456763
X970718	-0.015424149538807034	-0.001266970052803426	-0.011380631897961723
X970731	0.009314478576835854	0.0010228849165219171	0.01692862659035791
X970732	-0.015043961399533274	0.011384479131717489	0.037800748777041024
X970737	-0.013353334755394224	-0.025521810883711086	-0.034448612009258674
X970745	-0.01300512228998933	0.009309089029082675	0.025307197130869506
X970784	-0.007852558876429924	-0.02045440462699682	-0.02460290168830464
X970791	0.00879545847479693	0.055144293227081316	0.0012319032489708204
X970813	0.0046602984396741124	0.00892394321140324	-0.006730050455324668
X970860	0.022090349716988637	-0.01320678108210784	-0.001437742186422976
X970932	0.011206180787210902	-0.009722587860527725	0.006282736646145911
X970960	-0.02616282315885074	0.037281133665140034	-0.015891901438968375

Biplot	0	0

Site constraints	0	0
