Eigvals	3
27.83029132160098	22.52056476070172	10.527064407857289

Proportion explained	3
0.5562039283714869	0.3642143908741354	0.07958168075437763

Species	12	3
Propionibacteriaceae	-0.7156493853947935	12.784879887737702	-1.4710453569240163
Staphylococcus caprae or capitis	-0.5863928523962884	-3.6170574224807277	-0.8888604901795969
Staphylococcus epidermidis	6.002131064174281	2.6128375428530677	0.9792014208942834
Staphylococcus hominis	-0.3142544529115933	9.24171656133955	1.256717415578856
Other Staphylococci	-1.5630385981559711	1.3659163955826101	-2.2954679972459435
Polyomavirus HPyV6	-0.22515972863995357	4.530692130753667	2.3682445680819404
Polyomavirus HPyV7	-1.1273580933711067	-11.956945952021	-3.485499599959493
Merkel Cell Polyomavirus	11.390173231318895	-2.4134696449725244	-4.800217750008935
Malasseziaceae	0.9316333208947234	-1.0848807889701462	-0.18731165580975376
Corynebacteriaceae	9.433049555458608	-2.45845620354444	2.27710539479419
Micrococcaceae	-0.5561161635976258	-7.621026383866079	7.27836385674547
Other families	-22.66901789737919	-1.3842061224116695	-1.0312298059670062

Site	1225	3
X940001	-0.010401115974467426	0.01050137546036856	0.015479427626635425
X940002	0.0010166472893773132	0.014553301939053333	-0.0048111871762223065
X940005	0.0006828458061013824	0.01585022661997406	-0.012122768048366843
X940007	-0.021681500349682196	0.008259385436212806	-0.013483394030482534
X940010	0.027755959279782996	-0.01613085510070058	0.028110067673702648
X940013	-0.010655223718669334	0.006733449452806663	-0.004292681328944764
X940014	0.18405674176446374	0.03254234951716705	0.11079255911126012
X940015	0.0013239443678408499	0.010409596140543115	-0.008508710078008684
X940019	0.012304074144641786	-0.004299012243470058	-0.012997130328636895
X940021	-0.11407435448205903	-0.010180192137354528	0.026164003233834294
X940022	-0.031170803458911357	0.002292299832107299	0.0028765616136649922
X940024	-0.011575897677417625	0.014188845764567843	-0.0002312934433989851
X940025	-0.017865781883694906	0.01651800376402753	-0.008863583494352097
X940026	-0.006420148517701313	-0.031980253551315556	0.024844644541611203
X940027	-0.003705246527606468	0.0015427880656300225	-0.0029138361897138995
X940028	-0.009757557832934569	0.010406742650568224	-0.004138903118630347
X940029	0.020087126242304774	0.004889559589688798	-0.008002922816169284
X940031	-0.02664104535349863	0.019850962607719642	-0.0078701506632173
X940032	0.0003331781307971074	0.017175965979234032	0.001917706595396126
X940034	-0.025100264720770055	-0.031881360649979845	0.02478708361198011
X940040	-0.047115170281988285	0.01847587151867239	0.004726295571417238
X940043	0.015875242605299947	0.012027496333122839	-0.008090569365341563
X940045	-0.022462494123029527	-0.020973451972279632	-0.07168665729771949
X940047	-0.11626225971279695	-0.01943880177800769	0.03951832406607708
X940048	-0.022663401182743972	0.028361011753875214	0.0052150706045941235
X940049	-0.0009777666668080202	0.002470385305459485	-0.009147701233525634
X940050	-0.0006026945418793292	-0.021613715857314256	0.011916655645322191
X940053	-0.029142356842801195	-0.006917697084868312	-0.018630339696238767
X940054	-0.05787655826216148	-0.008989871527695377	0.015230841808401572
X940055	0.017978077531735012	-0.01998164538512087	-0.05457362725342012
X940056	0.006565589657184928	0.00767697384070884	0.04352804640726347
X940058	0.005841678650861816	0.014363675199961082	-0.007640982095538709
X940059	0.020749125539469025	0.014635513749620565	-0.005373455912816241
X940062	0.011178525327996977	-0.03309782211054197	0.011263894958371788
X940069	-0.00769116243326412	0.013257963443328195	-0.0024376256881985694
X940071	-0.056618283629064556	0.005799340495572141	0.029937288262376155
X940072	-0.00047013467456137294	0.010258986957297248	-0.0045291943979289115
X940073	0.03921432010876938	-0.09773469904070144	-0.017985788634795854
X940074	-0.05065462360222541	0.0012613306759437736	0.003668538051080681
X940079	-0.036569418990078054	0.07367441544923183	-0.07875464793347366
X940080	-0.028881778599895908	-0.002943611025392142	0.010217378467943631
X940082	0.016932580836449926	-0.018409727812061485	0.011837445193786997
X940084	-0.013983179787865873	0.020870850595552215	0.004381495787916764
X940086	0.013646199306047829	-0.012081030321252705	-0.0003424875556990945
X940089	0.014409368728178617	-0.008266400131788042	-0.026752832195183592
X940091	0.025820230023747153	-0.05589000902275082	-0.07870915335436511
X940092	0.02768703056172164	-0.022838453062647014	0.019541854831981342
X940093	-0.008233903086282232	0.020722975534014615	-0.0017033774032242928
X940094	0.145870988798561	0.013758298970136819	0.1300162682392671
X940097	-0.006368561774028348	-0.002152188988026076	-0.008547754672062082
X940102	-0.03544741313123941	-0.00042076463230626774	-0.01970599702835912
X940104	0.005325152341828979	0.004323594806114271	-0.003999887787843904
X940108	-0.0026170990947930184	0.019102768116340714	0.003924528785480726
X940110	-0.0224829784444136	0.0649635015138448	-0.019401027115468514
X940112	0.01065749902430721	-0.0012055769091629585	-0.04575054227238774
X940115	0.04860669576992887	-0.028414490675681397	0.03917816615355286
X940120	0.01764358109344677	0.032362405870829	-0.005039480008855104
X940121	-0.021015672880928545	0.008580661739048787	0.008035326090106782
X940126	0.0019002842511297773	0.0077056181710397605	-0.0046168492875064875
X940127	0.036491797162961734	0.0483306319963765	-0.00769918599795968
X940129	-0.0014372689412804277	0.0019222629704243321	-0.020267366806107114
X940130	0.04255568763717444	0.04162010002010193	-0.03691805849934597
X940133	0.04553790449841543	0.019706483959548413	-0.015396962553773078
X940136	-0.0004030355147229273	0.008383134330015508	-0.005062753461611224
X940143	-0.0041568329616551375	0.009300479255484245	-0.011199419963484426
X940145	-0.005916542493451197	0.010082242773359522	-0.002183915769918443
X940147	0.027664375288256382	-0.006362072868801644	0.029848007491283832
X940148	0.011006495617323198	0.01567125799323763	-0.013226100579939646
X940152	0.0052877106708785595	-0.005543474277331034	-0.0004513287986172678
X940154	0.018204160261933625	0.019638912391186526	-0.01171517977000639
X940156	-0.020455794011782335	-0.016958241827679257	-0.0020999487769234352
X940158	-0.0032251362051645954	0.012423438907367853	0.0017291382407209485
X940163	0.013955178493598699	-0.01945017408947686	-0.0011029010906675892
X940168	-0.0287814693800827	0.021760861536153777	-0.02006357740764273
X940174	0.04131516986690077	-0.0523445860737717	-0.0792375972550504
X940176	-0.02250476168314975	0.012320058901886114	0.006469015687657686
X940178	0.02680266562987592	0.010037521065616938	0.005236265882367509
X940179	-0.007187603724265676	0.006058774425102838	-0.010763444232136902
X940182	0.012067739494663597	0.011450039551706058	-0.012147778534401757
X940184	0.005731063615000049	0.02877306405051466	0.013721160799267142
X940185	-0.035396867024546655	0.007173098923416435	-0.03261507058446867
X940186	-0.013434389179216731	-0.010231966398096445	0.002248860611452085
X940189	0.01824362156478162	-0.00906125529024781	0.00821571316555105
X940193	0.012863815609209267	-0.02412819102787855	-0.047581318956746076
X940203	0.02720456718726831	-0.019427016293947014	0.00544506649835066
X940211	-0.014364822729202944	0.018109760008711086	-0.004407913896009593
X940213	-0.0012020248023422652	-0.046241641245712485	0.02208230801422572
X940214	-0.016915357478625603	0.004744760795276045	-0.014052005374155564
X940217	0.004687081928611617	0.014492910789139958	-0.002851507617773481
X940222	-0.001821537444820604	-0.03197525613574515	0.001536121657965797
X940223	-0.135551302136536	-0.01937828857425128	0.05485367766127663
X940227	0.02733259432149558	0.006038926741189992	-0.015571783820473025
X940230	-0.0037525744166700633	-0.03036676201340282	0.012920550752215083
X940232	0.012108043727152958	-0.0024280042924380908	-0.022590865562031832
X940233	-0.020299179059949452	-0.029884155340555003	0.03668937529644265
X940237	0.0173731616812934	0.00187406440276328	-0.005366884598451715
X940239	0.03605876407108943	-0.11315126153137055	-0.06905966005176681
X940244	-0.06340167670559543	-0.020019609699031285	0.02995720047820915
X940248	0.017255508594443657	-0.0006709846935801043	-0.024776792906369315
X940251	0.022216775895425388	0.02309304632414273	0.001388595935969764
X940256	-0.0062754851341109835	-0.0007503558984280847	-0.022733166016896362
X940259	0.018373151910494694	-0.006989279295767113	0.010937094849221287
X940261	-0.01990737408415746	-0.0002411259460289222	-0.00012124528019993472
X940264	0.020736793104345435	-0.03029004428406483	0.0031448359599982882
X940270	0.012922942966168503	0.0100841617195305	-0.004972317408103065
X940271	-0.051470594299933545	0.026063428657944167	0.005786897691326345
X940278	0.0071938298459169525	0.01441843451140859	-0.0002927426562488457
X940281	-0.024839094656491544	-0.01952490388009237	0.0067156796601940075
X940284	-0.01832895115189898	-0.009745808512251332	-0.013268836259009417
X940286	0.04314091814936404	-0.033329903013616116	0.09634599640509722
X940287	0.008447694559671174	-0.013851546823908052	0.03072833302479982
X940288	0.010293486232549044	0.005141318676647041	-0.009623214734177299
X940291	-0.005652943155289064	0.01607200598796125	0.0017424065309437978
X940297	0.010237019142204108	0.015137538985819538	-0.011531182051401521
X940301	-0.00040945721556212496	0.017126655282568883	-0.006124759535880406
X940302	0.0025236048885332956	0.024216209093629683	-0.020344154151300118
X940303	0.01297104230439824	-0.016353771202696477	-0.03477200686139732
X940305	-0.012775509673496662	-0.004468151945647457	0.008179272024293294
X940306	0.03260683655199658	0.029932210495872334	-0.03301033674355553
X940309	-0.0055714593041772415	0.016343305601479514	-0.0053477475658656355
X940312	-0.02789830214919877	0.0641238886920246	-0.02033383906859679
X940314	0.005233756977929556	0.02063149780724881	-0.011841072573121557
X940322	0.03333827813827753	0.030663660779347946	0.039574347436026905
X940324	0.0064222260852005875	0.0795425009174515	-0.008086598425054211
X940325	-0.024847970661279736	-0.049463327452317754	0.024920120409421764
X940329	0.012755957274244646	0.03453267650391748	-0.054736100512300746
X940332	-0.009446429333332302	0.02160586978695325	-0.006390604396037109
X940335	-0.1239585660630848	-0.03683323816939555	0.05272244532991268
X940338	-0.019760998897637383	-0.01409230840133302	0.0008898321182208704
X940339	0.007208164860978361	-0.024464565807084566	0.00893203517624217
X940347	0.011244829977434794	0.006171498086436965	0.005513071261606703
X940349	0.006881358783443356	0.03123366034956012	-0.006188823404521196
X940351	0.016153518288529015	-0.011638069499251372	0.0002718167472799794
X940353	0.0031477558300381575	-0.037155398399077444	-0.03372358488522034
X940354	-0.014715362391375318	0.029850006236881416	0.012922938452948177
X940355	0.07375677948418201	-0.05072363836527669	0.02165002759464964
X940364	-0.05502381867694432	-0.004307075986627988	-0.01981487641568158
X940368	0.0008341915620866241	-0.03598035165269841	0.012123224240979094
X940374	-0.009013701130276103	-0.005654088353481266	0.01269382845772524
X940375	-0.00013189775150871942	0.023166259473797333	-0.004539537710998211
X940379	-0.005157780105176221	0.005344466103347364	-0.005304143893292525
X940383	-0.03451889571049824	-0.001414493805352328	-0.011201664603549476
X940391	0.011796524608538441	0.013992669082250568	-0.012027556182209728
X940404	-0.012212912720029636	-0.04045818283230727	-0.004947977182570111
X940411	-0.003941742444770776	-0.02568138194021379	-0.046702118481416977
X940413	-0.010638488819866045	-0.06738741377256655	0.05438687182240875
X940420	-0.004532761656695747	-0.003680049404029194	0.0237085546091381
X940443	-0.02600096256309515	0.012182696085755323	0.020328980540168688
X940444	-0.09321916740756066	-0.0055232919195009065	0.02405130920746886
X940445	-0.05623165741484769	-0.025984419253288166	0.03059491894239343
X940450	-0.011760958202973645	0.02050412671584671	-0.0038941610246882967
X940451	0.06458072402804393	0.023527646407428465	0.19232221099802632
X940456	0.005908240467325804	0.010228153663932973	-0.006322416330469696
X940465	-0.0016056143879249198	-0.039825908822268746	0.004069775653894373
X940466	-0.0009131672934089459	0.011130180607237727	-0.005641414764959934
X940474	-0.04205351971603704	-0.016920373649363704	-0.01748600318243509
X940481	0.011550719385288703	-0.023582934111820743	0.008388283449847017
X940483	-0.04323997548827064	0.02179089800639493	-0.009134322402574545
X940484	-0.015625420317210478	-0.029724081825000356	0.0036126827359511575
X940487	0.009644346178976018	-0.00912745250137258	-0.03225177121907498
X940488	0.001306900034197519	-0.024060041658543162	0.010019443358434226
X940497	-0.026943708400024077	0.012985046144858414	0.011748979413212943
X940498	-0.02592218233008993	-0.07230858873425028	0.02822380295761783
X940501	-0.02417197917176929	-0.016278189822371364	0.012388171562815421
X940506	0.019558441309848497	-0.01862965405756051	0.029165385654004693
X940526	-0.03728485787903076	0.024815732407555104	-0.0010756276175483167
X940529	-0.17736730738428053	-0.03943201912961014	0.07820593909004175
X940532	-0.027193385274729434	-0.02584727900985773	0.0016725734182140885
X940534	0.015018600301296363	0.013124392403171935	0.008166385010116267
X940535	0.026153520056458962	0.04488395461044025	-0.0012997332858233127
X940540	0.013706168304907949	-0.02134909442189777	-0.02197018610197605
X940547	-0.022854625875886138	0.023827712274471557	0.007388594677680715
X940550	-0.007750779357950711	-0.020094328249296287	0.017822541196036854
X940551	-0.0035906127426924652	0.019038313885256907	-0.023469231259338814
X940555	-0.00010259489397298051	-0.0034993393088231894	-0.005239092810898379
X940558	0.01761292104057494	0.024628853258468964	-0.005083649964813091
X940560	0.04722020360206651	0.007199860032769219	0.14376241574146986
X940562	-0.08613970644663232	-0.034905424494485734	0.02358569429483928
X940570	0.024769877216342023	-0.023295197957829427	-0.002356630160733761
X940571	0.021737693983668163	-0.027632704784168984	0.012161737272037513
X940580	-0.024186563489194842	0.00970327067013766	0.008999864111395351
X940584	-0.00852455466447047	-0.010631372493604848	0.00455754087661757
X940589	0.012960725587674532	-0.03248742036903346	0.03844110320087616
X940598	-0.013393754105495783	0.01554833802213427	-0.00524045969737059
X940602	-0.1491589121275072	0.0035988479086174097	0.05576679527869321
X940606	0.01697965916475401	-0.0004369504738731444	0.009222221762251891
X940612	0.030623682942144854	-0.0045670768274225625	0.011092681341331637
X940623	-0.003872555119048639	0.0009897744302387172	-0.019022829856132448
X940625	0.005877158556978314	-0.04617791298712639	0.05415069865438696
X940641	-0.009387716056225725	0.022258940980490992	0.0004448976534473705
X940642	-0.0035165164460253017	-0.013139593955833908	-0.0035854039958645684
X940648	0.002959173889505915	-0.061157387113489274	-0.024625367710263576
X940649	-0.005716732746090794	-0.03937305453956132	-0.01063363033155549
X940652	-0.002493850634541477	0.016982196415030668	-0.001004144020823473
X940662	-0.02588391866611928	0.00822831679865835	0.001861487294445082
X940665	0.0013606546755817726	-0.013287530150282683	0.007061736876252944
X940674	0.015320754126515243	0.007793770252230054	-0.005345316241772843
X940689	-0.1698783070194549	-0.03018376517509461	0.07755811254613536
X940690	-0.03475726903354274	0.01161123738303947	-0.0009324209607343831
X940692	-0.01836488442162945	-0.029761956150601045	0.03006478769980351
X940696	0.013318474903318092	-0.006675085225247679	0.03139384398342214
X940700	-0.023864978568181195	-0.0071616253431649015	0.003852324906830604
X940714	0.008580435288966815	0.0020888016134208735	-0.012082735459805592
X940721	0.007851426960483222	0.18747663805518394	0.012787410395395396
X940727	-0.0009996582037807111	0.017804618858084705	-0.002919288752084639
X940748	-0.0014620606208617067	0.03293437918445978	-0.008227338234147166
X940756	0.01169735916282667	0.006188636707193479	0.006226416218545271
X940761	0.01674445514424572	-0.018541709424413945	0.018713529945572734
X940763	0.01660784387559709	0.0328701593555253	-0.0004720168091692979
X940766	0.016088017813435426	-0.012776396437397461	0.018062626669669294
X940769	-0.06040343054518834	-0.04777144478143319	0.022107182290779508
X940775	-0.0016062695189953304	-0.0019065190260026403	-0.00547283601264238
X940778	-0.019115330732774206	0.014902939371775526	-0.006731604581016694
X940786	0.009838431406955214	0.008143359915045067	-0.012937115500889192
X940796	0.021556552265389925	-0.020481602357402085	-0.0012177699056643673
X940816	0.0015339531340643816	0.0064260185391475455	-0.004374937227629915
X940819	-0.03414034006694498	0.035645757369706974	0.008069963735446323
X940820	0.010628976731841499	0.005950128491326994	-0.016983096406536745
X940826	-0.007185160673737284	-0.029503094693297947	0.026697072453578097
X940827	0.057244501905143165	0.019077001690191234	-0.04978459178893404
X940833	0.01978671054829109	-0.003905088492698648	-0.031815292138668926
X940843	-0.03130949936683834	-0.011671430838824935	0.02131301844899688
X940844	-0.08486346440469138	-0.038409127061051714	0.018063087379708964
X940845	-0.002493261296272379	-0.006134729653179615	-0.014816127914727204
X940847	0.01501315513507457	0.017812485925041324	0.012040329617056273
X940852	0.005151026449211535	-0.015723405433316816	-0.015941631275864978
X940863	0.029615195856792113	0.01871059784793066	0.012674414221487374
X940871	-0.006844157244775358	-0.023468525165687246	0.04662658694702172
X940875	0.03158882491822508	-0.00382844770085122	0.010456884813410268
X940882	0.0014812990749555341	-0.007326135025877142	0.028175609815596536
X940889	0.014724523628472071	-0.007964798086132692	0.006273991804626021
X940892	-0.01789285909049154	-0.02725315819675151	0.011992160418330136
X940895	0.03257970079517617	0.009390689681079433	0.011119113958853472
X940907	0.017111204136002176	0.006183553253655173	0.0009732447078684631
X940912	-0.025151936176077767	0.010740585232053205	-0.0064508712888784285
X940917	0.012753898544695337	0.000782527153116808	-0.006645247284060552
X940925	0.03291468464686348	-0.08666515988345051	0.05410332156766911
X940936	-0.01880260804005633	-0.04423085340996849	-0.0010266258397845058
X940941	0.017270298658522153	-0.03123427424376077	0.011571696093178489
X940946	0.016555506310600904	0.006359142461760894	-0.011919197689583274
X940961	-0.005880643048113487	0.011251670265785756	-0.006785499780105431
X940966	0.012610420866596573	0.007987645878448066	-0.010437000361143069
X940968	-0.025867060602391224	0.029321594067318674	0.0011300658446541589
X940984	0.01674846021426126	-0.017910026060080478	-0.06395759584835678
X941001	0.04016595028403757	-0.056381175432656035	-0.010138682301132431
X941014	0.03487309779356287	0.026639282085732192	0.18187150392411636
X941019	0.003863034786578042	0.01571717462982509	-0.02342876054479929
X941024	0.000450016801874714	-0.01100913119599021	0.022213948141781174
X941028	-0.024284647343373555	-0.03745345646880925	0.03374477661802862
X941037	-0.1557096030452162	-0.0308455057519533	0.034945841388947005
X941043	-0.0029029602451964365	0.01940826141799839	-0.03031489831761305
X941046	0.006843743824851415	0.0165318027937016	-0.02324341428803152
X941049	-0.05805096474699815	-0.0054952968447263715	-0.014550118656098307
X941051	-0.007225449203608318	-0.030799237035880663	0.04169389049903473
X941066	0.011662778448462256	0.01703712315908122	-0.011023817001574879
X941074	-0.03901648935431181	0.009921769742118575	-0.0031792711391113743
X941079	-0.04188094994521436	0.00026976324876826224	0.008732738057762713
X941080	0.04729669702077756	-0.10232114489965492	-0.01454079009008782
X941091	0.005496193881819147	0.014844524304596313	-0.0010037760384742618
X941095	-0.08482222632413156	-0.0010332647345035737	0.04131795959488731
X941106	-0.008104826688567261	0.00999571333296002	-0.00205804925831521
X941118	-0.040963696007191436	-0.02887267401123029	0.019515796052471196
X941124	0.00296940573217975	-0.025484998338450467	0.0012899414897365377
X941134	-0.030652811112607512	-0.013668918764488206	0.013184481155270962
X941144	0.000902795962681904	0.010024354822570516	-0.018851025905315746
X941153	0.010362545777180734	-0.013621124884153568	0.016053821023458818
X941154	-0.0034462320903161326	0.041262379094139594	-0.008031512750759449
X941192	0.03281121804990945	-0.03671087008185038	0.07768610724021155
X941202	0.02992444225070776	-0.012301283882462932	0.030298699413187358
X941204	-0.018015599916128708	0.013070887039875237	-0.003826851638698921
X941208	-0.10361885009610766	-0.024882852999091244	0.027006403900924337
X941241	0.043772147163355084	-0.060807430681085725	0.10430542549533443
X941250	-0.05127994182556314	-0.00184289618548099	0.009358877196215478
X941253	-0.015793722482102333	0.014359509395466673	0.0006657093340214663
X941257	0.029593683863928525	-0.00598913264824643	0.01234116377452861
X941259	-0.020652306386366566	0.01037006751783921	-0.0027766119957520524
X941265	0.01857765953115609	0.013009688612740652	0.020569620320912592
X941274	0.011649811451506488	-0.08100881711841627	-0.02116061362852877
X941308	-0.03886926742954129	0.011069411188012867	0.0009466627271831249
X941315	0.021467953544795228	0.11308801545640482	-0.022217932578874108
X941320	-0.0025952483369534626	-0.016619360112549483	-0.010949467420678326
X941321	-0.014722960988152421	0.025985235178594843	0.0060396164345217105
X941367	-0.00444154526154124	-0.004355318956992341	0.015168449742445583
X941373	-0.03155379334275509	0.02076859237629027	0.003650301429847292
X941384	0.02740350602769204	-0.047805314491972895	0.05132168015745659
X941385	-0.013486792339220132	0.01579926542142337	-0.00775814861814788
X941392	0.09081988538780027	-0.02144537840822841	0.230023984648325
X941398	0.03203179019793557	0.02923438389593299	0.02627506379253514
X941404	0.011725045022213882	0.006442498312803981	-0.011095137107763121
X941408	0.011821752895214636	0.0033455540828205696	-0.009342175372816893
X941422	-0.004568738445226626	0.0016728157594027594	-0.005579179986745698
X941439	-0.02819331856813801	0.003049003155953288	0.011545673595994293
X941445	0.007598447517855518	-0.0816737119059759	-0.028693624724949452
X941454	-0.03624163116624684	0.051438446709610404	-0.007993390580408698
X941460	0.01310116754526674	-0.032760186526638	0.008502434159951423
X941462	-0.04493381639893117	0.002591904789199349	0.006530567758027699
X941464	0.03795189053925317	-0.01704155446791847	-0.023429061428626313
X941503	-0.01853832224462978	0.02401534035789311	-0.047206699298978604
X941519	-0.0012115546201607339	0.01794856633654695	0.0005234398315285291
X941530	-0.0013807812702622511	0.010255382771241078	-0.013263339953014852
X941547	-0.006149217643843537	0.015023661089918917	-0.007369770325957884
X941582	0.011026641915159214	-0.08237526390746201	-0.07828317685985811
X941617	0.012637439806685418	0.02531366454081949	-0.014672185383898558
X941623	0.003395009971030297	-0.022645853334755297	0.004284446767811597
X941624	-0.026586037263582055	0.006766649434559344	-0.00020035064739980623
X941639	0.012258274374916178	-0.011845281344462458	-0.0017435237019140502
X941680	0.014196789764243824	0.03544809188539664	-0.02209314905663171
X941684	-0.013155458380232762	-0.01375098837581913	0.00511567786582897
X941709	-0.04095051250986115	0.014327045889277476	-0.0022803122871367567
X941714	-0.11295525038122188	-0.003662545044227683	0.03689076389414899
X941715	-0.0038680383051202345	0.002665972205166512	0.0013207104615730488
X941738	-0.022942861585113484	0.02607678955807664	-0.012173756895955727
X941759	-0.024874714514385186	0.007211782078237141	-0.011778884975862106
X941772	0.01881685639942635	-0.03703560101366516	0.019121264776339193
X941774	-0.023238936637830193	0.012932132248812922	0.005131064142682328
X941807	0.007501923084233684	0.002585889697128405	-0.00402941673637663
X941813	0.03596212999394306	-0.013599219621734797	-0.008726146381486971
X941817	0.005918690242664891	0.012380891653188834	-0.010275811995834121
X941887	0.03356003976573421	0.02817251223932368	-0.006812461352440328
X941902	-0.014497226330397798	0.017575768156972774	-0.0007086460372185377
X942011	0.009390188325171139	0.03592742788425291	-0.0074915755702912555
X942026	-0.014469934490961463	0.0005609082927606469	-0.04558667057491955
X942039	-0.034945672246494114	-0.013604888432567804	0.004361566157603033
X942075	-0.00875390667385166	-0.015565834388779605	0.018553777224970567
X942094	0.002817411598682959	-0.01440690460878538	0.0017568380500245897
X942128	-0.02179797872701843	-0.001950355639289397	0.008135243495588161
X942191	0.022534531370220337	-0.03733374787879858	0.027772300172177838
X942237	0.01568842517573175	0.008527354745471666	0.01910571159281164
X942303	0.00483853106777257	-0.008413165498971757	-0.0012954493996175168
X942319	0.010245506319853251	-0.015764172850084433	0.039649991833817136
X942359	-0.0029262346012314897	0.011808592644605653	0.0027889386166806657
X942398	-0.003823694789978058	0.0005273210135568374	-0.013697043117919833
X942402	0.028255988926277956	-0.001125647888105468	-0.004284972177490941
X942429	-0.016334958433674728	0.009444931326179197	-0.0002303065092162544
X942467	-0.07693602793540272	-0.03250666469566543	0.019300324534312314
X942487	0.01882679683269056	0.004570109792454716	0.00966993596291317
X942489	0.023462032638595965	-0.021710289396642928	0.0066182615957236625
X942490	-0.044455902049330025	0.009910875439131535	0.01398369467645917
X942504	0.012380478916179044	0.026972460593951142	-0.0121312722556811
X950002	-0.02334068555118202	-0.029055548700392026	0.0016126087160287222
X950003	-0.02026468210219498	-0.007046466759299826	-0.004948042645477541
X950005	-0.010947587345561787	0.019214422422057145	-0.011398256209381615
X950006	-0.03286801419126122	0.01510461010974973	0.002031329481087103
X950007	0.025767634797469043	0.0666750262776276	-0.016929080675197362
X950008	0.006015993040042322	0.010012691908378344	-0.004576804344166791
X950010	0.009113380447066948	-0.0025661476891438483	-0.00981414989718817
X950012	0.03920585418649402	0.009136022103118178	0.012361845809808161
X950015	0.014698536451513616	-0.0007131471957787821	-0.008179419359954457
X950016	-0.026152135255320806	0.02172655506857013	-0.00025757279265191434
X950017	-0.006299574378429352	0.012881686180936878	-0.0062064831741538975
X950018	-0.015808381970202904	0.017885230316174734	-0.01151037121499605
X950020	-0.01273361663870443	0.009824433486717195	0.003820070851830445
X950023	0.029971537200502087	-0.031310872614984546	0.013720085046441788
X950027	-0.005754131277230967	0.012555296705883899	-0.005026579678986379
X950028	0.0422984733560967	-0.038326079705877994	0.019399133863145575
X950032	-0.016406849754135675	0.009948257437960571	-0.0009819239143146318
X950034	-0.013620817416340341	0.028920557167045682	-0.0033053147628383703
X950035	0.007157904697176097	0.00033903984931610233	-0.0055530972738414485
X950036	-0.022634595728512064	0.02001336002561263	-0.005817504366392441
X950037	-0.0023869249671177655	0.012370669954246571	-0.005542394048235948
X950040	0.003237331390459448	0.005051968999767047	-0.004170281863567689
X950041	-0.010760809761991657	0.013506938343806394	-0.0055482436942474065
X950042	0.002857876235172865	0.0001937758489875821	0.00898206172491916
X950044	-0.007695230005140319	0.011356390876578346	-0.007537656375336368
X950045	0.013590455815106322	0.00047437877349821103	-0.004165704239357346
X950046	-0.0025339077950467326	0.011429934527944595	-0.006074035585611486
X950048	-0.011681399725608627	-0.0005123407886582077	-0.0013799265520921232
X950052	0.038701401332662574	-0.014385408318248048	0.08878025233670836
X950053	-0.009459218196752942	0.005162381599699342	-0.017422966840467374
X950054	0.0007662907752488873	0.01194157009893515	-0.006902831078924957
X950055	-0.0322920999091358	0.023501047828340095	0.014874294594608753
X950056	0.06211775782759095	-0.06809220102584461	0.03594213512601327
X950058	0.008704993170140563	-0.10661291855217432	-0.08287599916682444
X950061	-0.002095032264101388	0.011985877806752046	-0.0060620241006253085
X950065	-0.0034554203839855784	0.01140405409693509	0.000942643340163899
X950069	-0.005913348565255711	0.011257319926577976	0.0035822210297405325
X950070	-0.04492798665067749	0.010245005848901591	0.015129802595528402
X950071	-0.002724873483621033	0.012137962001454686	0.002922016100893087
X950073	-0.013211083483504554	0.010831959955608404	0.003220333668802156
X950074	-0.007646300778625337	0.01893897368535985	0.005041198234154864
X950077	0.017347018001592916	0.006520692030008607	-0.015981577599747027
X950078	-0.004447559593357717	0.014074975062977283	-0.005689220557914173
X950079	-0.0031278991438549006	0.005904068243363619	-0.010330002720502541
X950080	-0.020922139018946698	0.0026847728332689675	-0.0007726962834201825
X950083	0.008317294355611543	-0.008579346044859167	-0.002666029908890477
X950085	-0.027788356390486723	0.014428609927320628	-0.0033479058365623177
X950086	-0.009763777552952232	0.007793960261867173	-0.0018698616141948122
X950088	-0.04683253041495954	0.010825591545594829	-0.019581452895028814
X950089	-0.01712522866733536	0.00776329139701719	-0.0015397797018109772
X950091	-0.017299445618830043	-0.007934481165699872	0.010915480821594048
X950094	0.006681512826199933	-0.09265251140542155	-0.09272816908627468
X950095	-0.012054193763850815	0.03049927512533922	-0.030391082694747388
X950096	0.015271922311777163	0.007906853425543925	-0.015422072817829965
X950099	0.006809981481608521	-0.04175294523290281	-0.03626622490264079
X950101	-0.0275904362197752	0.001934231091710201	-0.002496868712208303
X950102	-0.0032947660553171035	0.006154261746908068	-0.010307281180152339
X950105	0.006239548745333798	0.01685958910482608	-0.00083316934549807
X950110	-0.020527149867439372	0.00938684562783278	-0.006885423794709938
X950112	-0.027330179873197243	0.007300617635518055	0.008456791144211327
X950117	-0.005688249165010953	0.006559042736566528	0.005971257157521499
X950119	-0.0050448785810615635	0.016622624755935962	-0.00828229475653558
X950121	-0.004627862736632755	0.007724068215259659	0.002916499752961398
X950123	-0.028064082331540497	0.05086379458812664	-0.02136248865301917
X950125	-0.008847767364939307	0.0034606986410595847	0.003118531290334598
X950126	-0.0025747435467644085	0.006767865481568619	0.008505806442090669
X950127	-0.022663705525156005	0.04834445239979396	-0.02467426993540455
X950130	-0.029492350626418955	-0.019309030597477298	0.03631321717692298
X950132	-0.03735152359934948	0.009819500968577885	-0.01442534230986406
X950135	0.009741965426100471	0.00785017774138095	-0.0032259050401206783
X950136	0.032268119569389936	0.017628391979075765	-0.01328712071838473
X950137	-0.004094347709885675	-0.0010425068541384287	0.017419615480499487
X950138	0.0006711445796749569	0.007009641094190099	-0.01179304994922455
X950139	-0.02662113344541785	0.007601896838744328	-0.0020137805790030926
X950141	-0.004958710134546704	0.03634586223540423	0.016012508142551802
X950142	-0.0038581765660031207	0.06570601949578014	-0.011764331216516499
X950143	-0.0009101146447062282	0.0036166196234443788	-0.0030133385869498285
X950145	0.016507824243038736	-0.027294204635712672	-0.007206167775175549
X950146	-0.009409231797210862	0.022513732506196267	-0.0032371221232912733
X950147	0.003345904002198346	0.003804203773462245	-0.02363669943648494
X950148	-0.0064801595377753304	0.06468263374945334	-0.028402813440770336
X950149	-0.010786401670198514	0.01061804069165868	-0.005391160159917464
X950154	0.001085170613297703	0.003377097170121508	-0.005279146122525887
X950155	0.0022889007480155375	0.00464930618672274	-0.006110261700182379
X950157	0.020516999297272687	-0.02834232356158482	0.024634165749476425
X950158	-0.010388833432512339	0.014243809728485832	0.0007010718315002678
X950162	0.003351042493716169	0.008613466466490796	-0.006668119433920067
X950164	-0.006385857312615013	0.007786786147995853	-0.004214197077841348
X950167	0.03435238629101014	0.03015483998175401	-0.027467073376152305
X950169	0.012923784694131062	0.01414320897587274	-0.0011629176578171153
X950173	0.022448748361423142	-0.03275542696661965	-0.0023210271619913208
X950176	-0.016578643030678044	0.04330427049006511	-0.014901507105072553
X950179	0.028979433942456397	0.05232798423107627	-0.0354551008854632
X950182	-0.029503011064058348	0.003422612890668319	0.00245214014485959
X950183	-0.0034882245526235826	-0.04329386791950271	-0.030394499073673264
X950186	-0.015725265385422075	0.02263812008465167	-0.0025365110181141846
X950187	0.010041451735839445	0.0025185074180934745	-0.006866962524624798
X950189	-0.010997607199564554	0.04058582558599058	-0.01836653835896267
X950190	0.012084850346371195	-0.03141770257343226	-0.00047086822776221923
X950191	-0.002413122095513772	0.013826715134063215	-0.010971293809853186
X950192	0.028398598205899742	-0.03398809289330688	0.017532128944659685
X950193	-0.001233251889507619	-0.039999970402239	-0.007344122761014026
X950196	0.00011149440918438788	0.013133294859305639	-0.002158169206818446
X950198	-0.03655417210014062	0.004389972341396601	0.008916644796145677
X950200	-0.008253812530519117	0.011487040782752912	-0.003455046166516447
X950201	-6.745742766833991e-05	1.2978479844448745e-05	-0.004127665882966203
X950202	-0.029730992019708455	0.0042990409810476	0.006064244156207917
X950209	0.007256646163007394	0.019431504600100232	0.0015908568092642583
X950212	0.007617477020100846	-0.011571060576424168	-0.0013290731833634833
X950214	-0.024952416268757233	0.0037446435419119144	0.0021568753514331924
X950217	-0.015145920027940967	0.001950611092275263	-0.0029432953122498877
X950218	-0.007147588907597886	0.02001683515103114	0.006297856448211179
X950219	0.01034944532830919	0.0048615301532447894	0.0005340863282399033
X950220	0.005838887665319427	0.02295212738033865	-0.009806974176284582
X950223	-0.02404139741412007	-0.007247571585304791	-0.03389860865573063
X950225	0.0448549858698333	-0.052752918104155694	0.024139302063790724
X950226	0.002232728872982191	0.0012852982222705295	-0.0021461436916546325
X950228	0.026923173967407243	-0.023773662083338067	0.008769349375083233
X950231	0.012079290812049944	0.02475098846035435	6.219406056505798e-06
X950233	0.006349115200240644	-0.006819431221198336	-0.007868350811029885
X950241	-0.028030977243026774	0.004798618690631767	0.018816403281465967
X950242	0.014100358586984859	-0.008564591601160087	-0.003603356491289766
X950245	-0.016274696690917863	-0.0005478844295432803	-0.015002415923900154
X950247	0.0019759079934304276	0.008425134344807973	-0.006408133442551617
X950248	-0.0025366939338990614	0.00808611795773231	-0.01214211680839168
X950249	-0.03821642794977872	-0.013220016091566514	-0.013943523299081237
X950250	0.025531445897411766	-0.005331269877360105	-0.02753112081428249
X950251	-0.02549929715941157	-0.012302349824743711	-0.006331273893918976
X950252	-0.0030514369692352878	0.002133033057393479	0.009674820999166145
X950254	0.0022982941716724065	-0.012126380565106789	0.01714628854278487
X950256	0.0040663142963423375	0.012071894122474279	-0.01567692679552253
X950259	-0.03607890972871239	0.006934391229253744	0.011756555568817424
X950260	0.0037413236543095843	-0.023261713883216472	-0.024501882537315056
X950262	-0.020456066358420316	-0.02767202699099566	-0.010379104721611111
X950264	0.0037072509907483545	0.005272910444278056	-0.0028399776683276823
X950267	-0.0026904310733976487	0.017322813795843255	-0.0024241020593641954
X950268	-0.019745289779080022	0.012545895587697455	-0.007851997402786673
X950270	-0.014152522648062717	0.016939897396145327	0.0031633659414506167
X950271	-0.0008117116315791789	0.007027700776368682	-0.003880797724288847
X950274	-0.007909984220883763	0.003960959401286508	-0.0004896332555499017
X950275	0.004084802142440456	-0.0626375989312247	-0.00252160706370424
X950279	0.033501824405843	-0.017239764087361352	0.014038633093608949
X950280	-0.0077453296271616685	0.0045147109241323955	0.005379049489217962
X950281	-0.00029351130056116384	0.0004983897841351557	0.009587181849587892
X950283	-0.01653545608179503	0.006765225407401406	0.002674462105889439
X950285	-0.011655533896989709	0.02181642797870136	-0.005897398797337994
X950287	0.015274996628366167	0.0091902162882256	-0.009027298099224482
X950288	-0.02247211307561543	0.004550821956184824	-0.008314699511342973
X950296	-0.0037953862383903673	0.008539579827305837	-0.004549367526458985
X950297	-0.00464051712210837	0.04688414892224522	-0.031339718605165996
X950300	0.003260043530525426	0.005676223702024517	-0.012130146275947691
X950302	-0.0010311530786072287	0.01765914814005718	-0.004196041705398441
X950304	-0.014357879803315187	0.020888378304327593	-0.0025832504575922046
X950305	-0.0013654829780324102	-0.009574937955448287	-0.012151754594774355
X950306	-0.011728350269979674	0.004864171516142597	-0.0016166483124512774
X950313	-0.022434623071817233	0.012899686812125848	-0.00477208651816682
X950314	-0.03497546933015083	0.002113859740965593	0.03130182252346947
X950316	-0.05258818472662782	-0.03233999653831821	0.015276405404261967
X950319	-0.025277140779434618	0.005781540337071729	-0.0029232511512717685
X950321	-0.004307792413429963	-0.010024468025922013	0.007875006074802468
X950322	0.015012746073277149	0.02499245322233504	-0.025836753630229227
X950329	-0.013561498282761106	-0.005877468408812305	-0.004724790526906085
X950330	0.00439646823496859	0.008857492696861357	-0.0038575626291519876
X950331	-0.007100298821783736	0.016411306167098856	-0.0025100592079209884
X950333	-0.016428704694089205	-0.0013869329226717374	0.013916990332390192
X950340	-0.015927117720437572	-0.00918969552018014	-0.0010538350103091298
X950343	-0.023176194066263204	0.008665199688456159	0.011663646375358622
X950345	0.00603850115253768	0.002337360437624482	-0.008160286363285777
X950348	-0.0030427910404765162	0.0033644909341429556	-0.0015255632700068055
X950353	-0.014934035584388232	0.030310004815329344	-0.003531525389898836
X950355	0.0024878966932871485	0.010572574820404725	-0.007927354052708049
X950356	0.00980199493627031	-0.007187080323793503	0.009244212969068253
X950358	0.008207523117077153	-0.00892047901219662	-0.030858932515032578
X950359	0.004934255858779234	0.012926748071135277	0.006665655822443787
X950360	0.0045624896686870045	-0.001879325164976856	-2.8445614059501445e-05
X950361	-0.005358168976168425	0.0022703420611335104	-0.006877030191177432
X950375	-0.06086418754791507	-0.003299530608958014	0.01025340481012941
X950383	-0.02399342018408966	0.025194561088876553	-0.01774647393603235
X950389	-0.0033025987150856486	0.0024175199262622266	-0.01933195067768326
X950390	-0.0039083653137318404	-0.005797696114297319	0.0063952134357251715
X950391	-0.003565210712961031	0.005118959082762453	-0.006396675184954418
X950392	0.0007191493794420332	0.007195585599978474	-0.008268591573824379
X950396	0.0494247260788877	-0.043343961182614625	0.023868752250224883
X950400	-0.009205781845294424	0.018721168012846894	-0.017160446941257502
X950402	0.0007088611639635517	0.03268809257177495	-0.01969566313339694
X950406	-0.0322745876238574	-0.0828278285452184	0.03733005514258751
X950409	-0.00499122075978254	0.030051433491832712	-0.021721099015396653
X950410	-0.014304144535390775	0.03041758551658346	-0.02711807910440848
X950415	0.02579794773219668	-0.053000049464457126	-0.057856757837131116
X950417	-0.0009378191375786828	0.0142481238082609	-0.00341244197772913
X950422	0.0012634161199279485	-0.025127342999593245	0.04004054869575063
X950425	-0.008006142632144069	-0.009330784367079141	-0.005805240903272457
X950428	0.03325503279502625	0.014749682366482645	-0.016280557569059946
X950430	0.0038700869445965976	0.0006114728661587299	0.01048873522856747
X950432	-0.006932413164483979	0.014133682114541574	-0.002824610807067924
X950434	0.0015746690414092318	-0.004332944012317606	-0.0064128063321109135
X950439	0.002908208593829179	0.020354884905200647	-0.010177744475437803
X950449	0.05335430403319693	-0.028163978350240555	0.006589034025046936
X950466	-0.028765423829236556	-0.0024000491068428822	0.001982201045204881
X950474	-0.03727396925982303	-0.026142666002590735	0.003199605533624359
X950477	0.005084212539479791	-0.02240208936888437	0.003595673839742448
X950478	-0.0016182810531887007	0.018134177795736044	0.00219149340098199
X950483	-0.024474881340856736	0.0063906158661089785	0.01399788408015916
X950484	0.0026958152449449383	0.022799186392478358	0.03625991602731962
X950485	0.07376374889537005	-0.028294103430294308	0.05491864292464572
X950490	-0.0009056471268542495	-0.0012625043132243813	0.01197365149126802
X950491	0.0008572025637775068	0.007653842505798958	0.0007432707734569616
X950503	-0.007990093086303777	0.006942211113360759	-0.009528896926365741
X950504	-0.005237390697018175	0.008507514232011003	-0.0047623421169126325
X950509	-0.02969909549047654	0.014321251333572657	-0.021807384907254257
X950512	-0.0014434964880676072	0.01584373256794299	-0.00030687712723455676
X950513	-0.02511188585240319	0.026644017789837816	0.007031223657827506
X950516	-0.0162363162493166	0.02263637781101339	0.01196217393241992
X950517	0.010828201037638518	-0.022926849096580024	-0.001095297751332696
X950521	0.005617778500244651	-0.016216150550595474	-0.006290349031109121
X950525	-0.0011678077310653765	0.0011841220810578533	-0.013070464404936932
X950528	-0.012877373566406959	0.008875896117091735	0.00252380649063369
X950535	-0.025480566834557992	-0.007243947923894776	0.009350619837804167
X950536	0.0034682019134761027	0.008080624536853868	-0.003657112637303296
X950545	0.0043546417416209906	0.01506374097010072	0.0031583761514126572
X950548	-0.008062523564816109	0.008276372457839557	0.012527666304398978
X950550	-0.02328132548759012	0.017344324685422102	0.021245779398274114
X950554	0.023349763517945224	0.08203596107826021	0.015118660668810496
X950557	-0.008796713346710526	0.0035396565158198924	0.006595921924292807
X950559	-0.004993275321177733	-0.00204433931677561	-0.008022790628737961
X950563	-0.020820908044017063	0.00858244824400275	0.012869725644026471
X950564	-0.010460262112727561	-0.007064360399963079	0.009276646113809897
X950570	0.0032628245807556702	-0.0013245733149390801	0.008447216758522528
X950571	0.021661188309729705	-0.060507272194842754	0.007440259146030619
X950572	-0.009127397936854097	0.013095746234314455	-0.004636685289257193
X950577	-0.02140577463270324	0.015329346752617623	0.001858026057262697
X950579	0.004152099156775145	0.009165674811127487	0.012679772969581338
X950584	0.011152804931682714	-0.05412906924368148	0.03341749400973267
X950592	0.0027843370035098036	0.002943891132006298	-0.012877098088530003
X950593	-0.006035073763636097	0.0035390364578128633	-0.0071544112144857255
X950594	-0.023880797592145734	0.0009706884723988967	0.0034462408542087863
X950598	-0.015783831809019554	0.005939826930311897	0.0031473288926946023
X950602	6.923795769379459e-05	0.013756402307196004	-0.018704160215777546
X950606	-0.03772954748483619	0.004621814266708603	-0.0024775781625790355
X950607	0.026913099055336846	-0.007503313606253019	-0.03119439326740906
X950611	-0.03275796303577509	0.02364303827754468	-0.01529199077733829
X950613	-0.013289626938186907	0.016597003859898103	-0.002422356900808503
X950618	-0.0023687338967717437	0.015179697796986165	-0.0015888960009673866
X950632	-0.0021162555985636843	0.004996211167874418	-0.005573102475649073
X950633	-0.005275197183826383	0.01984533752768989	-0.05657755884623779
X950637	-0.011722454959767085	0.02194023752134331	0.0028379205373457294
X950638	-0.02497254521793348	0.010733551225176503	-0.028567885219493095
X950641	0.017372845659559908	0.00885916266576679	-0.007598314869517385
X950642	0.01140203603787954	0.018635218909044654	-0.03246395469175552
X950645	-0.017157210996361222	-0.002394987443502522	0.0011400547481311529
X950649	0.0059178093985771734	0.011926155633456758	-0.010754924438037406
X950653	0.011436856847020848	0.0002177478666703931	-0.005401537566189375
X950655	0.012735578424921618	0.001353040581317844	0.012718757899755965
X950657	0.030198013805078142	-0.026561293696274073	0.04562695475452708
X950661	-0.07381200189357448	0.004089714840633488	0.04495016424088799
X950662	0.010132445612023032	-0.029549372563205004	0.01346299851798798
X950665	0.011407460442511326	0.006494671802700799	-0.01580711587055852
X950668	-0.03353662696126442	0.0053014224909890455	-0.0038582165335371292
X950675	-0.005169349802599789	0.003725193074507563	0.005213608423412094
X950677	-0.019620222391237837	0.012182536231122842	-0.00653147064049065
X950680	0.0007756659032448698	0.017402316607209204	-0.0112981427480948
X950687	0.006386523049163977	-0.0039041136158984506	-0.011197152151392041
X950693	-0.002385783149813729	0.009521597300351984	0.005184782271102612
X950695	0.0015810356291404962	0.010650896734901194	0.002466547139343762
X950696	-0.05565574271471509	-0.00026666447213056984	0.011968808660455377
X950705	-0.024771617230713295	0.0056942240766581585	0.0011508479289392363
X950714	0.06262201531095246	0.03630992910472	0.013944277345812491
X950726	0.06669487316268538	0.022640044873794618	-0.0015136684800657724
X950728	-0.07792706107142564	-0.022656932157211613	0.00922738540777368
X950732	0.0032094199811190825	0.007062248082187815	-0.0054373775084269734
X950736	0.012736153900709096	0.019133886179798235	0.014526466013808083
X950746	-0.00449280619284141	0.012265719944302266	-0.0019314559236857634
X950747	-0.0028238804573068647	0.006037384967717478	-0.00037321261273558096
X950752	-0.014690974984879526	0.018731119830076675	0.0180243546474969
X950757	-0.039370544081650576	0.009582405788240813	-0.0187972984429326
X950758	-0.01220755049066161	0.006750797809437398	0.007502284124395951
X950759	-0.0013241977454110988	0.00631321058515672	-0.005716115997806871
X950766	-0.00717444823160599	0.010709427030480077	0.005563369287500275
X950769	0.0008247640426007029	-0.0025450675549785265	-0.026383112290120005
X950782	-0.04117515090528971	0.010539021131667376	0.0021575758313935925
X950784	-0.002023662792918145	0.0035899327267513545	3.661613759964025e-05
X950789	0.003591312743820366	0.012237704763528784	-3.542128608636896e-05
X950796	-0.016483580561883926	-0.0024817672219608683	0.007691501443750293
X950798	-0.003691330802514164	0.02080600535786745	-0.012652337047192541
X950799	-0.00358002907443853	0.006511654452100127	0.014023636912109462
X950803	-0.016058258564217064	0.010360227610669263	-0.00046064395529112805
X950804	-0.005802884543788766	0.0020160041033760326	-0.0033931433091512774
X950809	-0.024942021586312393	0.004229839652240129	0.011128649953778243
X950810	-0.0031060079726861886	0.024512467864143583	-0.016529703935736433
X950813	-0.023018358537371143	-0.0034862690046186338	0.0019086022762417193
X950816	-0.0007287679102278097	-0.05063025665332061	-0.02445723783081906
X950827	0.02446545123538329	-0.004251725595410262	-0.003955415129896912
X950838	0.0004016801627001382	0.004572066012789733	0.0012777160576685587
X950841	-0.058367709930004	0.0024683933169588066	-0.0008743785441127365
X950845	-0.014862629485004619	-0.015224722388540004	-0.010200617970121933
X950846	-0.016879477073915617	0.015985182050040004	-0.013493000530337237
X950851	0.011961356620148224	-0.020990862247931133	0.02971689987594082
X950859	0.01831594443141009	-0.027150566383221237	-0.023102000903342676
X950860	-0.008185156115967526	0.031300449008417185	0.01073739188275946
X950869	0.005877828182753804	-0.016698579661013898	-0.003993017414925437
X950873	-0.03662083150047342	-0.005938397944658662	0.013388587553299042
X950900	-0.004778498765326071	0.0025900764845810916	0.004633943621821492
X950904	-0.026051739048844995	0.018069286429861584	-0.01043022043312836
X950906	-0.031381383414041876	0.0124752560606005	-0.01393198467462713
X950911	0.011768444059442884	-0.007332130066648028	0.01159505207939775
X950914	0.00526998116253685	0.006131966290315369	0.0022209591112413987
X950921	0.01905842368784753	-0.09123450603168994	-0.04296798116807395
X950925	-0.0070254721187179466	0.026607936076350085	0.033056746466063366
X950926	-0.005079557663821745	-0.003784437098737071	-0.013413417646090608
X950929	-0.00813298935213579	0.007798939087148732	-0.00590266945748191
X950963	-0.03781844148498364	0.004494367304945654	0.0016559691639780418
X950966	0.00816348292499362	-0.009994566985625817	-0.010682234490420682
X950968	-0.017639911551678707	-0.0011251742548843435	0.0006878365564448116
X950987	-0.005255400791051831	0.005112731363938244	0.0030949870965574907
X950995	-0.02432687925186943	0.04576946824717608	-0.019325877682969724
X950996	0.017471113611852593	-0.011716900710008058	-0.011743944167183717
X950999	0.026062928066822057	-0.015346031408672172	-0.009722730081218465
X951002	-0.0007707101297085022	0.01427654661649175	-0.0021550956807356836
X951018	-0.042357392111434904	-0.0008189724479066311	0.0006191895527752199
X951019	0.0020274633777670643	0.01661313644777406	-0.05233889146760338
X951027	0.00217925813192634	0.0005434093924435096	-0.006570231481483131
X951030	0.023342774131248994	0.02626417723669019	-0.005334737692366098
X951041	0.0055500172132789734	0.005011772449127303	0.005492384537171766
X951051	-0.04447418084299743	0.007828739217338414	0.005308793754140749
X951054	-0.008358260393114441	-0.0010461767840336215	-0.00625993728655751
X951055	-0.006527898623467156	0.014113447952772848	-0.0023292592298591844
X951067	0.003237977292737013	-0.005721838181137198	-0.005165704819658035
X951071	-0.015469337407410782	0.01716640317806097	-0.007346761386459039
X951083	-0.0071964027530642925	0.005902241112241981	-0.006761532453547255
X951085	-0.03779411576432115	0.007729353453421774	-0.028918966054309617
X951115	-0.02820389845380979	0.003908969632407885	0.013170816987634087
X951141	0.023801399663322127	-0.014336702147450633	-0.028612387782702326
X951144	0.010656137497777052	0.022223357561986685	-0.0012866709533391133
X951150	-0.05989906611731696	0.011305122500373598	0.005433001495583045
X951151	-0.0060635331341425255	0.015408058434669906	-0.018741451266772454
X951154	0.017153807115679702	0.0017663596331105526	-0.021021183007829944
X951156	-0.005148820199202009	0.007643118680849979	0.0030486944627091885
X951162	0.01112292422786188	0.012917732281104986	-0.006873123719638881
X951171	0.01124096297605591	-0.008525033740298709	-0.008791430880056402
X951174	-0.025907900329781977	0.021851270074861914	-0.026142248715898438
X951242	-0.0021927363550787804	0.0025636397788927354	-0.0008875221272290397
X951273	0.01689943602590184	-0.0019205869032393637	-0.025026311823525545
X951284	-0.01161717335234667	0.0010553273841326157	0.007625076318630784
X951317	0.006921248515140038	0.00708832104328269	0.004116442358294233
X951318	0.00248655681001683	-0.0035680708743027396	-0.005334830624906948
X951322	-0.008229005349815187	0.009030560397248885	0.026485939241195508
X951337	-0.009136246132790054	0.0025658703835657573	0.012526175144515038
X951365	0.006934689648512979	0.030882995889517866	-0.01348647368434362
X951409	0.01429362606994162	0.0011764782300163086	0.004843233442794154
X951429	-0.004458127343246937	0.010911501593582675	-0.007610515106253108
X951457	0.005586464121183426	0.02143558462987915	0.005680929964494097
X960001	-0.002481333957404743	0.03401997026377024	0.009240118464428812
X960003	-0.003593175219955462	0.0034487562733892924	0.00011207804915601007
X960004	0.004845984443808645	-0.0016647413788534492	0.009434785337506083
X960005	0.0016110278471301032	0.010845548158229981	-0.011758031414183256
X960009	0.00894009405261046	0.0004942469188837154	-0.021766288456042643
X960012	0.003525181666757195	-0.0067332356963968115	-0.0034459176653618725
X960016	0.03722310772704427	-0.02302958961339126	0.024487168258526284
X960018	-0.006439510900375449	0.021977483343654566	0.007658105194669187
X960019	0.024556646559344773	0.10390839990664402	0.03999227478300354
X960020	-0.020103184595959833	0.06307667471575346	0.009542752526461447
X960021	0.0041119954234275415	0.007427124762825455	-0.01391451153963475
X960022	-0.0018033814402664005	0.010632474049570361	-0.005515046500970281
X960023	0.01745416613852178	-0.0357533878225779	0.0364216911888111
X960025	0.02926885178767247	-0.028279911900258664	-0.012340955620899234
X960026	0.006460119375096121	0.018142300592460137	0.02859873922057252
X960027	0.00035718151830550505	0.010509832876275464	-0.007908215411944787
X960028	0.02003772426038622	-0.031596745918265556	-0.04994431012163517
X960029	0.017870686954109666	-0.06240017259994252	0.023360937921216844
X960030	0.0194898072840436	-0.0034391780207409174	-0.019973349685353452
X960033	0.026298561967518817	0.11050434182235301	0.002619109595654064
X960035	0.006711161809321464	-0.012606471020098122	0.013430886128864693
X960037	0.010238229938280757	0.009826404644872149	-0.008082014149950186
X960039	-0.00795329228005615	0.0075742069481802435	-0.005097060146476934
X960040	-0.025478335009333834	-0.033057409664684484	0.015345524999862753
X960044	-0.013946039175029849	0.009432046740914447	0.003491576911640918
X960046	0.10174169673395302	-0.0007162404548327323	0.09024045655846363
X960048	0.023009017738905967	-0.07797646459408335	0.09720512102731897
X960049	-0.0072956576035561275	0.016761515853982056	-0.018633490206073966
X960050	-0.003038351155177631	-0.0196795323591294	-0.008831451943109603
X960051	-0.006497217348629367	0.014595359127957716	0.0022535460908653777
X960055	-0.003660943587560506	0.04575941642729788	-0.004611938616187707
X960058	-0.007441554993439211	-0.02281434201241577	0.03440899004874729
X960059	0.01831277215881945	0.025823714721705304	-0.029147538160886926
X960061	0.023256279185476802	0.03080780797646351	-0.04749576657137564
X960064	0.0062527954614973935	0.021979744741299715	-0.0017182926878612807
X960069	-0.005721167547711094	0.01793958952279389	-0.007562926924752717
X960070	-0.00039829704946582384	0.012128184458116332	-0.008485142983415826
X960071	-0.00222890760140084	0.008599506235766902	0.004847830433967642
X960072	0.003948864385930567	-0.019282882237377424	-0.03461963988213382
X960073	0.014450114530050517	-0.00396045361010313	-0.016825258372376244
X960074	0.027495966431115376	0.04978171907277951	-0.039605552502793684
X960083	-0.008353049366071156	0.011161057016362056	0.0032718476098193916
X960086	-0.021610460214539825	-0.042188835493221596	0.11517525150337722
X960090	0.006732549940414674	-0.0048430736257513525	-0.03409551943996157
X960091	0.027828732470372437	-0.012982498874589332	0.0020860479208497564
X960092	0.007810940231307999	0.041647881179500475	-0.02822332435288195
X960093	-0.003082698547016854	0.0015010465605787581	-0.00503423298006205
X960096	-0.048398053391777954	-0.034119658564725173	-0.02530995653533318
X960097	-0.009997419562932406	-0.0091106604195504	0.0009246710799337849
X960098	0.01083006131127291	0.004369239130452858	0.007494040596725769
X960099	-0.008223663760919915	0.002620094263386073	-0.009553631060001086
X960102	-0.022714264418898393	0.0037387039568351865	-0.02146504647634427
X960104	0.00789846103235305	0.020495190688108116	-0.033935101301013494
X960106	0.014413393143478654	0.03109029247099895	-0.00680943632057699
X960108	0.014598535953048606	0.016013735961282173	-0.012112706305248098
X960112	0.01575236818543666	-0.017593992729615468	-0.06149743715639167
X960113	-0.013895095728612517	-0.006778271709466577	-0.012118485266120315
X960114	0.005977154795854029	-0.012377109188039118	-0.001875032051610648
X960115	-0.006382480501843659	0.024918224065574382	0.006330280452141532
X960118	0.07177069072815162	0.051419760658941716	0.009454463024437223
X960120	0.006306831060761534	0.022790689187032764	-0.010149576112828781
X960122	0.023702368412879662	0.006475891375748725	-0.020966613521273967
X960125	0.02211663596963458	-0.0029603748065635937	-0.021081156775352772
X960126	-0.01776886461577202	-0.01797418742949261	0.034965522588224884
X960129	0.0024345702231811273	0.06460999238251079	0.03547746944204833
X960130	-0.0014363852862601056	0.013379538832231374	0.011587645561578612
X960131	-0.02612290931469393	0.0006902584356222024	0.000986946107046522
X960136	-0.004923841874346199	-0.004683409253219146	-0.010102140089686825
X960137	-0.005308062575875454	0.015070103265554895	0.0033830584159811913
X960140	0.0073255612103738325	-0.009071766409840988	-0.024296312972416544
X960146	0.021700966686578754	-0.11480321006344672	-0.08339807710779032
X960148	0.019248982388417622	-0.0705077518238398	-0.005489097758390362
X960149	-0.005958810463429634	0.04242029375159943	0.0028403449869485106
X960152	0.00905217742141278	-0.007402786327528285	0.018576313876695064
X960153	0.02407370309394541	-0.018712596068380258	-0.004836543008818619
X960154	-0.013853268288552526	-0.015130635537276935	-0.0003399787278209865
X960158	0.0007909137594359891	-0.09808986052859262	-0.04971769464726706
X960160	-0.001513594292506306	-0.009306819335495115	0.015866915346438956
X960162	-0.0017874961513809863	0.011942206117909674	-0.002717924295563739
X960164	-0.00572127937490279	-0.008799608651432202	-0.018771994352626397
X960165	0.012528092505268066	0.027151856990079656	-0.02506156303740428
X960169	-0.0044827354587815985	0.01445039561949186	0.0013982988486664193
X960171	0.0023325668864828354	-0.058733356822674596	-0.03503149159433352
X960174	-0.021955814712626816	-0.018172729780152528	0.015098312582167312
X960175	-0.011762105461500237	0.004711437473735962	0.0061642846853245115
X960176	0.014485038354959083	-0.013942253867048478	0.0017143908862981146
X960177	0.017050358096356143	0.014328731285576303	0.02390638523288192
X960178	0.006285521985821077	0.00013538265595848797	0.009302118490858343
X960179	0.011323638899274817	0.005471658574541815	-0.011279937188211915
X960180	0.013079878907090338	-0.0032276479229759376	0.006719634292987611
X960181	-0.003260751574156568	0.03089458796141622	0.0007496983240744218
X960183	0.004466869565280211	-0.016708498008615312	-0.0041496002379873415
X960184	-0.004450826919682356	-0.017949451609695934	0.001993926492764387
X960187	0.012694451356441759	0.025707075640650494	0.022687790653806383
X960189	-0.029149493195714738	-0.016117598124209768	0.013983241034309592
X960193	0.005714242200490808	-0.1022354501390648	-0.07630710479325556
X960194	0.019892949217248202	-0.03463017463457003	-0.07995055443225332
X960197	-0.022982768834810464	0.0013114454487550026	-0.0004115941865932822
X960199	0.020746749606109262	0.004024410431871902	-0.01752943546013715
X960203	-0.03085582623124111	-0.007538316021196819	-0.013628193134750636
X960206	0.05561398561806741	-0.028010585009680084	-0.06334107515182577
X960208	-0.03287998208132649	-0.03332178844945646	0.03577986431093084
X960212	-0.022617641589446864	-0.0030343957348878906	0.02312410264335225
X960214	-0.009856563274453792	-0.01202389507614699	-0.0025585584624420172
X960216	-0.031747393201740595	0.019442128040165634	0.0020902956918440025
X960219	0.04480080154197787	0.07877610356914602	0.0493531974842979
X960220	0.026799011284362108	-0.04283496515621891	-0.02029479701491182
X960221	0.014058838389796848	0.00017499244150399063	0.004836847952002938
X960222	0.010848227666123452	0.04425089830002522	-0.018623880769503224
X960224	0.010376787491000185	0.023755445444313013	-0.001161918314916168
X960226	0.09310062433087217	-0.030873021247208286	-0.09361786367307141
X960229	0.0025247190791452268	0.017545713779975734	-0.010921066552491653
X960231	-0.030706808031156354	0.0035479390648329736	-0.006752414775162068
X960235	-0.013888195020858486	-0.011861146479711216	-0.017664523087351062
X960238	-0.02418591468726457	-0.020637922351448755	-0.005846716965166299
X960239	0.02594477237263034	0.035518575095814374	-0.04287447703508024
X960241	-0.003874219383990527	0.00865095064806559	-0.0023191267171208106
X960242	0.04605036776912604	-0.04820363336326032	0.024159537735331707
X960244	0.011494165228989873	0.031239540581607907	-0.012095524341532013
X960245	0.024333707607035057	0.01781310672183761	0.020970725529858934
X960249	-0.007137111753326086	0.00690136048601212	-0.00030402787707649613
X960250	0.0015874482153018946	0.026573148681714287	0.0015949279678223113
X960252	0.01777103297287494	0.056315640962616355	-0.008399400929026806
X960254	0.01403278996075001	-0.004557314497892083	-0.0028564452561653927
X960255	-0.027582245381041603	-0.0029480172399270776	-0.006482954685683439
X960263	-0.020960728293934163	0.013902903734496238	-0.004115535633054618
X960264	-0.013643489849807237	-0.006032695752073756	0.007987745232764389
X960266	0.018091890650663786	0.05081182227698917	-0.013531120654582812
X960267	0.002900435001483374	-0.004386828980963358	0.002721755577130923
X960268	-0.0034686683394876956	-0.014059911763094998	0.008093876844510569
X960274	0.003366539595172447	-0.0028393939530325573	-0.008976286986555827
X960276	-0.008099275679505752	0.011007682708324945	-0.01798773675197659
X960277	-0.016619674206366602	-0.053868604984203136	-0.051379725208355306
X960279	0.018751078868128174	-0.07137785436946212	-0.062269018563605186
X960288	0.0069721919051249975	0.014165909815539926	-0.0027897707352687578
X960290	0.0016169182718137538	-0.012065145868226698	0.016413356943634876
X960297	-0.004726507089904349	0.010825645662187178	-0.002170070846036523
X960302	0.030368950079853987	-0.045045775717584516	0.014667857856107495
X960303	-0.014544604346634415	0.008782341345687119	-0.018222842275278078
X960304	0.027375931593935567	0.0007894605429877618	0.039791964496127055
X960306	0.009080242755520627	-0.01992248251016251	0.01431185464432572
X960309	0.017785540552820094	-0.01767350314405015	-0.015854362773328304
X960312	0.0022110510537739973	0.03350551953285081	0.051228262528882365
X960315	0.012382302905636924	-0.026353606432918324	-0.002627644024851427
X960318	0.004053524134164249	-0.017482702426881637	-0.036872980196303105
X960319	-0.030126269726902036	-0.027272103814350693	-0.0003129769353501496
X960322	0.016632882000879406	-0.017708510097702964	0.0002612726260213162
X960327	-0.007009552037990528	-0.006479885215662438	-0.03450078333605699
X960331	0.0144361819738011	0.051300541495563616	-0.03025416368878866
X960336	0.011356105830931666	0.0856648763939707	-0.022937008385263847
X960338	0.08021319627185887	-0.013233746566274464	0.008412006149561214
X960339	0.0024458413185400505	-0.00780409387281721	0.0011410909808273009
X960341	-0.014762254208163149	-0.0036202247804071313	0.00848924172012333
X960342	0.014337002080061343	-0.014653801271106293	0.01991688302725333
X960344	0.01990603351126148	-0.02469892790071406	-0.008428659696724287
X960347	-0.006672733546933159	0.0016686173987505856	-0.001481543289409786
X960348	-0.004820299666362996	0.008941841426307318	-0.0019350914125164265
X960350	-0.005402460798435472	-0.00026305457491353375	-0.015338079510132663
X960351	0.018039846114617415	0.006929474161049633	-0.008946988543239191
X960352	-0.02683706563663213	-0.013798094600504098	-0.01688397918353024
X960353	0.007919955609610346	0.025751097312643943	0.010372314495970395
X960354	0.07984504815221956	0.00783596168532059	0.009933102049215627
X960357	0.051760051881224144	-0.021994500093164646	0.0301995622367975
X960360	0.06417936423521418	0.09905814624153524	-0.008456075760841142
X960362	-0.002714781700687456	0.008041550203741494	-0.006656474820519959
X960363	0.029971798133981195	-0.0170500856184306	0.027392667848288758
X960365	0.0032738181403104308	0.0045451381021494285	0.005248444355173684
X960368	-0.005431353640534425	0.01875216863061186	-0.005898716054861939
X960372	0.03427284855081119	0.02350323854998512	-0.012328026209544011
X960373	-0.01014615010158761	0.022102181091347154	-0.004769085563469903
X960374	0.01584591400863001	0.06487387586222275	0.05288174593424021
X960376	0.017596109857946126	0.023705142166036655	0.02450207023092988
X960377	-0.030493372126452613	-0.013154718494439114	-0.0390577783856931
X960379	0.00030916648142805155	-0.008673005083133357	0.012911656312281214
X960381	0.02837335269106679	-0.053819865392751125	0.0006652730329886268
X960383	0.021859878749169188	0.0007612555906819627	0.041925352853980004
X960385	-0.07087998995825553	0.07024001426868788	-0.0033680193226538068
X960386	0.028271694996222105	-0.02162235715744994	0.08879642337720796
X960387	0.029999596240246836	-0.049509468211871764	-0.01782698802281167
X960390	0.018193092978085062	-0.012639760124108976	-0.00870921339648299
X960394	-0.009516753401163671	-0.026313752980335232	-0.02656490487296941
X960398	0.02008479414477002	0.023026144931197774	-0.0027620725877831706
X960401	-0.0055915348900084875	-0.007494357901397748	0.10570532883755245
X960403	0.003684940749695547	0.010487271452101144	-0.009804865697304453
X960404	0.009354703591152091	0.01733097509201839	-0.0029785794812920052
X960408	0.09474288536682329	0.034071588162983266	0.012172634087196923
X960410	0.02348955064456576	-0.001605526518282369	-0.02334707035098146
X960411	0.01654263065392284	-0.058747236077215645	0.031752360353505725
X960412	0.01763940388542987	0.028761535168534188	-0.003963797118677276
X960414	0.012097192082237423	-0.00954634554655911	0.01443754994282819
X960419	-0.01800441233577576	0.010489638743003724	0.012440710648824982
X960421	0.01871658655244865	-0.10642272761319965	-0.1225293767778068
X960423	-0.016225454668927063	-0.006169533527643678	0.009122459632767312
X960425	0.004427418147303713	-0.0072317928637605	0.005134207640014166
X960426	-0.006480149229613471	0.011285772690283913	-0.0015411373038938532
X960427	-0.0055041435987971095	0.020686567574724785	-0.0020617505943798633
X960428	-0.0023671667278968105	0.010118518562029406	0.005026212816567869
X960430	0.0049088273955246765	-0.024211879436062674	-0.0016691120644706794
X960431	0.01430841215031614	0.008850307514087132	0.009908930178698436
X960434	-0.02099216744597835	-0.009049920477149939	-0.005061781860508405
X960435	0.034058733184184946	0.045033834252586294	0.03428695388337059
X960439	-0.007911635136761653	0.00910723628957536	0.0008643139717681507
X960443	0.02354063741357699	-0.015773270967383235	-0.06527508946480155
X960445	-0.0028287480641303415	0.015485317213501658	0.0056831110662300365
X960446	0.00427533051962283	0.01412909225295804	-0.005762054364334091
X960447	-0.009313684579448547	-0.00863125393872229	-0.022000568119549715
X960452	-0.0008470181568982234	-0.02920629615306961	-0.006319385367277355
X960463	0.03046142144436256	-0.04656846332969178	0.06996076655815496
X960465	0.014857987118709861	-0.13631709752593993	-0.1027225667534833
X960478	0.02812748009341728	0.0035641297562022576	-0.0018080525678791568
X960480	-0.0061492292152876315	0.015150912034661557	0.0011163925220290117
X960481	0.08574310775729171	0.029938638278987753	0.05601519916712237
X960483	-0.022178244491886292	0.013650066373805446	0.0010696216122586281
X960485	-0.11060648040199876	-0.0674172392638584	0.03731543518173344
X960490	0.012026242312272483	-0.008348742117482547	-0.0176568405627075
X960493	-0.023094500281577633	0.0667713951766448	-0.017651562655818093
X960494	0.041531306983815436	-0.11285287536093266	0.11094285065485036
X960496	0.0013892414115740232	0.016058029420128232	-0.007766590256038881
X960501	-0.002521215862434951	-0.010996800655238328	-0.01193320727524691
X960513	0.025646677212899413	0.011334575236849694	-0.015195795445256972
X960516	0.00571470716443389	0.004915278586244524	-0.014017980702685874
X960529	-0.0005741335464037897	0.011551720857369554	-0.009583495693874572
X960538	-0.0018655662545934745	0.0016011860551517405	0.004877999329586569
X960542	0.11438767474832517	0.05161751672867836	0.030035941035215417
X960544	0.00460168277948211	-0.010372599523597818	-0.015130573379231326
X960550	0.0036732226074228215	-0.010338649401733456	0.037697672229849356
X960551	-0.003286559616665322	0.020564185128919943	0.007280560810649897
X960553	-0.014249115439055937	0.0029482725833059977	0.010517967082872958
X960557	0.03637035594570349	0.06353967357362099	-0.03694803071064641
X960575	0.025089950023653888	-0.03450801102452847	-0.05625109934121839
X960577	0.013370251011560396	0.01177638232945511	-0.011049334714202433
X960589	0.020903145625117043	-0.004006960567067117	0.01863717526190412
X960591	0.02435885641446729	0.05563485934848911	-0.07712901144092628
X960592	0.04548771629454468	-0.04353242500010093	0.08081652899388157
X960596	0.029976785746655216	0.08616729087330882	-0.03358829553609254
X960611	-0.018208996377558094	-0.005044159782045446	0.0043880761435121235
X960612	0.023798881137259403	-0.01600990762522483	-0.015116967765692576
X960616	-0.01525105495987893	0.011880491660201364	-0.008359467517199032
X960632	-0.006279216504491239	8.36973134718291e-06	-0.005235674463261195
X960635	0.015535350365218518	0.023604762865851933	-0.006358361866258448
X960636	0.013535430863271762	-0.001331840150955444	-0.006568147090459562
X960639	-0.013580941161283807	-0.004429441525182293	-0.03165279003434905
X960643	-0.0019126371388192133	0.005565274289714888	-0.004294655027926802
X960651	0.058175560580862554	-0.011209253377577532	-0.009567041293045845
X960658	0.03722511614109458	-0.004640891625568098	-0.03964343198620933
X960659	-0.005221972202734382	-0.036208387958033626	-0.02004367959179568
X960666	-0.025760321608003737	-0.0005456715928823741	-0.005531045029371433
X960667	0.010283302072228018	0.02597253231550326	-0.006847714700104727
X960672	0.010406149758647017	-0.0355857903369547	0.00784510717341058
X960673	0.030516562385683444	-0.04853951079898273	-0.07940495096324648
X960683	-0.07980448369764544	-0.021165087902584003	0.00752258422085002
X960684	-0.0029401205724491706	0.008304761174922855	-0.016609610246687126
X960692	-0.010763287914424987	-0.01727080309887106	0.00701666626020005
X960693	-0.018297973518542173	0.009997659577930893	0.004198155382777109
X960712	0.015612695724563901	-0.025182217183031014	0.09551659051574271
X960719	0.003149451594801543	-0.010597146683946363	-0.0061711105096557365
X960720	0.03783192666003267	-0.11664904836711792	-0.08933793724929101
X960726	-0.017871580137078395	-0.021132413352680457	0.0176934572638199
X960743	0.03806079433405182	-0.04220463758655579	-0.043312982282062
X960748	0.00950566377093963	0.005046119722616385	0.036131371479089354
X960751	-0.012398815596797268	-0.041312457164155644	0.01002860047430136
X960760	0.01273333958977229	0.01701290756543619	0.03685117469779881
X960764	-0.09577230113473646	-0.011665350811364236	0.03190214904790398
X960788	0.04119507050834511	-0.006713197408214428	-0.01759058956712079
X960792	0.016123138407290283	0.004071323074262852	-0.06659333884562664
X960793	0.06299593933069964	-0.008071459246669261	0.20438338769240813
X960795	-0.020682165143400277	-0.0206110783215457	-0.005099269552739842
X960796	0.03714184022211653	-0.012531970136349671	-0.0018515265937135567
X960803	-0.012966222047460636	0.01652927789304465	-0.001356367059829821
X960807	-0.022879059951094797	-0.006903622030998384	0.0051989574335382744
X960837	-0.010378457623943398	-0.00955005303658208	-0.019182841038360373
X960841	0.03445608837126382	-0.04051537907348456	-0.05931897121025572
X960843	-0.0195985405284504	0.01009297098834551	0.010862928089856904
X960848	-0.00498339114388793	0.002032957382171168	-0.003550774267402829
X960850	-0.004323405000310524	-0.010925210142091387	0.0067632212728046676
X960851	0.0005912107790593675	-0.016923879253052526	-0.00043421220768742966
X960857	0.02292723126628422	0.039427906820796235	-0.010862551501436694
X960865	0.017495636300202105	0.015143933185555184	0.027169495234814493
X960870	0.0020765649958766415	0.024800115384812523	0.004708383358703709
X960875	0.010918880965065787	-0.0003891551805556452	-0.007904759569689078
X960883	0.0027036944163963813	-0.01906410583564042	-0.041795637136355264
X960884	0.0024068787438515735	0.03134651375734141	0.04388862496584064
X960892	0.0230390128275478	-0.031570753644190847	-0.008316945861125444
X960894	0.003398338766606458	0.02733178603561772	0.007631405191887514
X960910	-0.0026991166655538517	0.03863919029244658	-0.001720145765200652
X960911	0.002941730955259978	-5.352998958363237e-06	0.00019430078111790393
X960920	0.015875975160960273	0.008791045155226202	0.03171039212370861
X960934	0.021215218341570384	-0.1023735188984033	0.07658282639928755
X960939	-0.008213941486266113	0.0185922465674921	-0.0066541009518841085
X960943	0.02171584658981126	0.04487234413213978	-0.026945192943346696
X960944	0.06999493071442532	-0.018878529291325788	0.19052222819589598
X960969	0.015979121992805684	0.00214109928647989	0.023558804779297924
X960972	-0.003337484643531416	0.04096751350311075	-0.009870257921467753
X960974	0.015736340489136753	0.017735443621696507	-0.007747744945354783
X960981	-0.0010689574398203506	-0.012070448647505057	0.0013962457515145127
X960991	0.04619387352693373	-0.06247820494491743	-0.04987775905458755
X960998	0.0030989181143445737	0.022889932290245333	0.013177074047300705
X961012	0.01084535666188789	0.027454041061161765	-0.016986490082298897
X961035	-0.008287567031706257	0.008394268265669831	0.028417436504176084
X961077	-0.015123355289270564	-0.0042177056878438665	-0.01451256259036163
X961092	0.01352191948874878	-0.019515161058255674	0.026788833724405665
X961096	-0.030485476471516715	-0.022053759823361836	0.029400776640105878
X961105	-0.004348141839004488	0.008755849694152999	-0.005145441334787314
X961124	0.03340456757850154	0.05353591926526636	-0.02968017955654721
X961128	0.006653910924469819	-0.02064301220176515	0.005674218016550502
X961151	-0.05672338339212735	-0.04338617628638622	0.04617231384163047
X961177	0.026576388862782567	0.015589491983674647	-0.0003876920887717647
X961180	0.022174993986982774	-0.09013181848455307	-0.06701712156917627
X961193	0.024683181863323286	0.003383150837407764	0.027164624602383686
X961214	0.01713065683728103	0.010120134264295493	0.01063941609025203
X961221	-0.00706144724227964	0.001854344325620581	-0.016402904432271333
X961226	0.03853622546723641	-0.01688645117314072	0.00826767143750385
X961240	0.008896692177536927	0.01487973052135028	0.014992549866814378
X961242	0.02736894263699622	-0.0098861208026294	0.011009923614295532
X961243	0.07649544000219326	-0.10175440997322581	-0.1351358280588834
X961246	-0.007839914887784582	0.010301472802119594	-0.0019473689479930206
X961263	-0.008830335883347041	0.008366482833692582	0.007594893816042583
X961282	0.010148619579255343	0.00946195421724867	-0.01374221075702815
X961321	0.01560527639682958	0.0233458808827052	-0.00812067365795652
X961325	0.04335110846416012	-0.07969015761196913	-0.10097959606371179
X961339	0.0025155338616517013	-0.004865050994181175	-0.0031482389514378237
X961365	-0.009544728933455753	-0.006485722594096291	-0.016889697452055936
X961417	0.0005894037561561991	0.008140022082744896	-0.0005938419218373979
X961423	-0.018226851447192226	0.004195582026618278	-0.021377671685973893
X961434	0.010488666912598515	0.012393415149756575	0.0051756490032475195
X961485	-0.012633579013470522	0.0058138356810816085	0.07988142190354917
X961553	0.00363821537858907	-0.00639134570087237	0.0034260530478398355
X961577	-0.0015905225658812542	0.011450792017521557	0.017525980735459815
X961634	-0.02166724961174833	-0.0007246190761361067	-0.04108175007338453
X961684	0.009485396968567449	0.005062746785930794	0.004819751499455819
X961686	-0.013990616681680348	-0.0333426743358121	0.035699851644049756
X961738	0.025097736458960337	-0.038382287593197326	0.0014622003215867556
X961809	0.007667700406581368	-0.017491991025020182	-0.007095720636746692
X970002	0.012579911345568894	0.005589374671871204	-0.005991367643748735
X970003	0.017023498819060876	0.017617949117923536	-0.010471187874389052
X970007	-0.011726309446739186	0.018151107943058582	0.0006641551313005273
X970008	-0.016905342035212576	0.004175385963263607	0.0017249542943044227
X970010	0.0048054428556562985	0.004769846255362375	-0.0065565564567054155
X970011	0.004575945307075478	0.01531903244561829	-0.0016833908722623573
X970013	0.005403029770748206	0.006747231062329949	-0.003968472338086966
X970015	0.02075827329497101	-0.033761410730544776	0.03230155474921997
X970016	-0.016287709319540464	0.009631628959073529	0.005470667646266087
X970017	-0.05277280951520095	0.03929743204283741	-0.010320438460848617
X970018	0.03461053940631377	-0.07861934985979284	0.045807134026800214
X970022	-0.042259876980163716	-0.04194873099919402	0.009450717212901194
X970024	0.007694408739129849	0.0007557390001782756	-0.0018336315157796
X970026	-0.00626126859459829	0.009111568858732794	-0.008499494410429265
X970027	-0.005334812826655675	-0.003942589568120158	-0.0019178418361245617
X970029	0.02128612429561989	0.0031922862834765564	-0.012453128620060913
X970030	0.019916147615966606	0.01002238767439586	-0.007613091913023136
X970031	0.040838729335353194	0.06631470119720545	0.01523975399074514
X970032	0.03880482119741794	-0.05742917927097426	0.0342633908332627
X970033	-0.04180056935087028	-0.02425554212644714	0.022537420072654465
X970034	0.0007300852507305017	0.04213043583289618	-0.022747617539748712
X970035	0.002310472136317261	-0.00166046101195148	-0.006741883966362355
X970037	0.00769820965133465	0.0120337366717689	-0.002485713618786496
X970038	-0.0026579182024182497	0.0008201410061772714	0.0034471663820312
X970039	0.007872214486989411	0.007141627787010116	-0.00010721748977574207
X970040	0.02392813525916118	0.015149841300968525	-0.0314339502548691
X970041	-0.0021490465236078927	-0.00899792533802469	0.004276021352090811
X970042	0.0004484640313099692	-0.021703186706184558	0.004998679722502182
X970044	-0.009314055461104333	0.016449113338063648	-0.008530658648961313
X970045	-0.0004784691998681141	-0.02758958383274595	0.01845711181080332
X970050	0.011136929880225105	0.013326377449111283	-0.0015659696990281682
X970051	-0.020341581115795298	-0.033680995898525176	0.015013205704357635
X970052	0.007676715229016603	0.008046483118867683	0.001118483615046805
X970055	0.02178294956615428	0.017527470128044724	-0.006098807014248787
X970057	-0.021316658696212472	0.035299978878108	0.0031636679336603836
X970065	0.008581007692467599	0.008926482319151482	-0.012339350691932711
X970067	-0.003091869684922347	0.008095699678250684	-0.007118810186535625
X970069	0.006767858792298264	-0.09651129672104443	-0.09309808605067205
X970071	0.0012757709390952957	0.017522824029901757	-0.006593455939675663
X970072	-0.02099324138787006	-0.004260829238778294	0.010064119607569848
X970075	-0.003971591436426703	0.0003114229363361208	0.018758895154772783
X970078	-0.004819539299730981	0.012194137384359816	-0.0019333242784007633
X970079	8.964656307205915e-05	-0.02089161198343148	0.017576052378559547
X970082	0.01027254401719156	-0.02114296019929813	-0.0015539631679770181
X970084	0.006557895881980713	-0.00896854535288432	-0.012594049344182429
X970085	0.005241971438139835	0.057419307643033324	-0.0003414196340460493
X970086	0.021286583938976623	-0.00549435741210696	-0.018246199668915785
X970088	0.0016344871179950736	0.005164330672489624	-0.0010239404782694563
X970089	0.04112685895715567	0.03584258541188238	-0.01218627690631475
X970091	0.011796103460771855	-0.02178539030544373	0.021735556514250652
X970092	0.01573131655093471	-0.02708250748995377	0.03155462601935052
X970093	0.017817355631517054	0.011105070943782139	-0.011181078245739294
X970094	0.028501518974807957	0.030782751284990376	-0.03526070245291987
X970095	-0.009371902229028117	-0.003742468373983496	0.013113530553945086
X970097	-0.026856287616938052	-0.02048925854203792	0.04180277628435745
X970099	-0.005723908985769182	0.015028534679986218	0.005887562207392774
X970100	0.008949681611485554	-0.0977657972543398	-0.06127568490339339
X970102	0.02413277014250908	-0.05046792629293883	0.004777336049098177
X970106	0.024111187918312148	0.05157640851900384	-0.04558401229571674
X970109	-0.00018816664451155028	0.00739910779785454	0.0031301498431107796
X970112	-0.0012766581418753736	0.012591370872767913	-0.022161803833868312
X970113	0.0273541631883632	0.06087574606438283	0.0110572683999996
X970116	0.0028665120709002135	0.01763174404473874	-0.012873583411815328
X970118	0.000942690565559791	0.017669308423617316	-0.003993516802407413
X970120	-0.002003964051754017	0.008672985323439367	0.012099892376250984
X970121	0.18956264568704065	0.032274853447085035	0.0410684575285504
X970124	0.007284124733011402	-0.017428085133594874	-0.04426968647111669
X970125	-0.002992925849923145	-0.013870470377043174	0.0056166913211838365
X970128	0.07340808625334226	0.03778234427110552	0.012544738533593466
X970129	0.010818693203706353	-0.005157350551431814	-0.0057115975303351175
X970130	-0.03547779903967537	-0.013935366901259238	0.006682380849835624
X970131	0.11719677855373553	0.026457810339689684	0.027983766607024813
X970134	-0.0124903463958779	-0.013582448641109688	0.007340469766332718
X970135	-0.03589283534350743	-0.034573573535295284	0.001992223230320198
X970140	0.032788797361997794	0.0047160066922780726	0.004067501070984884
X970141	0.03758395993835482	0.03988761561288068	-0.008048871541133505
X970146	-0.01342704114784965	0.011072628903621037	0.005137989700613663
X970152	0.037613408351257746	-0.056727733603194316	0.005842833370077792
X970154	-0.005127897515496033	-0.0028144240052128864	-0.013423096480210017
X970156	-0.0076285336360933115	0.0010500232643191386	-0.000958393283169079
X970157	-0.0069255901680430965	0.009531712826354953	-0.0022298897364715496
X970158	-0.0023585883702768274	-0.027692899416137083	0.0006959098014948093
X970160	-0.003120576215063188	0.010945203063130146	0.0010622430505609838
X970161	-0.03388956471979819	0.029282371539747366	-0.01206893061918212
X970165	0.0024689095214688304	-0.004809385843909324	0.002891051122673771
X970166	0.03822137262647112	0.011842641459854034	-0.027696133980938595
X970168	0.0001393430780200776	0.027285843250923193	-0.014705543067436771
X970177	-0.014275373785117769	-0.005027034250037944	-0.004579197743267211
X970179	0.010225105254896906	-0.02094057289580456	-0.0196887853716681
X970180	-0.0039981328119597604	0.003931426625444691	0.012323829338684443
X970181	0.03186467606576928	-4.4313681128348826e-05	-0.001506119233708706
X970185	0.013220781158344507	0.0005619864291188958	0.022114286165895673
X970194	-0.002806685207832733	0.02945478756526925	0.007487794757792099
X970197	0.0024361142553864356	0.02460431767341715	-0.001622632949753298
X970199	0.019381054557531644	0.017924959309974398	-0.01619591114663379
X970206	-0.0034697275633958366	0.0020439833647107387	-0.018219302285752897
X970207	0.00679113384428767	0.02203064595394084	0.059725021029332546
X970209	-0.0035787829139096016	0.030920805032542832	0.005125800827027158
X970216	0.03522531283910416	0.0029619030700810786	-0.047602996082198736
X970221	-0.0228006090110364	-0.011788609739097768	0.015780237326168057
X970225	0.014832725746903162	0.019512940766270474	-0.016741207759426554
X970226	-0.01807690774428169	0.00033732693890813883	0.02620178325681824
X970227	-0.003900698490837071	-0.0063518917354991825	-0.015183951253950627
X970228	-0.013756353574016666	-0.0031459579535556437	0.0023780177453597787
X970232	-0.008674182307367743	-0.009654653117879455	0.02611215879901343
X970236	-0.006879795369008538	-0.026297053406863762	0.03190433701910272
X970237	0.007910598352281672	0.052289009408274675	0.029656409881228824
X970240	0.014421055071787163	-0.03340725876118708	0.11776622351679551
X970250	-0.008177595467490806	-0.017109834201944306	-0.010646565130683868
X970251	-0.006722820428935257	0.045486047905760524	0.030109728034122474
X970254	-0.0004293207513677581	-0.08330807874247756	0.0025110934816433474
X970255	-0.017158774211024193	0.04208788136284276	-0.009032837455977544
X970257	0.024252845586179517	0.02589047428849352	-0.027580754346578692
X970268	-0.0026786139356615173	0.005384589214257976	0.012711735011319543
X970269	-0.013155873859898555	0.016992195824962173	0.015093780048156095
X970271	-0.030665364756528948	-0.025369465358721727	0.00789242243732104
X970277	0.025629655041127176	0.043504974579346795	-0.030042494682461146
X970283	0.01660188015112471	-0.022239447032973775	0.01682782511977953
X970288	-0.031910394036081625	0.005013417635316463	0.028705770837894003
X970296	0.0031421812342211737	-0.06320555716753003	0.004690063342345854
X970299	0.02881658946556193	0.032138160274632406	-0.04116581048377556
X970307	-0.0035025189982408485	-0.0040179606988937485	-0.009343406701572386
X970312	0.03178484884682992	0.029772761441206393	-0.014300645917810667
X970323	-0.0006125397995530023	0.0036957284557902243	-0.012067360755489117
X970325	-0.013712924671072345	-0.02064554887453593	0.0003798659267317723
X970327	0.008889187057634359	-0.06595324897342629	-0.015107493995233492
X970338	-0.03552353124763491	-0.03194299933918304	0.00932631667770863
X970342	0.022065558780445107	-0.05303110664711812	0.02330562535876384
X970343	-0.012298596876562755	-0.04488680805796954	-0.01147827300695669
X970345	-0.0021451908563082716	0.02109822046550974	-0.010900959935364342
X970346	0.058833452042552935	-0.04254649437137791	-0.004668385650332077
X970349	-0.0074333747838159275	0.010760823306732805	0.0006350429921671254
X970350	0.011500656898362563	-0.011207550507534267	-0.028893470911586932
X970358	-0.001697170094928059	0.013992112387250885	-0.0030597027679184303
X970359	0.01631582428011278	0.015057276667315786	0.0009088643668463083
X970361	0.03435294877154714	-0.03502591797972372	0.025838467546216555
X970366	0.03336574455643331	-0.07301734823902774	-0.06896666973155498
X970375	0.01832364762821502	-0.002649353667311417	-0.01370001883846752
X970380	-0.033287613940771364	-0.056177642117298726	0.01606621635953524
X970381	-0.002267188601333245	-0.0007678488519581527	0.0020988540689159075
X970389	0.0351615171195344	0.01760572270008442	-0.06083086218976378
X970393	-0.0008516119464414218	0.02572562034673819	0.03496537204838759
X970411	0.007852089969183941	0.006036734932006327	0.024540525754799564
X970412	0.008326036036195927	-0.012522835803802066	-0.001111313320079716
X970414	0.006464556492447468	0.021259085077943055	-0.01093316224248966
X970425	-0.009844878737094945	-0.00901063422888712	0.00033457104044476183
X970428	0.0006383251233211516	-0.01847947958681147	-0.05517345137876342
X970432	-0.010788306477585765	0.03712844458096216	-0.012407549969662075
X970454	0.00995763653762306	0.011165128552765136	-0.010979990325271076
X970472	0.004445661561069476	0.010952166151044052	-0.004319315142358833
X970474	0.017366029548535087	0.004115725869257447	0.0025037300505722127
X970480	-0.0012807363965263404	-0.009695555121734683	0.004496792486667044
X970482	0.02196534471016142	-0.01614597966953091	0.005323228273720888
X970497	0.03954280672409855	-0.005456341847752322	-0.042405266884987136
X970502	0.018734628193154326	-0.03267053426557372	0.0010830895805190542
X970504	-0.04189499487160688	0.034419448231487945	-0.021115830641168107
X970509	0.02649340688090502	0.02452210767116135	-0.020974156104531443
X970512	0.007442654629444918	0.00950313702611259	-0.003311410125324905
X970515	-0.005470638989252185	-0.002211524619386366	-0.0018383839728513506
X970517	-0.04396107416472669	-0.0408695205958563	0.006180404354764628
X970519	0.00598660463238692	0.006744724560617003	-0.017335041551237027
X970522	-0.015203309928903811	-0.0070002810727669154	0.0005043909323959334
X970524	-0.007805528107965196	-0.0019866407026454098	-0.008899577359182693
X970533	-0.00879899684188709	-0.006656672549401565	0.010935239353189848
X970536	0.0004800783914167371	0.013250912431856002	-0.0020038097374083914
X970538	0.00833560029784903	0.0032007920956295764	-0.011999385511025501
X970543	-0.006611019631874098	-0.000478982050385507	0.008028157843973401
X970544	-0.05578406387404668	-0.06252541662038737	-0.006442854547498393
X970549	-0.05566753869911259	0.03472285851617006	0.005396239953435295
X970563	-0.027813033865623588	-0.03989027171477669	0.027565669757452768
X970564	-0.0015581815982942014	-0.007768844460096284	-0.00210554350939958
X970573	-0.040680070977269125	-0.010638560081587334	0.023201933340650318
X970577	-0.014253423698767217	-0.015758161773635947	-0.0077622259711530115
X970587	0.010744589834404683	0.015472850791597145	-0.011246789705581413
X970599	0.025664789296442208	0.014004895035108217	-0.025835523533739434
X970614	-0.005092968741359513	0.0019682045537840883	0.005729390997130422
X970625	0.037328885492003236	0.025247526928621925	-0.008240491354606796
X970633	-0.008506430584881673	0.005376948151214731	0.014515673327990093
X970638	0.027799483809503298	-0.02621605872128345	0.03491635385053981
X970649	0.0031052452683339904	0.025858719409065634	0.012572884195778549
X970659	-0.006011893682311753	0.022175378412556207	-5.6541511201600324e-05
X970663	0.0015108817061216793	-0.007643181891504869	-0.008755784656532007
X970664	-0.01182430322331516	0.007172110141595129	-0.015220591856007052
X970677	-0.014428630276968099	0.008502020272891334	0.0008330003561617626
X970680	0.008581404239091062	-0.022469994534500937	0.020351606422128136
X970687	-0.011242001019365242	-0.0038833804020776564	0.015448843241883144
X970688	-0.008930384326746586	-0.04726948235417356	0.058863030096212014
X970692	0.024966519495712443	0.02641684220576207	-0.0030017270354885093
X970706	0.14192405601445088	0.03880678315811246	0.049113860901241466
X970707	-0.016848796593823167	-0.017878400393768597	0.020821533548217593
X970717	0.003892733083971409	-0.010142139517490519	0.0043988752408415975
X970718	0.014230623911775599	0.018258289316863824	-0.016732323701216897
X970731	-0.0024422118769948193	-0.0078077254532368445	-0.007630709815947885
X970732	-0.005847316692869277	0.018042944841454765	0.02115979560676645
X970737	-0.005296291079624113	0.01766139486054236	0.003223791823228294
X970745	-0.005526760596457428	-0.0037101324533791286	0.0002569377776266244
X970784	-0.008334574673264483	0.012343925742055726	-0.01204084925184016
X970791	-0.015943543248147465	-0.016212464631093264	0.01448522571716978
X970813	0.005899917416911311	-0.009761924749019955	-0.006081234049501113
X970860	0.0032449051351595096	0.006838626836466067	-0.005810921912357491
X970932	0.0069627703909021016	-0.017789969145143456	-0.013886242046054757
X970960	-0.002139091361277337	-0.0010940839613724858	0.06043071502584376

Biplot	0	0

Site constraints	0	0
