Eigvals	3
25.90046362254225	20.810778054220062	13.533754289170878

Proportion explained	3
0.5212041268839986	0.3364878635007434	0.1423080096152579

Species	12	3
Propionibacteriaceae	3.1388900805229563	12.735045856845487	-3.23022532548803
Staphylococcus caprae or capitis	-9.262435891993688	-5.029339209992429	-1.2780860577021584
Staphylococcus epidermidis	7.7107202835079045	-0.39185223334391994	3.969863867386605
Staphylococcus hominis	1.9896132455523203	5.939199667513812	-3.1823801744445612
Other Staphylococci	-4.9735660823161645	-2.062390153993901	-5.1201521109315244
Polyomavirus HPyV6	1.9314441083617935	1.650788196018022	0.7521360526719704
Polyomavirus HPyV7	-0.9128787236864186	-7.933699307366288	-6.417513461462374
Merkel Cell Polyomavirus	11.39743605487294	0.257130627478639	0.9206257149664416
Malasseziaceae	1.3890522720054057	-1.5852288649795776	-1.3277341648466618
Corynebacteriaceae	6.863146748233151	-1.5744443867536102	5.078579435000422
Micrococcaceae	-1.9595446305854995	-9.16332446294939	4.4294650385528795
Other families	-17.311877464474705	7.158114271523152	5.405421186296989

Site	1225	3
X940001	-0.01199748557659508	0.006264973906023186	-0.0009457746132191847
X940002	-0.010133502879059824	0.0015509166468482046	-0.0020733494277029893
X940005	-0.0037651217197417243	0.013504061507060308	-0.006287190215730274
X940007	-0.021230964756160695	0.0164274543577344	-0.004697898689603358
X940010	0.02753327629787214	-0.03628204251940992	0.0064605543982293265
X940013	-0.012772505524256449	0.011507887139452154	-0.005218292390418099
X940014	0.14002152358025408	-0.07225227702805304	0.1187253279993179
X940015	0.0067081633601355686	0.01397470900344607	4.548909021397747e-05
X940019	0.0016702445118966264	0.049809301968226555	-0.08006301675134178
X940021	-0.08946467460229807	0.019987057344642085	0.05048313416898939
X940022	-0.03807040862683521	0.002164755518162555	0.004992814516691033
X940024	-0.012302096080639743	0.015031515380495845	0.002177470044415637
X940025	-0.03802575093711672	0.0023400287044604232	-0.009571539168586237
X940026	-0.014932462626128367	-0.02032117882376426	-0.02621660181625684
X940027	-0.0010020862691183484	0.006956889207895274	-0.0033596045976920148
X940028	-0.00717547294757096	0.014930720859727476	-0.0013949746950005079
X940029	0.029732910754571115	0.0015575196961118913	0.0005647114513567747
X940031	-0.014062376829088116	0.033937888747106605	0.00507343295601529
X940032	0.002957225373915578	0.017118055851654407	0.002895774463584049
X940034	-0.04374427543333525	-0.03359752050165482	-0.0022658236883042033
X940040	-0.07529200021953239	-0.013613012728047921	0.012532657570551083
X940043	0.014047260447784728	0.004061480499118222	0.0011042312645200142
X940045	-0.012662459435439897	0.032978219824115425	-0.0682133239566878
X940047	-0.0729514663853376	0.021697096082959576	0.05838833081367234
X940048	-0.0462440533090551	-0.007652085595351933	0.011649166006739983
X940049	0.0040705595839572615	0.007385690760614447	-0.0006220904376536807
X940050	-0.011611508319122828	-0.024528322762630075	-0.012070887981057325
X940053	-0.030265170975087935	0.02037825225970322	-0.02177650428687236
X940054	-0.03962538065647973	0.021247529106597596	0.022030412175911604
X940055	0.007878861001581599	-0.0038972572696826355	-0.06449000086635807
X940056	0.01730180572757241	-0.0007792177036951367	0.03970780994635051
X940058	-0.0003556853937082787	0.004025400191566938	-0.0023111984005540287
X940059	0.021342441448466587	0.009692748607666741	0.009666679360953995
X940062	0.013881382657044387	-0.025966488373065907	-0.009825732331320383
X940069	0.0005372106404147198	0.02085557958970099	0.005608639779320647
X940071	-0.08978042728043323	-0.02344775910243821	-0.03461528509511623
X940072	0.005244234270452163	0.014717395876082302	0.002008968575359936
X940073	0.004533092894700728	-0.035170122178188594	-0.09029156466904545
X940074	-0.044971690654792486	0.020467736386849653	0.010275336198038752
X940079	0.024872630009800417	0.1283530419536414	0.019354460031228315
X940080	-0.029705002890066896	0.006601250062839919	-0.0020887065932242363
X940082	0.012403705324987118	-0.028596733505772538	0.0004079917561513151
X940084	-0.007464209483792147	0.016224622945244634	0.01747202826037258
X940086	0.003048204751179806	-0.009491722352087952	-0.022638424971651448
X940089	0.002991984070407002	-0.0059386657745355365	-0.029863186448124107
X940091	0.013255553987664974	-0.030989388985034096	-0.09859715857207321
X940092	0.02992580317480919	-0.036799804756826544	-0.0010373870737423428
X940093	-0.010143334563263579	0.013346444341773685	0.004744807890549481
X940094	0.09018150730062716	-0.06952945965882254	0.09826321903625226
X940097	-0.000599822261825889	0.009882132255395684	0.00015992278386936236
X940102	-0.030410882226605446	0.021890716336185875	-0.014027859861398852
X940104	0.0068341390448218116	0.006439503173294538	-0.007313819302275194
X940108	-0.014057389317733383	-0.0011034037054267387	0.007877387283495916
X940110	-0.027093333628092693	0.05050946491059659	-0.0047573500049491865
X940112	0.002432466828645101	0.0634722571144163	-0.11207513673105059
X940115	0.03813799682079588	-0.04399408047299535	0.029559208420266218
X940120	0.010953119266672938	0.02103547073767868	-0.011442878030863815
X940121	-0.0304125147481348	0.0031879696825042017	-0.0056905966702317
X940126	0.018218488421094525	0.016651742470514125	0.0071740317101014785
X940127	0.04638740412936217	0.04359191096017419	0.008204831974083237
X940129	-0.001103571680996874	0.007444579917825546	-0.01022451747749265
X940130	0.060383790878128125	0.05288520107187805	-0.010346257196578014
X940133	0.057204524056876156	0.0005377483116090465	0.006776594951584246
X940136	-0.017347333579614817	-0.004364020915742945	-0.008624377836507848
X940143	-0.007350126453959987	0.009615619102342295	-0.006623931919389269
X940145	0.005242185289300039	0.015056503215243633	0.00657948988625141
X940147	0.008757661789591338	-0.04630586064842925	0.011749005780569345
X940148	0.027278139103683628	0.018616046435358517	0.00654958425131975
X940152	-0.007957576035891681	-0.018259808740087185	-0.01096807441823753
X940154	0.03594779546571104	0.039183364846996485	0.006841243244820182
X940156	0.004389734129928256	0.01836198174200438	-0.009808294973089245
X940158	0.017180017360701468	0.017368918164205882	0.015077318162005185
X940163	-0.011833842040173497	-0.043343314514923	-0.012922174651306743
X940168	-0.045415928828513356	0.01572806250858605	-0.019690696179340644
X940174	-0.011108118470204017	0.043695290734083674	-0.13550030932035506
X940176	-0.043994895402489013	-0.0010133148807236574	-0.007769951346605676
X940178	0.03439831467630012	0.0017409780802343118	-0.0064349646637986025
X940179	-0.004575683638791211	0.01344076900358209	-0.002010455759192167
X940182	0.026223032914243598	0.0322423082095347	0.0013910504187338822
X940184	0.0015816922247440725	-0.0008952410516001079	0.03278407979660029
X940185	-0.0006231198840404489	0.04846383787418718	-0.009732567958099713
X940186	-0.009262648156574734	0.0012659216673248494	-0.0021740245861379226
X940189	-0.006560416717433952	-0.0323612018741093	-0.010109981991117092
X940193	-0.004759796267815077	-0.021655656318809106	-0.05686706285654868
X940203	-0.013410087301076519	-0.04297328653385077	-0.008492460694286181
X940211	-0.012239385763603039	0.01939349258471719	0.005312598495504057
X940213	-0.015550777252924067	-0.02800152349067354	0.011474520307658706
X940214	-0.018088206352199532	0.016351731841366894	-0.009217080235838558
X940217	0.025097387242400324	0.013419141613253933	0.017290241210395522
X940222	-0.00021769715157844832	-0.010454957340356192	-0.020881249519053936
X940223	-0.0526709768979827	0.07283056948476871	0.08913720529684831
X940227	0.04000954300645894	0.0009599574786443212	0.009069028963017594
X940230	-0.010993439526727027	-0.022546766687382168	-0.015416343164900944
X940232	-0.005748593061585683	-0.01028251381406412	-0.021928640812308574
X940233	-0.035600463597953845	-0.029829665811609455	0.003598526190469034
X940237	0.022753681120899125	0.0045268159181756145	0.005430631927797975
X940239	0.0695358451167687	-0.04017248112115766	-0.09762997556510196
X940244	-0.054268198336140896	-0.00513727791386132	0.022765999888446693
X940248	0.030693481780182316	0.005844717304591668	-0.004129056053341445
X940251	0.027232280875177806	0.011011293300671713	0.011828222055549
X940256	0.016365144761615255	0.025772123895183043	0.004517621473858543
X940259	0.025143490412158527	-0.02024916127800038	-0.003853560245090828
X940261	-0.01992255699943001	0.005404716074835663	0.0019710982217563187
X940264	0.021784398616724376	-0.029523202151108457	-0.006149894346560213
X940270	0.018971255082900863	0.009392047883125837	0.0014122286950685133
X940271	-0.05402473683546626	0.015070648008817222	0.024089775822476126
X940278	0.0018059804675563571	0.0018873535015597818	-0.006795742099075696
X940281	-0.05111437620116629	-0.043296554376554365	-0.0031559726751117945
X940284	0.010079605893807167	0.025657923408886285	-0.0004584745861313658
X940286	0.0032946539105459713	-0.07587023686735414	0.06516084506903005
X940287	0.011970462706679258	-0.0028616787793450597	0.01121010228719499
X940288	0.01201740291025763	0.011628526772290976	-0.0004852067709722
X940291	-0.008641386541342442	0.008343339700665574	0.003980919667906453
X940297	0.011980708624326875	0.01694772626817968	0.0017856256966042958
X940301	-0.006124859905914327	-0.0022927899887584054	-0.0005681683712746566
X940302	0.022657472450110905	0.0397019735103139	-0.003481134457971658
X940303	0.006638495696735454	-0.012946919766564946	-0.04353794242173479
X940305	-0.00863953406213715	0.001604469493454814	0.005389648602049155
X940306	0.008083836102296254	-0.01508692200477733	-0.026713997250739162
X940309	-0.010431873629065702	0.007735492893557228	-0.0004381553570034555
X940312	-0.0639854812196546	0.029228114972550262	-0.01884923994966877
X940314	0.0021407898462916996	0.012139669268793406	-0.002144540107146368
X940322	0.006173162798871025	-0.03417268630973256	0.03114995661940973
X940324	-0.028990955540100914	0.03381126359294458	-0.018475574384946875
X940325	-0.01758279452734868	-0.022558514258412595	-0.0019408035774836703
X940329	0.04577455435794316	0.04478537583151064	-0.012602013692536572
X940332	-0.01801347640683616	0.012155201185670738	-0.0006907706657726039
X940335	-0.07302429964450337	0.01945731754152411	0.0678602565545045
X940338	-0.02087214701046782	-0.006049887158080254	0.017165888265106812
X940339	0.003301334189343429	-0.04053833977375967	-0.01570437709437326
X940347	0.002970205928044937	-0.004271586190834314	0.005310695794087076
X940349	-0.0689356650327283	-0.05888598018493	-0.017878375968305833
X940351	0.019183275156314447	-0.011774300433468374	-0.0016333777560596746
X940353	-0.006525364807317885	-0.028241710135765246	-0.05190363354465082
X940354	-0.03209990024229631	0.0013860909058597511	0.014457502044120043
X940355	0.05607030159198723	-0.006971654397729903	0.04381203376222678
X940364	-0.030464169838765667	0.01999574728320386	0.010726508033639932
X940368	-0.010256090329669003	-0.03305787010486833	-0.01392510288635581
X940374	-0.006544594682703373	0.0004845315257560388	0.0013012278660949014
X940375	0.011760475007752565	0.027867277542554695	0.008787113332436312
X940379	-0.020497431343116587	-0.004942555343153724	-0.010960683349165246
X940383	-0.027088260359983338	0.021653588667303904	-0.01698490900889845
X940391	0.020026583301205766	0.01681138169668599	0.0002738829976500508
X940404	-0.0056338942018705415	-0.01594322556854593	-0.018876344472598172
X940411	-0.0027509869731596926	0.008894896048421464	-0.04594537015222238
X940413	0.0064256050217014115	-0.030247185409744137	-0.00023413613252665962
X940420	0.018196871997756284	0.012831974861327821	0.02267342904566472
X940443	-0.0394016793564819	-0.004919345099128198	0.005399478168747572
X940444	-0.08510468929602767	0.010877371962012095	0.035141067163532755
X940445	-0.05811291672207916	-0.012706870314646505	0.014702089459489243
X940450	-0.026927742859480703	0.003789762195194278	-0.003182987029426727
X940451	0.03600452081923253	-0.0563406623630649	0.18772326188633123
X940456	0.01492642496945917	0.015052790312107467	0.00311370625589604
X940465	-0.014540882600854663	-0.015380638434127515	-0.022134563326548295
X940466	0.006780601642650978	0.012211231710416241	-0.0064033616649032355
X940474	-0.05937558421731821	-0.024356978413877524	0.001379668834635589
X940481	-0.002192016001670364	-0.02622417313989348	-0.013682118485463097
X940483	-0.018334945338301684	0.04141848029056939	0.022581440860363265
X940484	-0.006296904028226799	-0.008949049670165951	-0.01111778221733813
X940487	0.015462891735508659	0.007632292091738637	-0.0214348840918143
X940488	0.0009479209189573795	-0.01932861912637101	-0.012895827181393042
X940497	-0.06426016863339651	-0.0169441317558329	-0.007156707940898261
X940498	-0.02547418494855919	-0.030556001652183393	-0.020346092155887948
X940501	-0.04739789723410111	-0.03607801727534615	-0.0005264391300155898
X940506	-0.03001083997077447	-0.09518404910722583	-0.002622910767550184
X940526	-0.060758376264592885	-0.0006976174361065216	0.0011851454410466877
X940529	-0.09702238087946521	0.061500013561023276	0.09500952081047674
X940532	-0.03025367497471998	-0.008730401737193486	-0.008614667555264044
X940534	0.023492677450035145	0.01419288234584297	0.01337660613747425
X940535	0.010504609948896347	-0.0048834157143283355	0.024767138123979265
X940540	0.022198601293812178	-0.001175107576824929	-0.024330927834618647
X940547	-0.03000382474924415	0.013661256283999773	0.0050622431713500384
X940550	-0.01676673958771061	-0.020838520304023132	-0.01076841203325792
X940551	0.012963517028929243	0.025660075686989234	0.014907103778466203
X940555	0.005080214941745658	0.009895999693738392	-0.012883606227078351
X940558	0.027747732180539806	0.023300989774037058	0.0032341964241253927
X940560	0.015684554217667967	-0.08375206789270889	0.14351919180466047
X940562	-0.07037986449300306	-0.0008892372881706376	0.019559821435065305
X940570	0.010310244140163894	-0.04169667232493276	-0.014733161301847209
X940571	0.025796625592058104	-0.02872258883555108	-0.018126075237612338
X940580	-0.01619601965192477	0.022295289381064825	0.007904734611538825
X940584	0.0026593514618023463	0.00397553107727763	0.001997774316986779
X940589	0.033027870787436214	-0.018522290428173698	0.020760715601326484
X940598	0.0025839356418753652	0.0268908714512669	0.011683373041819274
X940602	-0.06616096116450694	0.06333580279146639	0.09277279440596922
X940606	-0.008950826640726021	-0.03069661895296575	-0.0033885772736818513
X940612	0.0007641576535098544	-0.05457775158161264	-0.005068205567843954
X940623	-0.005401035436919919	0.0008790655292772716	-0.010939979198517727
X940625	4.253808403300397e-05	-0.029061448909086532	0.009765511300948916
X940641	-0.01745949479800548	0.01739728771380847	-0.0012132870212303865
X940642	0.014057592664803156	0.010495755953739009	0.0045296332824648735
X940648	-0.02474018810805	-0.06625269339700625	-0.049990576017030074
X940649	-0.02833714936506337	-0.00803791147336039	-0.04793457038826291
X940652	0.01415708556871355	0.029347545756261504	0.013111831448888176
X940662	-0.01379635165223001	0.022757722127209574	0.010220129074514521
X940665	-0.0025624997646656648	-0.014331343448679285	-0.007710778577208146
X940674	0.02600070007926882	0.015831115532501754	0.005939575358198073
X940689	-0.08947804367658338	0.043205551991832195	0.10883163931533235
X940690	-0.036524278330162536	0.018313601271954534	0.002079722187773512
X940692	-0.018179152095893446	-0.0021791190775233152	0.007860440899443582
X940696	0.015131015762064236	-0.01592208645647559	0.009145199220764877
X940700	-0.00538812199075998	0.014682593832182766	0.013743625915804103
X940714	-0.0009107350008096802	-0.005777774930860519	-0.014588689349659694
X940721	0.04340596378437507	0.14906648598444408	-0.01717208322932319
X940727	-0.008372891255039807	0.0034749884276983685	-0.004200357058448774
X940748	0.00506550423664886	0.018919948156562713	0.01674554022171515
X940756	0.01708664083895209	-0.009102835745786684	0.0067905070011303175
X940761	0.025002638989865482	-0.021616547538948618	0.002187603762518716
X940763	0.03308417699337851	0.042003885469207296	0.010089961466123138
X940766	0.011811555940119397	-0.014367002578985379	0.0014240982408616533
X940769	-0.047254539920597895	-0.011779958831310668	0.016303517420091118
X940775	-0.0029911427952993242	-4.369777092463654e-05	-0.006376731333518721
X940778	-0.007786264145874758	0.02717385788817184	0.012659527889782288
X940786	0.02153575844912707	0.01811808575610543	0.001571289911403248
X940796	-0.002864547066157551	-0.014507761669530226	-0.02278857001026306
X940816	0.01710341287491081	0.020135409550302658	0.011648288328173582
X940819	-0.07395147680676065	-0.01945779236798426	-0.013764410036652044
X940820	0.005978752746061072	0.0009808316749334656	-0.01459469117279495
X940826	-0.008864804198986139	-0.03285027131342281	0.010780849891565624
X940827	0.07487710594899166	0.06692656917334246	-0.017094982368455632
X940833	-0.016564177845912537	-0.02842294376483721	-0.034260288300977194
X940843	-0.04577031327849732	-0.01742730823270599	0.005023926809998013
X940844	-0.052934305033730804	0.023887247399074964	0.019678633352393164
X940845	-0.0019572735092757143	0.0015958069190846835	-0.01297490567614193
X940847	0.0061706943008153865	0.0016176171083108998	0.0047875351169727205
X940852	0.0029599446327566283	-0.018158270777707732	-0.02422635812262029
X940863	-0.03762795801785028	-0.052956082233452176	-0.01790970360118102
X940871	-0.008386679405097167	-0.019039482837783926	0.011158493111544165
X940875	0.05155136051329486	0.010893647856843375	0.02945230960116472
X940882	-0.008577728800453864	-0.010550764234789144	0.004868357068990299
X940889	0.019403888288318072	-0.011541517584002351	0.009713099121841547
X940892	-0.03495787375335949	-0.027285025538944536	-0.006696706379665642
X940895	0.03640386530875939	-0.002850830413936074	0.015118036056820208
X940907	-0.017612042779777813	-0.023190344932984136	-0.016457010842043016
X940912	-0.01965663022543599	0.02282738977614894	0.004777812554984858
X940917	0.015616597946571957	-0.01332714566075646	-0.00801218330212148
X940925	0.04456406737579857	-0.07926217917404232	0.017038452751404247
X940936	-0.037200714237558954	-0.046660914318846176	-0.01667175447858999
X940941	0.01882647148496896	-0.019594997021081712	-0.00601777132270256
X940946	0.023645141196869685	0.003090337740982226	-0.005920152036939098
X940961	-0.006461045073057133	0.007044839823146578	0.0036412711276458593
X940966	0.019075436708249193	0.001651300363548875	-0.00048537402436776974
X940968	-0.029140039614992074	0.014698219220928895	0.01443118956848392
X940984	0.012070585140465382	0.005867659736099114	-0.06911197704497996
X941001	0.051763959459484095	-0.02533290070946416	-0.020817807537736818
X941014	0.01274530458989398	-0.07666991999692228	0.15742287302108918
X941019	-0.003950569063540627	0.010429066005343882	-0.0222101171248703
X941024	0.008644333217406801	-0.011802831373918741	0.01915627539003753
X941028	-0.02590880711378877	-0.019998282640546976	0.002630581479126402
X941037	-0.11457363927928778	0.0277185463597499	0.05974365455515641
X941043	-0.003284693215893767	0.009320935155296244	-0.012440944155574164
X941046	0.02679664897904678	0.029301506199115885	7.697121975044465e-05
X941049	-0.05431867069972639	0.014109246624740933	0.003976980093703594
X941051	-0.01517724871737875	-0.02033497642670642	-0.0005072088719317227
X941066	-0.0018721135758796733	-0.0038832621183079456	-0.006968902175227604
X941074	-0.0040441467807431925	0.055471441297170014	0.011409019584209089
X941079	-0.027317619274878344	0.014485542275231876	0.01422720914707627
X941080	0.00011745328028314775	-0.10513744518349961	-0.0794274710445023
X941091	0.022843745032710642	0.011456225196391067	0.026763257261771645
X941095	-0.057150718000131356	0.026212024376253185	0.04790395823205277
X941106	-0.003237373233965465	0.01332642137670388	0.0013447795802630429
X941118	-0.047971572867429514	-0.012039793104011973	-0.0031734684784240795
X941124	-0.00852209825483826	-0.027670844262165428	-0.020824495688419542
X941134	-0.029235881756246643	0.0003157425684036372	0.001250643309864861
X941144	0.013398924980803993	0.01717928761858814	-0.0025645449109755556
X941153	0.020247852711657882	-0.009695308263456756	0.018957470874915377
X941154	-0.019919772369637594	0.014836973248737131	-0.007736878924529616
X941192	0.03795262646787066	-0.052261826470226626	0.056283664757974854
X941202	0.018197111450663724	-0.02280522847038657	-0.007995253161138126
X941204	-0.005376692420598492	0.0244167097364484	0.011699637478184522
X941208	-0.06192903911343918	0.035660689101777526	0.04330594525165215
X941241	0.03834389727124111	-0.11162123101218537	0.07168485593031078
X941250	-0.04657373369197299	0.01764080735804335	0.007992204582367097
X941253	-0.01520135683847213	0.009081915632484821	0.007398215725743932
X941257	0.02776788503920567	-0.021744744181551024	0.00670722904104007
X941259	-0.02090803532755472	0.01474210649714682	-0.002773955646100002
X941265	-0.009462084414832126	-0.04377762574894442	0.010435875786343527
X941274	0.026163546342641293	-0.05687141888278785	-0.0487392322767092
X941308	-0.03157142959893053	0.02410543414801417	0.010406810198506965
X941315	0.040506258180188916	0.10038319831142	-0.014922157856863448
X941320	0.007636966075941154	0.0028835182887299387	-0.012105489411129105
X941321	-0.020943879499749074	0.009218498282730322	0.01027928994392938
X941367	-0.02839043780353867	-0.023256080507720357	-0.002720722449701177
X941373	-0.01191877945154128	0.028652767690373154	0.026281580811157428
X941384	0.02502451451429147	-0.09021060369491986	0.04792901413792898
X941385	-0.021700605103720298	0.009053023176350511	-0.0022177583402272273
X941392	0.024342172937488627	-0.1722397802146303	0.19463001702015
X941398	8.187586066601036e-05	-0.011948429030639697	0.018048714890012828
X941404	0.006371511887249032	-0.0008967094515080864	-0.014301953937191974
X941408	0.013234985342288176	0.004145630533628757	-0.00819710444290968
X941422	-0.007122266071326266	-0.004009000375195786	0.0007889900311166647
X941439	-0.03251319721643656	-0.001958249928549695	0.012142952703091202
X941445	-0.03119995157290319	-0.08120712258041143	-0.0014971636967892662
X941454	-0.03724843819008123	0.03986455456492804	0.009872913801228261
X941460	-0.016822209460834136	-0.0646428799035078	-0.016115437057884062
X941462	-0.04871879109884857	0.009618630275926358	0.006919103328196521
X941464	0.05193311994465763	0.006279495450824637	-0.018256292588495152
X941503	-0.02594842482471073	0.03185923596468433	-0.037347187811031385
X941519	-0.009800245200380813	0.003272020401499111	0.0012627707951365786
X941530	0.013451551364298193	0.0255150843579914	-0.0029165722878825443
X941547	0.006913633120442812	0.023012080726888044	0.005687987342410142
X941582	-0.011983315169847082	-0.048326838803038244	-0.000352762093939085
X941617	0.010991346454740456	0.012682257071755578	-0.007872672021426696
X941623	-0.00016398798300882355	-0.026665399015496395	-0.008273631602099374
X941624	-0.03887811476508533	-0.0001128356906729818	-0.006622866133155009
X941639	0.00316476654354776	-0.018961280833910216	-0.011185789231516917
X941680	-0.0008213990168012102	0.02049873763045215	-0.011492924633483243
X941684	-0.027534704225102336	-0.020041807778804908	0.00019319238646367258
X941709	-0.009795336239772709	0.052251537585007155	0.003872532980164838
X941714	-0.04243276565196273	0.07551459835494129	0.06867448484141285
X941715	-0.015165141441524563	-0.007903115116755928	0.004905885585617091
X941738	-0.03933927763245624	0.01695045761437998	-0.00982651075885302
X941759	-0.03075240279432192	0.009575257869402902	-0.0058562211269193335
X941772	0.00265581339982512	-0.028614760154853345	-0.020696948374528415
X941774	-0.015740763532572578	0.020752590409460724	0.008412419982588579
X941807	0.0022808473366065056	-0.0030444196239356666	0.001158086347026141
X941813	0.05838872466263685	-0.031237650352861534	-0.016943928953656824
X941817	0.022203143618630204	0.029975834226699232	0.008488101993767625
X941887	0.04729403841661632	0.03202121842547939	0.013974997974715112
X941902	-0.013472587541739547	0.012924045339575958	0.01789351815096348
X942011	0.021631859122228234	0.023098304166710843	0.00263587229046794
X942026	-0.04543592594056161	-0.008254858666635483	-0.04000427606852645
X942039	-0.03151749999493396	0.005374190611866547	-0.006748867861589898
X942075	-0.019087832385652415	-0.008483545485768478	-0.00990067055363787
X942094	0.004175524437501124	-0.004981565052453113	-0.004262205420046822
X942128	-0.025442379374114272	-0.0008339325327438852	0.0030817060242052602
X942191	0.031010944506343976	-0.03957624921338086	-0.004508447358502395
X942237	0.022845457209094755	-0.014140735727940239	0.03401506621187994
X942303	0.030632055286653512	0.008336401734638548	0.014045073928965169
X942319	-0.0484618804508007	-0.08747483744984622	0.007807594982950751
X942359	-0.01577310545747736	-0.0009231468532234316	0.005445636784254772
X942398	-0.009597309475698394	0.00017612439951938366	-0.011170999278008522
X942402	0.008375645413313388	0.014028604472896824	-0.020853755204238066
X942429	-0.005792199979828463	0.020796771601115524	0.015900612480890114
X942467	-0.06197119084348041	0.01506437726626417	0.011408147232550979
X942487	0.010977732982839356	-0.00834942093473187	0.00010900221799560042
X942489	0.005640197836417743	-0.041235200120365176	-0.007562520473132607
X942490	-0.05865088922312249	-0.000778579608746693	0.01300376647063068
X942504	0.02825357866869703	0.03272516189835356	-0.0009691091618344858
X950002	-0.009842762941083376	-0.011895609917857668	0.005902180455732418
X950003	-0.028276837482035064	-0.0011374276220680064	-0.007013443441476794
X950005	-0.008910185769192065	0.01478189207241068	0.0016211374302592195
X950006	-0.04981113929671491	0.0047963005320627305	-0.002700255348995849
X950007	0.04315478007408213	0.06803136216072121	0.02354585372372079
X950008	-0.026984231891814453	-0.019498956918042647	-0.009692078247044895
X950010	0.018248246142987413	0.003949350830744435	-0.0013843642503372927
X950012	0.04509134934870068	0.010796997922887554	0.011404801499351015
X950015	0.02113754542193505	0.0017662796409009102	-0.004199219387284813
X950016	-0.03856833612711667	0.012851635211326422	-0.0022203802846049773
X950017	-0.0021649160446459456	0.012214698512922444	0.002432697685277574
X950018	-0.019284613160631802	0.015474537202014903	-0.0027079479744381023
X950020	-0.017952942114180196	0.004075056536105485	0.0036043170537497873
X950023	0.011979576835913686	-0.06235099982636173	-0.015675970283295548
X950027	-0.00959978913662538	0.008865103823141419	-0.002392260682759798
X950028	0.010136313288211171	-0.09224536742370021	-0.018304455749278806
X950032	-0.045108271425859416	-0.007519294220573024	-0.012292348940662778
X950034	-0.030818667189042127	0.010729095732905425	-0.0023025886829034694
X950035	0.01139777568764642	0.0018212868876687006	0.001929652219415437
X950036	-0.02186630794589118	0.020058802482105967	0.004524464157272235
X950037	0.003160140132582601	0.013438577509548397	0.002982673742345473
X950040	0.0006024293318919972	0.003071580978280015	-0.0028111654812804504
X950041	-0.01403642581916219	0.014664091975279526	-0.0030194624017334634
X950042	-0.016753508505818075	-0.0194866750800535	-0.007212188565019028
X950044	-0.016752205167078087	0.006110602585525244	-0.006700093180563256
X950045	0.020869194016752537	0.008162326560550347	0.003485476314215898
X950046	0.00757621217177081	0.016656059805881505	0.00660627216711179
X950048	-0.01848847173984468	-0.0023593430507597457	-0.0013816759310637204
X950052	0.008682252755238314	-0.06795750997692111	0.07275557321600047
X950053	-0.018682787865530986	0.004650374110769799	-0.014811537610570918
X950054	0.011210100083454433	0.016079784363182147	0.006762084858252948
X950055	-0.03481542465835515	0.009809393065085291	0.018986878651562077
X950056	0.03989720194646356	-0.06293872195893806	-0.016078018297662512
X950058	0.030965497700138806	-0.027589538673270752	-0.023367083105824776
X950061	-0.003728757505772144	0.011287167846337315	-0.00039200307106084306
X950065	-0.0060809901497002345	0.0029048562897940134	0.003981264106932015
X950069	-0.005952560965043693	0.006890809603149536	0.0052103628045458246
X950070	-0.04898950103761534	0.007787083906027848	0.011631402884149027
X950071	-0.012423101399448213	-0.0018028669034517342	0.001107166368756433
X950073	-0.018831931815545676	0.002656279060946052	0.004503449557713928
X950074	-0.017364080883291076	0.009609952024856655	-0.0010402620089997377
X950077	0.018114017892873993	0.0007945166211601695	-0.005206462282921251
X950078	-0.010374909987891555	0.008059476570896808	-0.002503926915802254
X950079	-0.004090218407305198	0.00503546771549141	-0.001067798465938731
X950080	-0.0222872235680281	0.009491141382891706	-0.0007245457703373685
X950083	0.011024376388842329	-0.009566887509929092	-0.006086468264536647
X950085	-0.02996698861860986	0.015367587621303731	0.002990450944552678
X950086	-0.015608359056152073	0.003793971691961501	1.7991015846748363e-05
X950088	-0.04692435933725034	0.02672868715870546	-0.0063466947851645835
X950089	-0.012955012392563784	0.018016825417083326	-0.00016559197418483505
X950091	-0.010634422012729662	-0.0064973619391053014	0.015818989223120323
X950094	-0.06157963621839887	-0.09717956387993311	-0.05935573532040285
X950095	-0.0034063840543754284	0.035680783558168415	-0.012004458701529861
X950096	0.021038086903013897	0.007409569400704309	-0.0025222036810041287
X950099	-0.00751273221300228	-0.030553124215372995	-0.05019121666665412
X950101	-0.030155881971078016	0.010957387806670918	-0.0006844619969956032
X950102	-0.0025973701891873597	0.00910385398876716	-0.004346491694740347
X950105	-0.004029362451558505	0.008375722781837252	-0.0029340047126583165
X950110	-0.03211990258603591	0.006689038251030714	-0.006681179357988185
X950112	-0.03594829391668681	0.007247462947591563	0.003336356861521854
X950117	-0.016979523556159393	-0.00044496190656873296	0.00024152071176348927
X950119	-0.020956798123425	0.005728546906801899	-0.014190364186184027
X950121	-0.00561025402032967	0.003269450754848606	0.0023647555419907327
X950123	-0.05412544742044753	0.01802318670109942	-0.012726256821415637
X950125	-0.01036753107371202	0.007078971344600409	-0.001592532248434129
X950126	-0.0002501290314502588	0.004127852060979088	0.006834477358279067
X950127	-0.01593437338707592	0.03960079442454781	-0.00369452816317747
X950130	-0.03508688970790581	-0.006413904881899966	0.019642349021728265
X950132	-0.02490487467929422	0.035560115884925844	-0.0012306714900357546
X950135	0.012893679356491734	0.011187516059556346	0.002228725296214499
X950136	0.0021582870256535895	-0.021372569770623583	-0.014545633975194193
X950137	0.0028399458314156897	0.004848933117437251	0.012483343586862114
X950138	0.006211510832682183	0.009299059150820453	0.001111757171388857
X950139	-0.04148563399649077	-0.0008970268786882995	0.0015118474780078438
X950141	-0.0024618399795623704	0.021627034928721558	0.020804084237231745
X950142	-0.00708940546204699	0.02940560438013576	0.014978126629539795
X950143	-0.0004442857679752447	0.0055064290600335694	-0.0004955462955540896
X950145	0.018273285938749446	-0.011009708969314618	-0.013295968885959365
X950146	-0.023368623067020065	0.0097250234095011	-0.00517804947349506
X950147	0.012371184880590707	0.01171952882458886	-0.017603487304716618
X950148	0.009607003963763811	0.05310571905704715	0.007418471155183354
X950149	-0.026898640470756782	-0.000756514780372291	-0.007966182940602824
X950154	0.004909712552331565	0.005948163260523897	0.0009758758467578261
X950155	0.001070303000247554	0.006316437981686604	-0.0013466601076314792
X950157	0.03153185592616134	-0.029621729549231302	0.011544932709590157
X950158	-0.014930201496653651	0.00852575502841741	0.001348754889362884
X950162	0.02150629122655773	0.019853334283212915	0.004055284556343367
X950164	-0.011556750715907596	0.0044020280309075835	-0.00352344265164989
X950167	0.042523489112510825	0.03176496265652739	-0.0074214325333144425
X950169	0.006801009212794606	0.0025226478895172167	0.0014853160910037278
X950173	0.022940369591932724	-0.04178876318181056	-0.029197022908020825
X950176	-0.029098207885245555	0.018066801502485682	0.004704157903824805
X950179	0.04087739011099726	0.050180807491938303	-0.013195916752008346
X950182	-0.031204938193055004	0.011100664577934896	0.000621934005092563
X950183	0.015900489712367325	-0.008959823730414887	-0.042151374666707035
X950186	-0.020376846976011477	0.018595113640711616	0.003683195621734677
X950187	0.014588062494835245	0.0030716098635176076	-0.002132204358765504
X950189	0.0010228824350846102	0.03313945852164925	0.0032796658652793475
X950190	-0.02820389741766547	-0.06813021941240782	-0.027964500137979593
X950191	-0.019113104954827483	0.003424339114506486	-0.008506297863882512
X950192	-0.008980994392191357	-0.05662382893172153	-0.01386621533297339
X950193	-0.0025774962614501344	-0.02673135735094337	-0.02226862468240401
X950196	0.0019578903341466373	0.011199381617392127	0.0033376126565335365
X950198	-0.05023160625073682	0.001785709240843371	0.00037317579609810855
X950200	-0.033156282104354375	-0.010865155569745499	-0.006933801387856418
X950201	-0.0016489970774066418	0.0018445842108610194	-0.004000433060932167
X950202	-0.019435849786484844	0.01665777149363487	0.012945620903823141
X950209	-0.0064052301805463275	0.003354130422614409	-0.0007700517673424937
X950212	0.02043999327130394	-0.007875752696660555	-0.0029349087251515755
X950214	-0.03219351607582678	0.006017809756528393	-0.004304004578048889
X950217	-0.007086422650058099	0.01729618296088151	0.0003176311995254408
X950218	-0.029510732969884972	-0.004877477033251081	-0.004549600529152283
X950219	0.0023820072311795904	-0.006778775213052499	0.0053291030237321065
X950220	-0.001877469557284663	0.008827760375469595	-0.002801737891231936
X950223	-0.026037285488217078	0.011291858013970488	-0.028477191381960514
X950225	0.010803857155727053	-0.0841964008423905	-0.01085030142276469
X950226	0.004530293428734078	0.0027722922031963473	0.004146050490930419
X950228	0.04696319212204704	-0.006801453165267558	0.00559426327027985
X950231	0.015728732971382924	0.016004767156061757	0.008502767861905177
X950233	0.005037324265521166	-0.010152538466481483	-0.010735851928807367
X950241	-0.029920327592115117	0.0067650682146215314	0.009181172180382816
X950242	0.014495986464888769	-0.015394702696943843	-0.0005085388962244818
X950245	-0.051010336813996915	-0.01653722440597948	-0.025539699499929302
X950247	-0.0023836504747844793	0.000495985540018238	0.0004643552148921697
X950248	0.008208494052392701	0.014817126594850318	0.0011349027342944535
X950249	-0.02479499377300401	0.028457899195797425	-0.0055001963986595695
X950250	-0.007597276203197365	-0.03117361143949563	-0.03805394125964545
X950251	-0.013933266370285429	0.006360913572889995	0.002449200963217703
X950252	-0.012345554247592013	-0.008022344148948021	0.003479695682275058
X950254	0.004535286546455289	-0.009367847036470651	0.003117221445789026
X950256	0.007367217292939542	0.009573866048830577	0.0012604697631586057
X950259	-0.036243240614676445	0.010495035876831591	0.010608202423417333
X950260	0.009275524795881446	-0.0014044403882838802	-0.026118960635598324
X950262	-0.04967961868295692	-0.02426388873751591	-0.03088794927877083
X950264	0.004882081868860375	0.002362785723233946	0.0026345911671171196
X950267	0.00037443891771256593	0.01310997072924812	0.003634035720772576
X950268	-0.024105627155864586	0.013832893260186658	-0.001492168617240041
X950270	-0.035012218876584233	-0.00259847433727457	-0.005501487367197807
X950271	0.0033658976972376882	0.007851116791343227	0.003278806043556766
X950274	-0.022245140469310525	-0.004403996984530656	-0.0057748570981250085
X950275	0.010842761458141467	-0.03995414761217525	-0.03154728011796463
X950279	0.01803978547061159	-0.04717573589587794	-0.0012421976861203827
X950280	-0.024845597632538737	-0.012411740546260135	-0.0013627462661836634
X950281	-0.006316198197215358	-0.010678708331145129	0.003453189027360116
X950283	-0.013877546863905098	0.015539814071809375	0.003317379602622257
X950285	-0.00889749816159045	0.02741632080937958	0.0025129233663696827
X950287	0.021900510041313506	0.0006757559977788579	0.00617667874420337
X950288	-0.024094246716842533	0.011823762928882832	-0.004232057369731087
X950296	-0.005720028794164584	0.005746212073081096	0.0010030200467272994
X950297	-0.01689139071723263	0.026583210335447045	-0.013903633191382294
X950300	0.007976658441406118	0.01424941896668211	-0.009335175927311472
X950302	-0.015921737519475673	-0.00454184896861081	0.011989236421238657
X950304	-0.015860529978042107	0.019577667771144044	0.0011059096175220977
X950305	0.0012362231175933498	0.002635936860723244	-0.013558132063350206
X950306	-0.0031204707406231554	0.016428573814416654	0.0008530472072094554
X950313	-0.031671270998304066	0.007355903824031674	0.0020104967551269354
X950314	-0.051865982405762574	-0.01128884790046057	0.018584019553466016
X950316	-0.062266002816370646	-0.015725509357599046	-0.0010159630130332068
X950319	-0.02579690646382634	0.018220057138760303	-0.004289547172489959
X950321	-0.019911386492194042	-0.02591705062223449	-0.005553947469286164
X950322	0.03069842376963416	0.028189070070706108	0.0029297870541356687
X950329	-0.02647958989257817	-0.00503683827879704	-0.011599466338711128
X950330	0.006849828190141684	0.0038572510995264894	0.0019046758997671152
X950331	-0.021979162695234578	0.0012111954466460597	-0.0033967064901335524
X950333	-0.026230910090869777	-0.009314345823180198	0.0029536015620459473
X950340	-0.0019534249692158335	0.002586810983025278	-0.008225267243521427
X950343	-0.03306542592489854	-0.00019966781029615298	0.0038079109699381626
X950345	0.0016631174772943572	-0.0026116107410038745	-0.005109103386317785
X950348	0.014552069055617112	0.016346069730978952	0.008916819916708988
X950353	-0.03288035561147462	0.008423965516401656	0.0008504168525787932
X950355	0.010702362588889297	0.017101137860415616	-0.0011827631997263343
X950356	0.011032487494540515	-0.011267754600516917	0.0060607408410330976
X950358	0.011607010230944268	-4.276195842431356e-05	-0.02531362313567231
X950359	-0.0037211860664266346	-0.002309151479874797	0.002817577769551681
X950360	0.007252561400061619	0.002235060506219478	9.148237747358858e-05
X950361	-0.006201359844524187	0.00547176138364425	-0.004229906736324794
X950375	-0.05058278612170002	0.026580123343444513	0.00036605958991454594
X950383	-0.017483754251189768	0.03411801078210929	-6.060729919148297e-06
X950389	-0.003236508397977751	0.008241607850178388	-0.010155344519995443
X950390	-0.005758657937843549	-0.005375492477490997	4.688586839226579e-05
X950391	-0.004588410103672189	0.007667824305171732	-0.0017321182598517804
X950392	0.0039822189062120135	0.00884400900019097	0.00040285203924754167
X950396	0.03705331712649285	-0.05755415583014392	-0.0029768432006023514
X950400	-0.005886352618830715	0.03035981193858269	-0.009406902572428112
X950402	-0.007423040194112691	0.021054679897749475	-0.00018023810766113464
X950406	0.02107398387909114	0.03280093684619613	-0.026236399866384867
X950409	-0.007559644174414159	0.025096503614167324	-0.0031207552840287344
X950410	-0.01640428152802881	0.021840413881976432	-0.008319032687853598
X950415	0.015580516822460548	-0.04504714452476961	-0.07516415258905221
X950417	-0.0031291988156182254	0.009245595056614741	0.0031919623800708893
X950422	-0.0159263721055867	-0.03710249606613997	0.011418470160991906
X950425	-0.004820608079783013	-0.008911139050291061	-0.01793345645798273
X950428	0.05412455916261647	0.014181346040690412	0.024707990975548755
X950430	0.008191294460137047	0.0008991866308336788	0.010004148789394355
X950432	-0.022056028629229143	-0.0011628386427752723	-0.0041300113197081404
X950434	0.005958663012998559	0.001810215211528773	-0.004658428145112468
X950439	-0.019776640986279292	-0.000883185252515649	-0.010519062021687417
X950449	0.05433736666077383	-0.015977060932784684	-0.003602633525739277
X950466	-0.016757651235741508	0.018399176468192256	0.006765856576351796
X950474	-0.011050478045729163	0.00625499326360786	0.013229202812481296
X950477	0.014280048367812388	-0.007730514773206192	-0.0008374260629096134
X950478	-0.010767749501826433	0.009405347489936799	-0.0023878998669936884
X950483	-0.03908885026288016	-0.0024329792235038917	0.008176425091855191
X950484	0.006287793074962038	-0.0013388093983585769	0.027640579934392527
X950485	0.07030999309160565	-0.021203427247696555	0.025980955147981398
X950490	-0.0018887300759795962	-0.007075468862717237	0.005638042679611024
X950491	-0.000538079706922999	0.002506240994385526	0.0025750327692086266
X950503	0.0007984044507504118	0.01600067477914971	-0.0008803229255250636
X950504	-0.011681953496550088	0.007343390730012335	-9.203537453933414e-05
X950509	-0.02854989748272122	0.02948801621585	-0.013094011271013483
X950512	0.010100465898565945	0.01759455453151467	0.008449094443423762
X950513	-0.04112422923382956	0.01256815942107732	0.003556864735485804
X950516	-0.019929635555378068	0.016710122109315276	0.0018877767850012542
X950517	0.01749290133183526	-0.007446696078989691	-0.008848243899449656
X950521	0.0007466054484477372	-0.019455820394513858	-0.010565130713328428
X950525	-0.005076772771624454	-0.00015925592216879555	-0.004181946493440368
X950528	-0.02076225291554948	0.005479349603543562	-0.0019425559963422985
X950535	-0.03387961670741561	-0.011059576840512118	0.0008782516325844621
X950536	0.013193554484978331	0.0118737172369581	0.007529437241000486
X950545	0.009716945560053388	0.0066055604571057126	0.014302942738605632
X950548	-0.011308415639486744	0.0024080368048346153	0.00741519523136074
X950550	-0.02255319044978846	0.014879859779492865	0.01700267566961969
X950554	-0.057464001047362816	-0.031615522825066425	-0.026903169399301433
X950557	-0.012178741778248863	-0.004017706330906812	0.0021363109394105764
X950559	-0.014196930672750524	-0.005197647578740728	-0.008515771791975019
X950563	-0.019955634530765307	0.00925835623833543	0.012330244141367054
X950564	-0.021492782580368016	-0.011146231843784694	-0.002996638805238466
X950570	0.007921858135572118	-0.00013197423956357526	0.005480738281204101
X950571	0.0074048921389180565	-0.0468296196098323	-0.03603119075059656
X950572	-0.012134159833357739	0.010842940863590625	-0.0009500546992846687
X950577	-0.03811916925309579	0.0032135257747162907	-0.003988444394898456
X950579	-0.0023285273497139387	-0.0023079653684723003	0.007393358826338619
X950584	0.025473173842956907	-0.03689239974998498	0.009294649259810484
X950592	0.00932066325768119	0.009789524604265524	-0.006115261707401802
X950593	0.00215341857616985	0.014560124018946389	-0.0001839727827681659
X950594	-0.025913407081664713	0.006170587240012757	-0.0015989342781528582
X950598	-0.01910043796066628	0.0043590592889013995	0.0019806112033914254
X950602	-0.003349969283800174	0.00832199894429168	-0.003933072062464994
X950606	-0.04319432623689731	0.007921109549308414	-3.161359867806329e-05
X950607	0.01458774879336661	-0.007851346412433298	-0.03768860735095411
X950611	-0.007384453364233234	0.04819043081124659	0.01084498682693966
X950613	-0.01734671007586624	0.013794001754871027	0.005744196415533299
X950618	-0.015551445765349121	0.0006744179026635212	-0.0010456048957651583
X950632	0.0023751738798303054	0.0063098992089020665	0.0029685165282748124
X950633	0.01819128367679942	0.03406244111479963	-0.024007985373308387
X950637	-0.016760711716898406	0.011580003477886623	0.005972792757453188
X950638	-0.015584015268845564	0.03292126414985653	-0.00634798050728786
X950641	0.02596980497214852	0.007221184314788957	0.010111726186313865
X950642	0.006468288629258943	0.00803545146110944	-0.011767793521221852
X950645	-0.01600940381611551	0.003998966876212716	0.00014750374970187418
X950649	-0.013038235413599351	0.0020563778173948474	-0.015244951162115297
X950653	0.01881989656253752	0.008084349663525642	-0.007147561590514474
X950655	0.018224932461033374	-0.005172052469853115	0.0186889539249746
X950657	0.002958914030135455	-0.05206097708102837	0.01595266542664928
X950661	-0.04822426565751445	0.022164837679608442	0.05142696184114547
X950662	-0.034012371125605255	-0.0465376308387653	-0.018357423039823666
X950665	0.01315038148204333	0.009721653325779202	-0.009555026055063628
X950668	-0.051272651757075315	0.003439830610560506	-0.008364456336229153
X950675	-0.01727149821226106	-0.002130775516690446	0.0010758344306984024
X950677	-0.017471035124643403	0.016002117894065682	0.0011393724170636946
X950680	-0.015807894124067048	0.0009575254551387064	-0.01330791878565638
X950687	0.008349448223921746	0.003176013069510264	-0.010970738004977323
X950693	-0.005534495813694225	0.0009337649124820644	0.004604407975279774
X950695	0.001483175363662012	0.0018737050685896579	0.01178058167983881
X950696	-0.04735980061864973	0.015572936709263642	0.017604064319643287
X950705	-0.03660485131081979	0.001245280249321211	-0.0006633739823458035
X950714	0.0438195120290943	0.019612169891261036	0.016923736807722547
X950726	0.08042865457897833	0.03350591385166179	0.03390702140293128
X950728	-0.0808143189353535	-0.001488477870109661	0.0122897220887892
X950732	0.01435885562278823	0.012396577020745533	0.0028494879172162725
X950736	0.025404793179147598	0.01897985957539562	0.02273625114302266
X950746	-0.01869367386902805	2.0228076015294703e-05	-0.008834387963330826
X950747	0.006443464252837121	0.013975770319254463	0.005569808855292182
X950752	0.011465342973244391	0.030445020995360644	0.03238455987041907
X950757	-0.05570488710056569	0.01530425692292124	-0.019320993989332243
X950758	0.003978655177741519	0.02132012977161624	0.01576709694259067
X950759	0.014794355266618485	0.017923009936039257	0.006047922098129229
X950766	-0.004156399701274525	0.008095680285571616	0.007153284221497091
X950769	-0.032862338921815115	-0.023958559783266914	-0.03167817482986825
X950782	-0.038981726336846066	0.0183879685500655	0.007791355867279331
X950784	0.0011576527298331914	0.004232783787273815	0.0011867857639899738
X950789	0.00833599664048018	0.012343988594936186	0.007459989354153799
X950796	-0.019386535379621556	-0.0013465253302002156	0.0014115215931456927
X950798	-0.013616823176597468	0.013388980477786106	-0.011931347848223863
X950799	-0.008600670318041063	-0.007318741115509999	0.006171240707821378
X950803	-0.019014652042058485	0.008996443603969109	0.004946999958234679
X950804	-0.008605519767517004	0.006727662809439186	0.0003430727024761429
X950809	-0.02238358742672813	0.011950950315426588	0.014385117072338003
X950810	-0.012781143925176318	0.008890567493658104	-0.011576445814815206
X950813	0.0015181380565463926	0.026431148280139267	0.01611338969149952
X950816	-0.0059118216382025544	-0.028238753765786554	-0.0444771301554987
X950827	0.026516934035400144	0.0008624135730334597	-0.012940868621349568
X950838	-0.0007156371728400957	0.003387748677063199	-0.0007594816473010608
X950841	-0.03796385883480397	0.0387191822529256	0.012424262756927571
X950845	0.0018240858109839584	0.013034993691197616	-0.006097797432888368
X950846	-0.01956629345780605	0.019638299266840048	-0.003930102533349141
X950851	0.016595517261783516	-0.027616142107347988	0.013023501541447127
X950859	0.04120828256771091	-0.0034391318962289823	-0.021206913075136204
X950860	-0.02331455539333157	-0.004779225852596317	0.019741121605245663
X950869	0.0032159356743032877	-0.015326343689983223	-0.012589169714009009
X950873	-0.03498929595193127	0.009713059406089424	0.007215360471413432
X950900	-0.0075284106978641884	0.007350009968225166	-0.007864398640058912
X950904	-0.024454673356170104	0.02905839357703372	-0.008361655698514466
X950906	-0.027168812701238457	0.02531012117211966	-0.003335404196847411
X950911	0.014339439234179205	-0.010644145968431605	0.013032728737420635
X950914	-0.01279379336914071	-0.00988044863916327	-0.005530568404000221
X950921	-0.008617400995875093	-0.07497162742744778	-0.02836778234400072
X950925	-0.0027134252075283897	0.007578638946954049	0.034662398703194264
X950926	-0.007122875296889608	-0.0014598760285512759	-0.01093914499506966
X950929	-0.008219056710892063	0.011150110748146551	-0.0022437747699730307
X950963	-0.04214704771961304	0.01216173037505552	0.0015655201600832981
X950966	0.013124687575761018	-0.003082984099958853	-0.008773042928132834
X950968	-0.025752711986880894	-0.0014969355900114028	-0.00040515644024964067
X950987	0.005545404023332419	0.014821041858963628	0.005909136827469386
X950995	-0.022997963737421846	0.0393482864504794	-0.004645430650461956
X950996	0.025470885644357438	-0.0035958269558532194	-0.009437676483642382
X950999	0.01278425748891345	-0.0331438631206234	-0.015105554740412348
X951002	0.00625159674158782	0.016962595719022568	0.0037717192611753116
X951018	-0.04351455009566461	0.016548507626120916	-0.004534993122795297
X951019	0.01222942644786874	0.017928289732759704	-0.030513111765511157
X951027	-0.00509470053878516	0.0024173090859332304	-0.014032616030972628
X951030	0.01846724538623364	0.015943046814185	-0.010305850250511424
X951041	0.019721268826051207	0.008792109265276892	0.01909254896451342
X951051	-0.04493991326788411	0.01823417945155669	0.006803838306650973
X951054	0.0031870388491570937	0.011332353472948751	0.00432289800241038
X951055	-0.005187077039584793	0.00852759649310156	0.0031822167987336915
X951067	0.010964297774816141	0.0041910986613814104	-0.0012235960389810688
X951071	-0.016179908157904942	0.019254014901524442	0.0024901476394879325
X951083	0.003149975957106156	0.016298516449267348	0.0033926156499478398
X951085	-0.02978371360709051	0.03614491156171787	-0.015798406633368935
X951115	-0.03159335934490671	0.0007630685976858865	0.009578579698009525
X951141	0.04157492652405999	-0.0005189028802181804	-0.014168687657655976
X951144	-0.028261836618276453	-0.01150320189776239	-0.02092009453397072
X951150	-0.09087187336274985	-0.012855724677833748	0.007360151914389948
X951151	-0.00873739819079228	0.018410741823089927	-0.014917017337690726
X951154	0.015259815064520848	0.004003826264456461	-0.014110483673443582
X951156	0.004177099649975912	0.010431080245588698	0.013374748812447173
X951162	0.006635085889769476	0.0052262335218387895	-0.002818792808296979
X951171	0.030952979170302798	0.0029343409573019774	0.003909234470196342
X951174	-0.033304107003438735	0.021193662900379263	-0.01225942798926653
X951242	0.0073380322737315005	0.011730050225858893	0.0049675552546260965
X951273	0.027217403691310867	0.004942659410342367	-0.015400050276825086
X951284	-0.00500000782087477	0.010057060727400516	0.004950933726528578
X951317	0.01732524905594685	0.015905221983858603	0.009521191717727227
X951318	0.009450519550116061	0.0025465465091401977	-0.0035424582207853584
X951322	-0.013774470751619175	-0.007607234041704951	0.02202878095690949
X951337	-0.023535464519234668	-0.013320641385356706	0.0058616800711895276
X951365	-0.004427917888991637	0.01900879875389053	-0.009565049155851086
X951409	0.0024259241830096824	-0.031400103700176374	0.00977681184843667
X951429	-0.005697944019397635	0.012128859882542743	-0.002975369605545428
X951457	0.010332313361060448	0.010196759614526287	0.012207326231780015
X960001	-0.003761867668352465	0.00876805032633061	0.027695875005605334
X960003	0.007829842095829518	0.01121402997215579	0.006812058894409439
X960004	-0.004193937750305017	-0.004841585671754534	-0.0004487295278884734
X960005	0.015312421629927889	0.016179476544529035	0.0017263693641505645
X960009	0.006501784041980237	-0.002335163508130474	-0.009403079197206805
X960012	0.020458046582341273	0.010189581243483724	0.004088129730478899
X960016	0.006073997111829431	-0.03395252601934156	-0.010648604711535102
X960018	0.006655346261655187	0.022998682509941984	0.015856791455739407
X960019	-0.015787962092352184	-0.0035284114580922225	0.029070287844354913
X960020	-0.024503318718351666	0.035138100071425316	0.01832919425708519
X960021	0.02191511451673905	0.018896829233543976	-0.0027871911564987966
X960022	0.011818065505362253	0.020012352119222913	0.0024456877240791185
X960023	-0.004560844272097336	-0.027173909909835713	0.0010143665551058756
X960025	0.026281213581684074	-0.026473254814779065	-0.024128527246146968
X960026	-0.012915339100040233	-0.01993371277846032	0.029084957387184647
X960027	-0.0038659153059950823	0.004990194553042092	-0.0015595918327034604
X960028	-0.009880676645464607	-0.02796333197321316	-0.06688373206574744
X960029	-0.008204649466170241	-0.08819715792378587	-0.005136421179876744
X960030	0.02645461090663583	0.007199335641933421	-0.009813582811795098
X960033	0.042319064527334416	0.07843436398044863	0.02060755377460338
X960035	-0.012212984029828936	-0.03623708477141815	-0.0020262190913737234
X960037	0.021068976995309057	0.016616789519242847	0.0007802728260112346
X960039	0.00272241276508951	0.017317611230181416	-0.0024688053665370678
X960040	-0.012729908790689635	-0.01648119027909144	0.009211383516677458
X960044	-0.022512439807770287	0.0030055154691802813	0.0026174514809923356
X960046	0.06430917117699532	-0.02894825143654118	0.08483191813128219
X960048	0.04102669607458115	-0.06528748046095566	0.07568573125822306
X960049	0.0017117776935118767	0.022942506594993722	-0.010386784410088166
X960050	-0.013950317257582664	-0.004634710703035391	0.011099263796863377
X960051	0.0036714247340551135	0.019962373843204092	0.009518081005533571
X960055	-0.007553185457999784	0.01948031962589996	0.009559733394555294
X960058	-0.004659089093781323	-0.018801667659953315	0.01372804957257911
X960059	0.032172436689107874	0.037991551209413645	-0.007486101583195181
X960061	0.042636124119786685	0.04373894457518311	-0.012008503925890014
X960064	0.014229753094844854	0.01798453455386347	0.0085661957916513
X960069	0.021214798255585744	0.03908566383607385	0.013304365961134578
X960070	0.005486722757287293	0.013176458193005643	0.0005269695617170957
X960071	-0.015423775268736544	-0.0029874905637049115	-0.0012557223061114187
X960072	0.03409800847283887	0.024062782998528504	-0.02465153995218798
X960073	0.017743047678170924	0.010564460441243944	-0.0027299685712583637
X960074	0.0431349195875015	0.051392267155622805	-0.0129320622314879
X960083	0.003185802018341576	0.016663995093966308	0.012755174702982097
X960086	-0.015826322785025985	-0.05758141784290465	0.08848526922498273
X960090	0.024242849046352124	0.01976741796311432	-0.018864973303145346
X960091	0.02684924709779458	-0.020542723017940273	-0.0015695546198787567
X960092	0.01616103215458677	0.033918123963881504	0.0005781604439292714
X960093	0.0038209279730218922	0.0028663041875887003	-0.0009032870065339123
X960096	-0.030374237777503317	0.018906799658622415	-0.023683255559568076
X960097	-0.008343097736391754	-0.0003730903755760795	0.0019581769531585415
X960098	0.015290495246961765	-0.006571139805980619	0.010451705417337136
X960099	0.002023820361891636	0.014503470486904813	-0.006105325987686424
X960102	-0.010466482780810648	0.025802163330990977	-0.009131179385850884
X960104	0.032474170354277555	0.04013810508293604	-0.007375840798253299
X960106	0.016853847569946692	0.018860819789679517	0.006112559385386157
X960108	0.03058014692263911	0.017986400321272553	0.005139485638661754
X960112	0.014147335308444644	0.001342647585016628	-0.06661371193266369
X960113	-0.01789318321498568	0.0020069849103307716	-0.016443626065846907
X960114	0.007787510057574439	-0.003945991328488989	-0.003035625425092928
X960115	-0.013509184813153356	0.006908588394165239	0.005484914978649256
X960118	0.06953185028851262	-0.0027158280222029847	-0.006777137184397039
X960120	0.015047448734399088	0.0187280672031149	0.0041751293261391795
X960122	0.048212343634931605	0.020293098508509372	0.0063284642096301715
X960125	0.008431411178316727	-0.027281803864321014	-0.0038084861659719435
X960126	0.0014388904213944512	-0.0071187282249638665	0.03527249863424788
X960129	-0.02121570125509903	0.004423088306713964	0.016421759456007417
X960130	0.006596067905521002	0.006101150563935118	0.014364870123603294
X960131	-0.0225060203068298	0.012503425302963452	0.0038245130234844946
X960136	0.012719923209623849	0.015663195886214128	-0.00802733695211726
X960137	0.005430362619623898	0.014911151852663838	0.011206580415906204
X960140	-0.0046364375790751994	-0.00028265181362433124	-0.0038183488337842175
X960146	0.06429665239759366	-0.06477686197161388	-0.08085034615964871
X960148	0.036589634568873215	-0.046291820073910715	-0.024208797293443565
X960149	-0.007530156316547411	0.023912927858218296	0.019201681268925807
X960152	0.0017492295740453388	-0.0277338604817879	0.011395925189306828
X960153	-0.02590851267589519	-0.08455495357075025	-0.02922134119032642
X960154	-0.0022623625251418484	-0.005731822438247908	-9.595324254926592e-05
X960158	-0.053968405410363705	-0.06684548180515137	0.01675013383692531
X960160	-0.020205344000034237	-0.03774236511532939	0.014770494145648284
X960162	0.004653233038061215	0.011835939918389951	0.0039529414950876755
X960164	-0.009734963763349357	-0.006667114218747816	-0.013716944178080568
X960165	-0.01562531418615042	0.0007997748672927721	-0.026661557691273288
X960169	0.012697508797284205	0.023488997636476727	0.011115696358004799
X960171	-0.03705634012200928	-0.03811028725814497	-0.02520031391194212
X960174	-0.014035047559218437	-0.010550803859961383	0.013774673844202343
X960175	-0.0023945774740204485	0.013227951590294062	0.010659202294498925
X960176	0.015155543082657106	-0.0009190502277586481	-0.0100558351614616
X960177	0.006333060698162571	-0.0034960493740813225	0.014846987346326487
X960178	0.0024777083365811452	-0.011188938617551693	0.005517731554599996
X960179	0.0062434127027742575	-0.0009845545141068891	-0.006964312535635333
X960180	0.011818846470592238	-0.0017915823424794624	0.006467347511472094
X960181	0.009458950011366526	0.03037829588989348	0.015885890643652877
X960183	-0.0008099645203347009	-0.011487924090224968	-0.009377597590519557
X960184	-0.0009668854046217796	-0.0012707816052059619	-0.009729767606054485
X960187	-0.0011270908975590658	-0.0059782611822858074	0.026596565626940592
X960189	-0.010634914934654544	0.026236885700176217	-0.006742336057462796
X960193	0.03263154767641865	-0.0689971764827914	-0.10372407213786888
X960194	0.01881460280049126	-0.02245520947435409	-0.08696542898106865
X960197	-0.0292136716092523	-0.00033777978304201525	-0.00047006608494636857
X960199	0.020366125831707414	0.011938880762124987	-0.014373272099611508
X960203	-0.04427538031518243	0.002763530503790991	-0.013892276557661992
X960206	-0.022753105580372385	0.026884909826213145	-0.1256255207431465
X960208	-0.015425349622487334	0.026658031860112345	-0.012587512302006476
X960212	-0.04756759507303233	-0.0457095313336843	0.02588274945659606
X960214	-0.00029836610775594685	0.01164748773322578	-0.018442496045128424
X960216	-0.029283556771343516	0.021728096542210272	0.00928029884871361
X960219	0.05672869801058991	0.04764676248547038	0.07346769693809087
X960220	-0.003270243023619882	-0.03544879682479213	-0.04219653082975117
X960221	0.011670226819213972	-0.017488876761443728	0.004632335811724105
X960222	0.015004516715589708	0.03266147709663365	-0.005794464654658362
X960224	0.019124073739955505	0.01724432241272421	0.010586705182657221
X960226	0.12227435726532596	0.012021820371020245	-0.04797635607174641
X960229	0.011195583694650764	0.018086334585327657	0.007417955230688503
X960231	-0.018714624251479985	0.023737931805809225	0.00378579826619947
X960235	-0.01528466778694183	-0.001122979584888027	-0.02827394584769156
X960238	-0.02054529888743411	0.0007394818659114016	-0.010530967202791964
X960239	0.0276472266309371	0.028651615493221667	-0.011266710958877822
X960241	0.01643781636935612	0.025758230687478807	0.006608375528339497
X960242	0.03494317293349497	-0.06787074139752669	-0.006101653943616777
X960244	-0.011316205102312477	-0.008219951599520004	-0.002162185848051563
X960245	-0.018792497123386542	-0.043525924504463236	0.004757074164529248
X960249	0.014934355292926593	0.026565601864161795	0.004972130637930047
X960250	0.006734547880973002	0.01887189956923798	0.010189608538180234
X960252	8.557836039466143e-05	0.004293233647329716	0.007732635830695813
X960254	0.0044224910118410765	-0.009663595057950392	-0.014446532455304393
X960255	-0.0018030638873179864	0.027940676766442653	0.003718586044417629
X960263	-0.02040247004459786	0.016391401924400983	0.0022738414497415487
X960264	-0.018752431090711855	0.004714287358108721	-0.006887437073880656
X960266	-0.0028346622411560885	-0.005163954083431407	0.009919109174769663
X960267	-0.003489022714421788	-0.010636888289502579	-0.002533044989212204
X960268	-0.006891418194198657	-0.00693545509920702	-0.007272547390679806
X960274	0.005644989673430768	0.0018950785906016376	-0.004830441051899853
X960276	0.007884222936824073	0.022273906770061278	-0.007007920132240038
X960277	-0.05896639347226012	-0.02782716760041677	-0.08494420561667815
X960279	0.028924533876150203	-0.02252907421637952	-0.03937172032560519
X960288	-0.00489394770954552	-0.002657680603667824	-0.0008168792418391052
X960290	0.005032146051685804	-0.003837911863601371	0.004302078386066831
X960297	0.012514979880548865	0.020216125407040934	0.007870303781841191
X960302	0.009859366229754987	-0.05239155735807442	-0.012937975294684764
X960303	-0.00927515428714318	0.019707667160000837	-0.013831271201380156
X960304	0.005824661293827427	-0.03498012631396356	0.017108986478122964
X960306	0.010710527027089021	-0.028027564128397273	0.005206336562479083
X960309	-0.0009610155354518485	-0.040377470982461604	-0.030819087725212184
X960312	0.0008250079941320071	-0.005559347809981445	0.06708138502808093
X960315	0.028149378805573416	-0.0027787701269571517	-0.016499142941441756
X960318	-0.001735396684718469	-0.0037215519182690502	-0.037636284334056615
X960319	-0.007638836668695596	0.013401722157122134	-0.012637341863438779
X960322	0.01596341498472755	-0.01166400067526504	-0.004549483900149448
X960327	-0.024139335880278345	-0.006254041475256469	-0.036681835859930914
X960331	0.017313695779034414	0.04756414708326728	-0.020937247817565018
X960336	0.032960085047094724	0.08383609064040033	-0.00941375468800325
X960338	0.08620927593044093	-0.00032751419012325204	0.038243802275467434
X960339	-0.005976870832466292	-0.016670206243649704	-0.005184766843775303
X960341	0.0075249099300809	0.015560916186898591	0.019103945054790517
X960342	0.0034209838574637743	-0.026897482154702595	-0.0022106544345271593
X960344	0.007488159230200932	-0.030958017007164555	-0.022415135153916466
X960347	9.025915522210635e-05	-0.0003599964561562966	0.0014463570698376802
X960348	0.004447694716976021	0.010901191015796032	0.005280473825780459
X960350	0.009129879247015027	0.021629368137367936	-0.012619615857707274
X960351	0.0070816243799760835	-0.007573060835032243	-0.007814808474992593
X960352	-0.02612596256146784	0.0009010363837313478	-0.01475802537110357
X960353	0.0022531647837759176	-0.0026433332435443616	0.0276557077318214
X960354	0.08315824439950528	0.03586329273204704	0.026217087768185408
X960357	0.0228467125407832	-0.015057761455248732	-0.0011867199172091443
X960360	0.07864380592699027	0.03583154180104477	0.02653940711154654
X960362	0.017538908777749235	0.022501740044496846	0.0041828978680965145
X960363	0.010763695574999798	-0.06314498033427271	0.0014642769912776887
X960365	-0.015856449465791143	-0.008370110579807584	-0.010589848796733968
X960368	0.004071686030003847	0.02086914580111679	0.004635412102848372
X960372	0.006198209696222274	-0.022606419221698284	0.011102277319835891
X960373	-0.011574278334855153	0.013196013033325286	0.006481430628522399
X960374	0.025567652111643722	0.01280085382296495	0.07936260921515327
X960376	0.022725792424898677	0.004133233340061137	0.009489278155009117
X960377	-0.0054193057698295145	0.04171090447558859	-0.02375094190186653
X960379	0.0007073223641583262	-0.011643192924711977	0.005222332719447148
X960381	0.0016598715663928834	-0.024529389010547586	-0.04506980756813488
X960383	0.01256536478993121	-0.03363374343111351	0.055928158372404765
X960385	-0.052678322297739257	0.08266164788015179	0.006402388942193309
X960386	-0.007842737211760872	-0.08390178961004119	0.0680949600543881
X960387	-0.006492319580227004	-0.0674175183243754	-0.04883430543421542
X960390	0.005838036083043836	-0.014323818490519185	-0.0214401461502044
X960394	-0.015381135398123068	0.016854347661308895	-0.047180267967307246
X960398	0.038491297095644805	0.022850226778466536	0.023181619671407985
X960401	-0.048873962308226014	-0.09331717311270818	0.06804026628672008
X960403	0.006837351555625918	0.005288988233278171	-0.03226677366687893
X960404	0.02376361465190013	0.013159763572781927	0.006777082115455636
X960408	0.09473100118763078	0.03868354687940452	0.05034328181370821
X960410	0.04041932923151638	0.0016079831767298017	-0.013129236803370053
X960411	-0.021202357994235862	-0.08301664261608804	-0.009943701595868777
X960412	0.034081062471874264	0.023405848925557148	0.020469637257020123
X960414	0.01205834814682418	-0.02602223487431264	0.010141359765398632
X960419	-0.012191512102170562	0.01819239501409045	0.012821587429918013
X960421	0.08796586844053748	-0.056540153035552154	-0.15803758816968355
X960423	0.01029187829523004	0.025171512859568722	0.007321055320753176
X960425	-0.026637298035224233	-0.03306892350451592	-0.00799914599332674
X960426	0.0005264447262255774	0.01603959806008873	0.0023431904651432236
X960427	0.004200805606919556	0.017827065670919212	0.009155657196072087
X960428	-0.00031437897932462745	0.006059342612872632	0.0013881288002134831
X960430	0.018893893774389322	-0.007286522073688752	-0.0026361290889419875
X960431	0.0068790137200934265	-0.010397876967493672	0.010087084806076218
X960434	-0.00392226065947189	0.02005613080227578	-0.005125937228290825
X960435	0.04350538451472325	0.019778428788387033	0.04969570016721463
X960439	0.01068384147049079	0.023613287556484647	0.00881450466128051
X960443	0.02444382398861486	0.001254260562477901	-0.06456271476956311
X960445	0.012922354913381838	0.019827622783193714	0.010445159839345597
X960446	0.012511817835591443	0.017864503681873745	0.00874204633597068
X960447	0.020503286397375815	0.01756461122119511	-0.017144448267131098
X960452	0.006590000670146236	-0.013562306900166457	-0.018989645541899792
X960463	0.016134405814330698	-0.08491248394714698	0.049445907293975924
X960465	0.10844547762465248	-0.07351083868756925	-0.1787293924472543
X960478	0.0076321362454727735	-0.020002555912840853	-0.0013059123672803064
X960480	0.005799580473808286	0.023966157084703767	0.012045411207699308
X960481	0.07418065733607802	-0.0059101415608481525	0.09467688738631957
X960483	0.008728028096270194	0.03230450969457677	0.015724557794278345
X960485	-0.07868357464261772	0.03440632867560579	0.007201176386593193
X960490	0.012232456729715036	-0.005417784237424525	-0.011986744099070211
X960493	0.003971526695464747	0.07430583849778441	0.010895949987286645
X960494	0.06307019990487285	-0.09387972034904292	0.07890637391861223
X960496	0.013960267377437727	0.019358990500835626	0.003257391466434855
X960501	-0.01293962996214033	-0.013069601628137442	-0.013161912398836443
X960513	0.020104578014557048	-0.007675834553136622	-0.012531441241952424
X960516	-0.014930980579858094	-0.0009793006948598606	-0.006305235795296645
X960529	0.013384140084113887	0.02295360874799201	0.00043734447428866655
X960538	0.010606814903744512	0.007377125983411332	0.011666660025946383
X960542	0.09683509470113172	0.03867614745185219	0.06374492321653251
X960544	-0.021578599466997996	-0.030201714176196694	-0.03002089988666972
X960550	-0.00011376337362429019	-0.02655132491609858	0.04061819106587864
X960551	0.009478519001730306	0.01714383390920865	0.01857718255196153
X960553	0.005135832753643385	0.021618023117377	0.007530891103200961
X960557	0.03969232180691048	0.045376395879124475	-0.011417828381394103
X960575	0.030710196508212127	-0.032129539496358946	-0.05075009508587437
X960577	0.02559372235191776	0.010089633357212394	0.005133943677696879
X960589	-0.02373335559094404	0.005603553446785674	-0.06620347192022864
X960591	-0.056401215205246887	-0.008239334286606902	-0.08299895168101504
X960592	0.06041425123259076	-0.060806835277416336	0.0664409400109587
X960596	0.05472181378602872	0.09001959674334785	0.009651765191046551
X960611	-0.016081857919774352	0.013383938547400309	-0.0077054509839717174
X960612	0.03956051407528862	-0.01821388427282805	-0.007286100490623675
X960616	-0.003826912629267212	0.02369791691959257	0.0027848825406673566
X960632	0.00601516477920242	0.012967338807232422	-0.004010416891263797
X960635	0.0217188535286843	0.016986305498342888	0.008826260968106382
X960636	0.020945847819146667	0.0027034456196762067	-0.0014344412402639427
X960639	-0.008072669844224018	0.015313669993163562	-0.025073415349029377
X960643	0.006733945195839111	0.010990802013736874	-9.868907102966879e-05
X960651	0.06577728153621001	0.0053673208476851106	0.0021564681131072618
X960658	0.02091677006801008	-0.006197027524121495	-0.03514686737273917
X960659	-0.010604051367940417	-0.023842101450153246	-0.033766426887094546
X960666	-0.017805073560509893	0.02385698526162954	-0.00628423752625712
X960667	0.01268911107744768	0.01620455905209215	0.0015440374497732643
X960672	0.009446140609167255	-0.03394684349562433	-0.0042710495016505656
X960673	-0.030362319399024024	-0.056538560333877816	-0.11230191087029467
X960683	0.016379477948727784	-0.12044449111552614	0.14523331883132692
X960684	0.010382068784888664	0.022264996616709325	-0.006268385811059357
X960692	-0.0044471764584767875	0.0005461867202308888	-0.011013874760284401
X960693	-0.020738031221335003	0.007862273492290475	0.006619234307215987
X960712	0.022228533434247372	0.004705421085524728	0.052929966978283775
X960719	0.012842546997205337	-0.002848074777968795	-0.01565853319900536
X960720	0.09114182455907616	-0.03809433735257517	-0.12430276330145777
X960726	-0.02374637027670063	-0.022812068642839863	-0.002930784880351203
X960743	0.04383447886445084	-0.05493955636862517	-0.055813007195603566
X960748	-0.0027965876453619597	-0.0006576573533674591	0.004226057898501776
X960751	0.017029413056661523	-0.013884988097874243	0.013253580594643766
X960760	0.019462655408971394	0.0004288681109948668	0.0425854027758685
X960764	-0.06584754686338141	0.0616756195544766	0.03210082096064702
X960788	0.0023041337451440683	-0.03051630148306101	-0.027046463187089868
X960792	-0.03542222862997562	-0.021780847456435732	-0.07400765838636965
X960793	0.01344674911969522	-0.11557164008812429	0.18212567520148787
X960795	0.0027264230836003783	0.022476757813719307	-0.010759242272714463
X960796	0.046436680776719516	0.014691660521901106	-0.002761040955817966
X960803	-0.01673941000652588	0.009870210083906919	0.004295556904379506
X960807	-0.032651481932817236	-0.009511510992917261	0.0018896970103588974
X960837	-0.013296643342921752	-0.061132057088949754	0.04357732172243694
X960841	0.03740473093986048	-0.02527709459606119	-0.06997336961017772
X960843	-0.0043813246218813075	0.020293465819472455	0.021921362270062587
X960848	0.06516709772560315	-0.11071822247505997	-0.004490029598391087
X960850	-0.02328416079437018	-0.024870835978709323	-0.0019881619432413084
X960851	0.00824502433116397	-0.07625323786750299	0.0649819455519716
X960857	0.03583862415692702	0.022188224230942046	0.0170594352652803
X960865	-0.00935389417455844	-0.023555462622093768	0.020545653698337663
X960870	0.0019462497340624293	0.006374406065040222	0.010557636127632688
X960875	-0.02624839226924082	0.0032721093224552626	-0.06356942367333343
X960883	-0.00609039976445162	-0.0039040283909644	-0.04939605557937571
X960884	-0.03448371791385014	-0.028271229412257376	0.022987483747494642
X960892	-0.007665798986332029	-0.03222553113421439	-0.024652491641809653
X960894	0.006080662081385521	0.014428156622903998	0.016801312495781803
X960910	0.020282065959222044	0.04819837203816217	0.013392894143990492
X960911	0.02022069672465568	0.017173803783942045	0.011503696212297852
X960920	-0.023498422102650688	-0.0493819277456398	0.01470701493655163
X960934	0.05117764091511874	-0.05562203671846731	0.035086316034219904
X960939	-0.003683380671394092	0.01903135665075465	0.0038070250277732836
X960943	0.033404325238774506	0.04183962877035186	-0.0021775186613956312
X960944	0.02735315013390736	-0.09843742649253154	0.1784724715302999
X960969	0.0058793813813117135	-0.01001090635806004	0.012631115115199626
X960972	-0.001888161652179857	0.01911609841181068	0.010025153985692628
X960974	0.015859746026346745	0.005656615757696692	0.0003029912944025335
X960981	0.0046307988772878944	-0.007355336769055409	-0.0021774726713579174
X960991	0.06308101466800818	-0.016718725419781456	-0.04954033387882818
X960998	0.019734972677314475	0.027799657194574775	0.023806063990778212
X961012	-0.016380609921952182	-0.011787675140121565	-0.01192128773816316
X961035	-0.038646109704115056	-0.04185680814104689	0.0279282629569928
X961077	0.005803788112520967	0.02701789283455655	-0.010328379984872935
X961092	0.013819046612201636	-0.01107520904575203	0.012163884709556616
X961096	-0.0058713853167513905	-0.0019576667593656193	0.030475369160579427
X961105	0.0018897698610705444	0.01337702554432515	-0.0025316280849823195
X961124	0.03504382966015264	-0.0035143388389756876	0.009317665018431549
X961128	3.363934054265406e-05	-0.027865449502515953	-0.005775943003917499
X961151	-0.017744577686297294	0.04031254325446687	0.013652693420585026
X961177	-0.02872169311917233	-0.040920200453876864	-0.016405848412140094
X961180	0.05284802164994755	-0.04318374368380821	-0.08781609568070005
X961193	-0.00995952499903232	-0.045669095337313226	0.011116424591180478
X961214	0.03671684336834006	0.027589521826847846	0.009565232927743953
X961221	0.004146954924499678	0.016023634861976135	-0.010565108980827766
X961226	0.05297579277452287	0.0043629041486963685	0.014481153221992305
X961240	-0.028350639542605954	-0.027577389439642514	0.0014754869133054153
X961242	0.028007936903555814	-0.015248639548518069	0.0018548000644724835
X961243	0.15226806772584112	-0.008099056811667364	-0.1444754571230636
X961246	0.010311662526718375	0.017070786528057987	0.015856545790904463
X961263	-0.01847247365299319	-0.007611389309201221	0.003135215372707977
X961282	0.0033054630966140646	-0.004491159785101435	-0.008613366964840127
X961321	0.025306501574320267	0.02014628826736933	0.0087076229229827
X961325	0.09159741189146423	-0.03280603328688697	-0.11137186077517289
X961339	0.008671638201995397	0.019529403302561154	-0.009881093664569499
X961365	0.022898127171918352	0.0323018739187681	0.0033733420893718494
X961417	0.009901926415774677	0.013174917237268826	0.0050123160299857675
X961423	0.00835576184658768	0.039122751287435406	0.0013545914093076007
X961434	0.011247493606809487	-0.007117909886733519	0.01702447484266444
X961485	-0.04493253237855182	-0.05991426727165477	0.05714042783686565
X961553	0.007406605275956736	-0.006030784658313489	0.0002989696872435957
X961577	-0.009320991899731767	-0.008624536789942175	0.018231269681900034
X961634	-0.004523902381843597	0.04689238808484338	-0.007847918265273071
X961684	0.01481475465182713	0.007602217417574522	0.0026084095602167123
X961686	0.0014812436724008626	-0.006020493447455555	0.011007961374429874
X961738	0.021973863109128276	-0.008892865026215157	-0.010088165613392786
X961809	0.01713320261545526	-0.006050557813599972	-0.009604483187454745
X970002	0.02007415360806937	0.008469345255179951	0.000870430534319998
X970003	0.021413666403144755	-0.0005779960324433517	-0.00555301005337138
X970007	-0.032504618840678186	0.0016693443530632253	-0.005213476153156957
X970008	-0.010827582968131367	0.014955126323029673	0.002443968810813111
X970010	0.01610860802009595	0.010687680535063694	0.006335749404180365
X970011	-0.02215201529835316	-0.015442787356618524	-0.0017251886979127936
X970013	0.01670733592212867	0.006760115334942979	0.006536751022993455
X970015	-0.020599917584799465	-0.048407912136417756	-0.018075624236374342
X970016	-0.012388396112847047	0.013424175961918914	0.010484513611986069
X970017	-0.02541604014431631	0.04604592312669077	0.01217085218925066
X970018	0.03898198872826184	-0.08822085534508849	0.009212606461014608
X970022	-0.031576906157587556	-0.010353967216059861	-0.0034666048476193474
X970024	0.015527696521327088	0.001866840066532213	0.0008090513493859949
X970026	-0.004116651994528667	0.010553710240266771	-0.003589090062720245
X970027	-0.006818718525509658	-0.0004595838666771626	-0.005774293022854207
X970029	0.011022685435383766	-0.009478821842639673	-0.012485960799577636
X970030	0.027862710981721894	0.013985217930482593	-0.004393594084992258
X970031	-0.010880342630695521	-0.0464569576742234	0.054499360441506585
X970032	-0.04968627363241574	-0.014953546109104609	-0.0946770537081789
X970033	-0.014930297124680495	0.035673439492793516	-0.0074805228785284885
X970034	0.01779223935773212	0.035659970102004404	-0.007373499134945265
X970035	0.015166248694313827	0.003763796588422506	0.011001311488195858
X970037	0.012729184967960768	0.013139634053516829	0.0023157693881529326
X970038	0.024875410638803167	0.022199917821760163	0.01093943842854059
X970039	0.01939700740462197	0.010605088802382324	0.007361781929570989
X970040	0.04630696129457193	0.017564001712758206	0.004316145256657962
X970041	-0.0026104674586314484	-0.01077685818235955	-0.003826096681009559
X970042	-0.020199400136788406	-0.03245284212901067	-0.012852893730964139
X970044	-0.0010294662122873205	0.02092344905033014	0.007470118889859645
X970045	-0.028279814581863082	-0.036228991567408886	-0.02263134218253356
X970050	0.021260384731755993	0.015356093241023785	0.008394990467372241
X970051	-0.015027254812719167	-0.024568843033002257	0.006815368340047049
X970052	0.019645095270024074	0.008971381984254182	0.005906212633107319
X970055	0.014270690018497956	0.0072168333228978115	0.0009288274208028703
X970057	-0.01126484283032915	0.037278402487814596	0.016913560410410342
X970065	0.01310947804609475	0.011750873383193966	-0.004383071539557535
X970067	0.009181605471088821	0.015828532643286194	-0.0029575572482644467
X970069	0.004346108137579939	-0.03237460637581697	-0.03723542894706802
X970071	-0.0023175320762981585	0.009870134818395998	-0.00515384901743975
X970072	-0.005152356485796691	0.01134310215053487	0.01609304600210593
X970075	0.004812264458054447	-0.004100496528077304	0.011602772790109055
X970078	-0.004119459878975542	0.014173045089290851	-0.001827976348636409
X970079	0.017185920618227036	-0.004619264778484622	0.012487776465549152
X970082	0.022317477268160864	0.00217108121979023	-0.01374340856559337
X970084	0.01797808777051264	0.0009558730400384775	0.008327308498965302
X970085	-0.024332086880920225	-0.017826331776686025	-0.0038042796985335403
X970086	0.023067011759305513	-0.010741317737533696	-0.02288311575780727
X970088	0.010001704069186428	0.013304843646353365	0.0012098769333282891
X970089	0.05628626529927967	0.028959020517230927	0.025365909810025882
X970091	0.014852050733179394	-0.026552801806849664	0.006124714729296632
X970092	0.027732413282353242	-0.024143281741989736	0.02384700276457829
X970093	0.012525811369008533	-0.0032266603936271314	-0.00869254885399375
X970094	0.03471901085824786	0.024800651980251526	-0.0018492250610066346
X970095	0.011039381903480978	0.01657564418993876	0.00743014639968434
X970097	-0.004232780110513515	-0.004946767285881151	0.03859629622679181
X970099	-0.020485289788910115	-0.0024737537618607303	0.005531433597361211
X970100	0.008851218082447205	-0.026380888189014174	-0.0087330871062965
X970102	0.030620158797470008	-0.059475685557217446	-0.011693415328196706
X970106	0.027175731241651162	0.010966009688359991	-0.007366371465902949
X970109	0.004806402323981918	0.004507927921934689	0.005469364265664964
X970112	0.009070107625250118	0.011448047535678695	-0.010075979472036058
X970113	-0.03569940545085335	-0.018616138565733284	0.00041666768633286913
X970116	0.016534714572096546	0.020418319201224708	-4.845111556743624e-05
X970118	0.005171773903797228	0.010896093166839949	0.0020064948805767944
X970120	-0.013248262144549033	-0.006885221581915883	0.004379792606581789
X970121	0.1599921234773329	0.02634792026516223	0.07298746801315263
X970124	-0.008311254199086232	0.014771281391850353	-0.07558743079597634
X970125	0.003275687006788807	-0.0024879886764021383	0.00090025665057672
X970128	0.0804109173662007	0.03106631267978909	0.04412794453628311
X970129	0.0224152363604411	-0.004264530914657322	-0.001818735777299009
X970130	-0.023423186512210852	0.004645473842649239	0.007336714804771441
X970131	0.10017429384616162	0.027948745115589924	0.06281620065001466
X970134	0.0002358434665037066	0.0022709431997068896	0.006852584191728836
X970135	-0.023697394603121886	-0.005097684446232709	-0.00466641087822017
X970140	0.022544063258318158	-0.009925836642048939	-0.0005173508473917183
X970141	0.05442956372944951	0.03321122870452023	0.02945479949469493
X970146	-0.0204073106600959	0.0021702578725275473	0.003562681231876983
X970152	0.020520104680159745	-0.07214448584520895	-0.016422297656107716
X970154	0.013705311409816125	0.012732927463276908	-0.007826856315586175
X970156	-0.0188986534069856	-0.007651999359262033	-0.004106721908298467
X970157	-0.0002628974342270942	0.016346887941395948	0.0015895660785136675
X970158	-0.02656467466785567	-0.030422370765625324	-0.017265863636057713
X970160	-0.024306025820168997	-0.007106624633957827	-0.0034768061372454284
X970161	0.008977062416472071	0.06752040144710672	0.018814892156981285
X970165	-0.009149307673115828	-0.007923897717013108	-0.007125754865137261
X970166	0.0534088382418375	0.024084973829430683	0.01764239162407958
X970168	0.01046742269327283	0.026740193789147396	-0.0004208438589610805
X970177	0.000797977112046586	0.003126594517525415	-5.382995693802404e-05
X970179	0.009950802966568853	-0.010544369997465204	-0.021241354428495323
X970180	0.0052473812464280695	0.008406652116423382	0.0065527121429405115
X970181	0.0324678746546888	-0.010605454640951953	-0.008745293772939944
X970185	0.004745526694161883	-0.023402259851470913	0.016498270521899977
X970194	-0.011129191697700956	0.0133430528783693	0.0063550717694250405
X970197	-0.015457257945240997	0.004080983956160175	-0.001960811181338801
X970199	0.017954202486643707	0.004588846286181174	-0.0026572934235231304
X970206	0.01902522656466057	0.010296468841706919	0.0005914265859206344
X970207	0.028694544016429957	0.013045159431899083	0.06810006003775695
X970209	-0.011118289047702505	0.013183913786875641	0.005865286558567172
X970216	0.044872214245154037	0.021155907504088002	-0.03474332766602129
X970221	-0.007552629881406179	0.0012060301625823999	0.01876967063018161
X970225	0.011804963839649346	0.012771823726131195	-0.008123645066951742
X970226	-0.0051640487158397825	-0.01477074055047819	0.01871568522243661
X970227	0.011367726394023793	0.015264914535857451	-0.008534812797335834
X970228	0.0018645852315861368	0.02054325642276004	-0.0006335423454687138
X970232	-0.0064836555980793565	-0.030880240918413338	0.013557823709147215
X970236	0.016442227875655982	0.011748282027406888	0.006129263554987663
X970237	0.036628675308752266	0.04499474795916388	0.0542659110270838
X970240	-0.02968937907701247	-0.0728921364946264	0.02468427601232259
X970250	-0.002268628629355553	-0.0024235539894286646	-0.016856506516667924
X970251	-0.011583395996623872	0.013478768494325482	0.046086666073064525
X970254	-0.014254457312827729	-0.08679566245917565	-0.07279297932264148
X970255	-0.014327280817085576	0.029147273090109654	0.004513066343924052
X970257	0.03945427453556552	0.01347987788771603	0.007145074168297309
X970268	-0.02026457291789902	-0.011810057732262841	0.007244672985203535
X970269	-0.013878575375500458	0.005717252641887836	0.02683601581045747
X970271	0.007125637468015846	0.038449767838393455	-0.011425662191252432
X970277	0.03464351314218317	0.019357124257739385	0.00407194238423555
X970283	0.03919866626592582	-0.002584159536503679	0.012743471225923387
X970288	-0.015563708360111155	0.0009592242182888161	0.03269449823865599
X970296	0.0065540661435776765	-0.061660777418656054	-0.019641924558104668
X970299	0.04242993047532746	0.016280715179523193	-0.006786327000690021
X970307	0.007702000580762952	0.005972668721989979	-0.0033514122251363417
X970312	0.03981994624988044	0.012679873959227086	0.009065667222117837
X970323	0.014639270168265828	0.013794351138993119	-0.0061549454713727865
X970325	-0.017283098858502613	-0.015393270072362072	-0.008032943022242013
X970327	0.011924108953388137	-0.0585704329016407	-0.03598099376255071
X970338	-0.019468328895178612	0.011154985276552344	-0.018880605735198848
X970342	0.013690214576290872	-0.05693434647360578	0.0025076358346255373
X970343	-0.036244056549504	-0.045377691331811215	-0.03071225813197229
X970345	0.0034170500046811873	0.02392631809768191	-0.006178176211152753
X970346	0.027696748850407987	0.002607070074241215	-0.01614049955908824
X970349	-0.00450545982071908	0.009575472812374483	0.00858365301790101
X970350	0.037412311046301085	0.022794430497859525	-0.015437733871324478
X970358	-0.012928783731287356	-0.0006983432214309466	-0.0057004660606639335
X970359	0.009771711577817905	-0.01231740908748278	-0.005532615170573922
X970361	-0.027355383450345317	-0.04845640578184594	0.023172375465606795
X970366	0.07246002516702854	-0.02237402593252987	-0.07189276135456828
X970375	0.0296438993765629	-0.0074490352436406195	-0.006646898496565254
X970380	-0.0171217765236245	-0.01348597994436801	-0.0018966164958388167
X970381	-0.001395763674835515	0.002291243334542247	0.0018875294734481578
X970389	0.037596497759706915	-0.003105983948772122	-0.046405661178818745
X970393	-0.005281048863490434	0.014823745864170656	0.009872840393405786
X970411	0.03553380832991679	0.014235020212811757	0.020570665564410527
X970412	0.027990196174032558	0.0013291377344874517	-0.008000494554772326
X970414	0.02844731554529714	0.02600284351600793	0.011279069995050453
X970425	0.0074071932374290056	0.013132016856479405	0.0003893056759714325
X970428	0.014372437912659769	-0.0009005986080384401	-0.04516434818244666
X970432	0.01726623509679663	0.04923835248606784	0.004892983225964748
X970454	0.016741338558559474	0.00580875447849357	-0.0026487040713611496
X970472	0.008040255791778996	0.004992476747272488	0.0008855772517974624
X970474	-0.0027113488208035065	-0.02075304648278162	-0.0038321829835532163
X970480	0.010708783971034178	0.004799791552474142	0.0057010563769894305
X970482	0.05362944940074824	0.017057814689552704	0.019703301923971534
X970497	0.048223621599305454	-0.013396128803893499	-0.02961970034080026
X970502	0.0057477546358185114	-0.033259018831267764	-0.01571488921368434
X970504	0.017314059586422355	0.08302581654711619	0.027081123156984025
X970509	0.04677748901843547	0.03260094222208764	0.0045256945162010795
X970512	0.0186341613189296	0.0187517032738762	0.0014652779509104696
X970515	-0.00048653335888896963	0.0059928976550045945	0.0018978596442664648
X970517	-0.02441049523251088	0.0033907512459134745	-0.005708230784627293
X970519	0.025599571179727842	0.01802690187670615	-0.004380739328365532
X970522	-0.0004403104392079191	0.01312202194506225	-0.004934411415169595
X970524	-0.0005886948744816886	0.010572980124133447	-0.0050803989049262735
X970533	-0.0032715909473060847	-0.006749523813078495	0.013201490405541342
X970536	0.0062536414245203025	0.010615979490783958	0.010777935459484727
X970538	0.018580803954060754	0.004070368146734655	0.007495260191794472
X970543	0.00564287913335216	0.0160519905913851	0.006412582019468455
X970544	-0.021043468885252294	-0.0012048282617899682	-0.011868602197210122
X970549	-0.05769560571547113	0.03464715855513593	0.011698384414647413
X970563	-0.016402262672418948	-0.004268934312328359	0.006611816095944177
X970564	0.002120142384395997	0.0017223714209348418	-0.007174690097504115
X970573	-0.040363573221084234	0.011451594437885185	0.012195557838516918
X970577	0.009569174791714645	0.009966786991901535	-0.005948657288775913
X970587	0.014469776132122221	0.017582010870418514	-0.004695423433752007
X970599	-0.009834197789124685	-0.03206624728597161	-0.02210629018657469
X970614	0.011112058287353116	0.019001724676352787	0.011502800882068738
X970625	0.04035094336874326	0.02520402850024774	0.003886990013049596
X970633	-0.026159429197692572	-0.010104045531832641	-0.005152914785744464
X970638	0.03009870358543258	-0.04920211414130368	0.027169011814539908
X970649	0.015362507348135114	0.02027776364828248	0.026201491055357552
X970659	-0.034732142796255534	-0.003019624101460643	-0.012251513038807308
X970663	0.012936483096337974	0.004560799779550936	0.0015557957685782507
X970664	-0.012835377182458219	0.006380969306772853	-0.010914580788215363
X970677	0.003414211616092055	0.021248623770892972	0.012143964887737495
X970680	0.02170314039875212	-0.014506954285082243	0.006935567792777176
X970687	-0.011990575147353128	0.00853903403249233	0.002459768723226784
X970688	-0.0037795054069443765	-0.015589384286307448	-0.01050930481378232
X970692	0.0030807986428858275	-0.026024967995025242	-0.003145783966451431
X970706	0.09088810608600018	-0.026037195537925693	0.046874915583680475
X970707	0.002835335302207547	0.00020481830012588216	0.018262353901987542
X970717	0.01201083265381908	-0.004457706809650465	8.517264512466527e-05
X970718	0.0034540849537404435	-0.006080523729551183	-0.009758397220067236
X970731	0.015457166449536989	0.009583622774962972	-0.0013041143822653306
X970732	-0.02193615985632657	-0.0107223056301078	0.018471976452624075
X970737	0.013508779722322686	0.033693259695129985	0.011236791460916154
X970745	-0.020216886720362696	0.005856960612521891	-0.00792725560437028
X970784	0.0026892155599164027	0.020179648517576254	-0.003063757768410438
X970791	-0.05689948570558518	-0.05438551097711779	0.00892548354443552
X970813	0.00934662741488062	-0.008947289919904997	-0.0015047298197225938
X970860	0.01421299977630606	0.012507430040933765	-0.0030707517259793704
X970932	0.02784482393126636	0.0037640518697096724	-0.005192396050267323
X970960	-0.012092129355696831	-0.05837716929406564	0.008808853046245877

Biplot	0	0

Site constraints	0	0
