Eigvals	3
34.52258928137762	23.723803343882924	21.002666906216504

Proportion explained	3
0.5427824573031109	0.2563230786203968	0.20089446407649222

Species	12	3
Propionibacteriaceae	20.093623607563906	-3.535670993257861	0.38860584669201703
Staphylococcus caprae or capitis	-9.396109678654753	-3.8068632167829803	-4.119650675876929
Staphylococcus epidermidis	2.5348411876593193	3.0465928543110867	1.8960321417931367
Staphylococcus hominis	16.79370614814598	-2.708573511290723	0.3287578288165837
Other Staphylococci	1.4508281981635198	1.781563379006196	3.411885742193345
Polyomavirus HPyV6	2.5631893890297506	0.3915808930526987	-0.1750926045199478
Polyomavirus HPyV7	-6.719370183938637	9.38018355897256	-4.394723453403476
Merkel Cell Polyomavirus	3.330066002070957	14.061003426090242	3.2385619313951626
Malasseziaceae	-0.06810810319472421	-10.518404695666195	-12.362854042711184
Corynebacteriaceae	-5.909710626221649	1.2562824104110406	1.2887340480113574
Micrococcaceae	-14.219797447066872	1.4202414641722494	-3.9476732295868096
Other families	-10.453158493556797	-10.767935569018318	14.44741646719676

Site	1225	3
X940001	0.0034099828018353726	-0.026683847279431034	-0.012390508363686933
X940002	0.01571230804932533	-0.011426268382185247	-0.004666495232112388
X940005	0.019453527612650734	-0.014460568183750352	-0.010817454285922715
X940007	-0.005131460491088553	0.01269676773598769	0.043985511051305125
X940010	-0.015760204862516655	0.01265511572637526	-0.030027271209271254
X940013	0.012549074372131494	-0.015979748053381895	-0.005640689929151432
X940014	-0.0910391249057427	0.007249657347078409	0.014095655236368472
X940015	0.01454483078793624	-0.0011887526669766102	0.004691376925042696
X940019	0.0044993588357641855	0.0069620332836067	0.00226155159003196
X940021	-0.020831677735377814	-0.06366621495525288	0.05590060682971404
X940022	0.019084896994929386	-0.05467510144989898	-0.025842985302792946
X940024	0.007711632136196286	-0.013408830828569961	0.005167362533537499
X940025	0.0046717597976362445	-0.005590100324780465	0.024215566840147196
X940026	-0.03363531233543421	0.020516912790953842	-0.007045614753295286
X940027	0.002567455287159088	0.002207789364974234	0.0047095915661700665
X940028	0.014435513844447861	-0.009709286204843624	0.002951635140941812
X940029	0.009523184932592712	0.00935901449616055	-0.006620884770273131
X940031	0.002450238726467702	-0.011373363051673569	0.032282569036447856
X940032	0.00814584317683063	-0.008091404950863941	0.0050292801433809865
X940034	-0.01026731897376049	-0.018898737631278233	-0.02697258557489101
X940040	-0.00011943792091805201	-0.03639663323369277	0.02191797332475343
X940043	0.023632643631344194	-0.009874525931755562	-0.023537761670082303
X940045	0.06330217514318026	-0.004934527134006794	-0.0628870401033216
X940047	-0.017137115568282457	-0.07735872881974915	0.04306294286191464
X940048	0.012734685099498924	-0.03926090307513812	0.0005554290079627948
X940049	0.009580607647602012	-0.001550726511176535	-0.0021520879335389562
X940050	-0.06323953532214878	-0.008010058396578977	-0.01886351525977825
X940053	-0.004813766478619377	0.02245191764568594	0.04847681388662155
X940054	0.006312766461350066	-0.05861264173428747	-0.0007645540480772645
X940055	-0.009202874272596287	0.002303037669391298	-0.0013131816043462485
X940056	-0.018896663237462107	-0.0074324904154654025	-0.004984687434776058
X940058	0.016607837812973158	-0.006990254733911012	-0.006245021129891589
X940059	0.010651046745826091	-0.011805148878722999	-0.014771964536183341
X940062	-0.11601517254945252	0.01339781592375606	-0.007142597568592483
X940069	0.007721688911713516	-0.0003099967210179504	0.01963395716699068
X940071	-0.035943116038807094	0.009979387323666291	0.07638395469829108
X940072	0.007586613108841472	0.0018908054473974715	0.01105522847175356
X940073	0.0058079489070577165	0.09237608765256715	-0.08649297465376626
X940074	-0.020701198764223803	0.014040130266309684	0.06883496906652563
X940079	0.028091866207189724	0.04725857580747403	0.13913699150660025
X940080	0.003100550787972838	-0.02161192226954428	-0.002822164776071865
X940082	-0.11267067712518741	-0.03451275140546113	-0.051249472282245065
X940084	0.013871676878626032	-0.016127693366896248	0.005380211002594623
X940086	0.01404919259450196	-0.009696562399639064	-0.04935174162186722
X940089	0.003597626702693829	0.025082002200457268	0.004885684453871129
X940091	0.027772113845259187	0.11207310435491652	-0.02720181523762444
X940092	-0.0162945907036727	0.024739949513782885	-0.02305286342034381
X940093	0.012436351644992814	-0.015377757338270875	0.005630608331756403
X940094	-0.11515700236475221	-0.030422696328925233	-0.04934931108849713
X940097	-0.009587731295306243	0.02693996291329323	0.0388142611580281
X940102	0.012024133902635414	0.006667385963497193	0.0314280982016714
X940104	0.012325726235675122	0.0004324443325175643	-0.0049870174994395096
X940108	0.016922124322891786	-0.033502827965463014	-0.019591289485308503
X940110	0.021802495090966212	0.009559782997380986	0.08203817486413849
X940112	0.00614080111735246	-0.007639021174135801	0.008959053732302248
X940115	-0.08593087761143749	0.015570166048232855	-0.01085949822294865
X940120	0.03616669791825924	-0.01741792326210033	-0.02102215318831773
X940121	-0.1766725717922484	-0.052643652020039594	-0.03935970812329252
X940126	0.003524034986167973	0.012706826068989872	0.017779547127488964
X940127	0.05080231787446287	-0.02571912697052566	-0.03509242568986333
X940129	0.016330850648895612	0.002900989396922828	-0.0026942739157068455
X940130	0.05111591421672197	-0.019488108885240985	-0.041355663658567
X940133	0.012746234253190096	0.013783158234836865	-0.0027473597686542305
X940136	0.019387267083858264	-0.006584467328999706	-0.006447951867065381
X940143	0.01790066408091758	-0.013640013601570914	-0.002829776139155743
X940145	0.009031142322460573	-0.0038826662231613543	0.007979757847927479
X940147	0.009415828124187153	-0.0029686304573523187	-0.034265335968362017
X940148	0.011823236296551293	0.0102550342890989	0.017317339530462834
X940152	0.015903972774051436	0.003753143692301662	-0.016328054728211704
X940154	0.016887407173010155	0.0018262569830432504	0.004300601679840404
X940156	-0.01895435430086155	0.036742993965356886	0.0411242744770523
X940158	7.360025870166306e-05	0.020073085796301897	0.029058543964715144
X940163	0.0063736957855944805	0.0217620216813736	-0.02197004951155043
X940168	-0.18766224714898042	-0.07509901577141782	-0.06404310949623968
X940174	0.04084472938013356	0.09994559152869538	-0.05419868016538388
X940176	-0.08290832986607552	-0.02669195185179877	-0.0004370332653049948
X940178	0.017258433050628994	0.010767184094139995	-0.03442698771731363
X940179	-0.00016444559044152154	0.014104725966512133	0.029737063073077517
X940182	0.02299412153497174	-0.004928565170805817	-0.006728498180808783
X940184	0.005336497578348574	-0.021875025775204154	0.00336729872035671
X940185	0.018614775290807076	-0.012487750191008782	0.02621153817646202
X940186	0.0007279750196834553	0.0026004550426251094	0.0029172358247749578
X940189	-0.00482248088919438	0.018821953598569325	-0.0020901281726119314
X940193	0.0015487624317328482	0.014669509103714836	-0.007734560169054597
X940203	-0.004239076689614649	0.011109000750689513	0.0043748634393425525
X940211	0.013160152940520755	-0.022565220038181247	0.00493577453280854
X940213	-0.04119710106239527	0.007072722821340862	-0.01094041651871212
X940214	-0.004851727838720978	0.01824824093755388	0.03782213673155465
X940217	0.006356052363394037	0.00922379408448506	0.01722948190293501
X940222	-0.02989837303516339	0.023847821156286156	0.0010704023771395176
X940223	-0.016492705879638397	-0.10887555034454507	0.03781545265866881
X940227	0.013484471713723618	0.020059378049004217	0.01468398345486019
X940230	0.0022723227373796792	-0.005587893671343324	-0.03909365927753105
X940232	0.00896360289108877	0.02815123018200014	0.014366441157466568
X940233	-0.015041568003737061	-0.0202186366964488	-0.03039094592968805
X940237	0.016103842987356183	-0.005122506833060459	-0.022355256456055093
X940239	0.008672973181885417	0.16211150495411764	-0.08585568226393069
X940244	-0.0059470022117356835	-0.056629231580494495	-0.004987298693373598
X940248	0.009361233075776038	0.01727484551674761	0.010101901122922762
X940251	0.011139060380513387	0.006735367884037414	0.0058265269977928694
X940256	0.014716853037236032	0.010841162412673435	0.015488081169383354
X940259	-0.013813009340559542	0.03141047503665448	-0.0029907504015503497
X940261	0.02347304449005371	-0.052328498248257464	-0.038695484221533516
X940264	-0.013448909912992028	0.036611146325797234	-0.007023767775804144
X940270	0.009264348082630451	0.010119265001677974	0.010748888873008193
X940271	0.00450485273103421	-0.052794617057572775	0.017479078264323634
X940278	0.016925267001786107	-0.008523930247567433	-0.013571832788025186
X940281	0.0017579558061319072	-0.03986563753710222	-0.04011555883424052
X940284	5.9037037907245076e-05	0.021436456435890473	0.028334441145021292
X940286	-0.01582717389106605	0.04520009584950495	0.00039713203572510855
X940287	-0.003310434944873065	-0.012339127866120214	-0.03850126109111717
X940288	0.00046572108191260836	0.007503265400633634	0.01074719997721658
X940291	0.016029191921659053	-0.030058751326441834	-0.01890690965632886
X940297	0.009716587986524769	0.011626195832292954	0.014554563297137694
X940301	0.011165144575922659	-0.01605313140971029	0.005715502437856105
X940302	0.024918726073098047	-0.006789126660182166	0.00705223124505157
X940303	0.021152610522511273	0.024981327132095686	-0.019892386083207637
X940305	0.002683498157784941	-0.01291913281322857	-0.010325642599400914
X940306	0.0392855314773828	-0.004619476134258171	-0.015696092811545367
X940309	0.018489238035728165	-0.01695954877728137	-0.0017841700680209145
X940312	0.03002514747990625	-0.03391900737507124	0.03426181577745325
X940314	0.01924209385149252	-0.010283456487674666	-0.003402244057243796
X940322	-0.008489488025143259	-0.015129226708490597	-0.010260706745655502
X940324	0.041534231136139604	-0.03186564232204328	0.015893417174916623
X940325	-0.013087896561993795	-0.006415697259944011	-0.031461483081725854
X940329	0.014136978285958151	0.06441114925848372	0.07349804343173552
X940332	-0.07172557957926885	-0.03526015412265811	-0.017763299035318793
X940335	-0.01851255743748417	-0.09407111835538406	0.017127973495238254
X940338	0.0017580248951315923	-0.009253940558466402	0.005785218601353776
X940339	-0.013178218215612247	0.038985612175032505	-0.010952184415412724
X940347	0.01688404060334766	-0.005829782612586122	-0.017699236805061143
X940349	-0.001266812001135379	0.033020726663452335	0.060610756349811626
X940351	0.0016765049434808632	0.0152425363551353	-0.00844046529523392
X940353	0.008625505985276408	0.04391852237008448	-0.015439380330844066
X940354	0.007777061489406573	-0.026481937101126177	0.006362689607309356
X940355	-0.006128699020377702	0.022443809183091752	-0.06061862662673794
X940364	0.0318655289602668	-0.09213286253412856	-0.0330051868711529
X940368	-0.012102353587871185	0.016868174496876033	-0.019609451561375325
X940374	-0.025914069872424714	-0.003617024439490558	0.0047820641067538245
X940375	0.013423160530732307	-0.0019052285439212014	0.018244880132493625
X940379	0.011608806682772472	-0.0008701401472929606	0.003860100494948409
X940383	-0.027500306028839096	-0.0030991955467854896	0.015024416575059788
X940391	0.015653098296843825	0.016497804109861885	0.013833273689659949
X940404	-0.013577019046024038	0.04651287925471136	0.01349422099349036
X940411	0.005180311062504664	0.04783868785800955	0.014602458603496953
X940413	-0.06156732071459144	0.037079965199348884	-0.01452488701089226
X940420	0.0012300302757437698	-0.016551887795419697	-0.0194661472171854
X940443	-0.1461974446081139	-0.001966212891317711	0.023382675477516338
X940444	-0.01392373714030167	-0.055993206121867284	0.040951270978238405
X940445	-0.014799289292499783	-0.03446783806348174	0.0015182029666074555
X940450	0.014195281534216926	-0.022164746725038695	0.002850857549446517
X940451	-0.05951734547805649	-0.03049367104960479	-0.03080268290450088
X940456	0.00936407958022881	0.0012494628103301157	0.004165238527253241
X940465	-0.015228169074695378	-0.001287710084996325	-0.036650716833561456
X940466	0.006117018429299008	0.020572427920638528	0.01928003420862596
X940474	0.003412458420320745	-0.01859445806597522	0.0017771676094785855
X940481	-0.02096277864049834	0.02113550558989198	-0.012119174201758976
X940483	-0.0035588200354373595	-0.004822323722224208	0.059605279029008175
X940484	-0.0017375479632354973	0.0106291713283057	-0.014166233095404058
X940487	-7.506421431589517e-05	0.04824347781368037	0.028572195873043542
X940488	-0.0052027999188512765	0.022565212628751455	-0.006525075449721404
X940497	-0.11520839766073843	-0.027941306147924196	-0.0003776922480617258
X940498	-0.027092233785918476	0.015251379341652238	-0.028296937782557808
X940501	-0.12888695441878145	-0.010244808560237368	0.008539701126119964
X940506	-0.19319188074621318	-0.08690998760789757	-0.124654370673768
X940526	0.013890326331375411	-0.038197083609382156	0.011500475383165855
X940529	-0.04369654210895832	-0.10323954838144594	0.08776267530128518
X940532	0.00039889530388070686	0.007465443987464261	0.005265378714691068
X940534	0.009037308574057037	-0.013043935626780497	-0.01872941261940656
X940535	0.008492012416562006	-0.0053690131084132555	0.01795103374516185
X940540	-0.003916451033215459	0.029401883073693198	0.012514933479066079
X940547	0.007898854957074621	-0.020189465802624408	0.020688037938199833
X940550	-0.013558524359344395	0.002905392472545512	-0.010697829820882073
X940551	0.0033566496366204193	0.005330918483302926	0.034343847073780694
X940555	-0.045814307344053395	-0.02289452684931672	-0.02887112977601188
X940558	0.018570166743626566	0.012393883947221747	0.013988712615491006
X940560	-0.03361861474564433	-0.011231325175267405	-0.009294571787884691
X940562	-0.0019237240503413532	-0.06861665263706031	0.0023038001672169763
X940570	0.00734771411489298	0.020647223405276572	-0.03348157533689745
X940571	-0.016089519840355018	0.03391810716753608	-0.010962483383648665
X940580	-0.004126998414695231	-0.0008486123535806706	0.03278419950653822
X940584	-0.15402044622755207	-0.020327923620738084	-0.015991043314264833
X940589	-0.06513262913264313	0.0037976228196479607	0.007297799203822018
X940598	0.014021524174993243	-0.014502253002030377	0.007263229102593979
X940602	-0.04323056148855476	-0.07313430835289153	0.08477905810823391
X940606	-0.003150935049686104	0.0002699334968459556	-0.008372566028830733
X940612	-0.1059982807453318	-0.0417414887818806	-0.04710378022243847
X940623	0.010780640944361609	0.0166277272741633	0.012396403359573992
X940625	-0.05116577675585122	0.00906116188029736	-0.027647757047316236
X940641	0.008151924526421507	-0.013767317231627507	0.011707378054755883
X940642	-0.006382168681463442	0.02061161270476203	0.013934407275553291
X940648	0.007155709967383015	0.04666406886694334	-0.04309817420149657
X940649	-0.042796304341026804	0.02430261235704702	0.00016262958719403812
X940652	0.007607269291708284	-0.010844683587002343	0.009592052312624591
X940662	-0.0033515309743469258	-0.009149414948146927	0.022869300451763885
X940665	0.0021987413650546785	-0.0007031309312610651	-0.020713200141953426
X940674	0.010539792335611725	0.0039059634869346386	-0.0006763353597498417
X940689	-0.05737216660017318	-0.06305382862089734	0.09262040957226013
X940690	0.010912731403726292	-0.025035330548211197	0.016782033325017466
X940692	-0.0483228441621838	0.01338138576853257	0.029003339060954647
X940696	-0.01964490731260439	0.01076514161391608	-0.01266281236586411
X940700	-0.027093976837239894	-0.0030571310885927753	0.01616872393842739
X940714	0.007998676389466693	0.00011468810512432775	-0.0023446298717586444
X940721	0.10789224662977596	-0.06068577226374893	0.018964061030498507
X940727	-0.00956761902050607	0.022374788391848168	0.042247924496174684
X940748	0.027379961233062033	-0.025142650786779384	-0.003796732393555158
X940756	0.006371357795775257	0.009600453035445367	0.0020046173398901817
X940761	-0.02585850471277201	0.014706324347319515	-0.020585918201078853
X940763	0.03151990112463802	-0.014319385046254452	-0.010171874236459044
X940766	-0.0013874532551626014	0.0021537697373236503	-0.025292961333167892
X940769	-0.017187934414532754	-0.020444284260859664	0.004391866878345134
X940775	0.0005355471153514078	0.012340840318966729	0.015812539887948077
X940778	0.005613303208462052	-0.014420266228282623	0.014554647496250005
X940786	0.008008156761112979	0.020050180384684948	0.021842731300353094
X940796	0.013309417075797095	0.016176756110591387	-0.04018049630497756
X940816	0.007483199313340506	0.019181450067252713	0.02558262349056417
X940819	-0.04940988741530348	-0.026054069644010313	0.024838885675450593
X940820	0.019351967434034213	0.011925593719060306	-0.003658457334469546
X940826	-0.007012001710348909	-0.034110479884235864	-0.05551352302386832
X940827	0.013813245310081093	0.06358190219007759	0.054970240371423194
X940833	-0.020199228483092718	0.012045859429528417	0.01708926909673598
X940843	-0.010537449975325765	-0.024389444913312276	-0.006284939209103342
X940844	-0.0032517048807266043	-0.055061474788609906	0.009210145581251595
X940845	-0.0009570519851880533	0.02564714457180618	0.013637060383671743
X940847	0.005838740691453269	-0.014923325047120089	-0.021034317988064155
X940852	0.004802737656444435	0.03484260001503813	0.005758393514610081
X940863	-0.016035854740382105	0.021599316808425875	0.020598773600188462
X940871	-0.03516097353259818	-0.0041797907103744356	-0.010242678775121096
X940875	0.022617511859415046	-0.020562160002890455	-0.05478740225892743
X940882	-0.00998051792439277	-0.0038481972122327082	-0.007644113441576707
X940889	-0.0015165126717919732	0.008633592557694438	-0.005969301991935687
X940892	-0.01514050187952964	-0.0018091195768942655	-0.011597157749127148
X940895	-0.000841364703443894	0.014122577635770493	-0.0011515124132306315
X940907	0.01939937176647667	-0.02086197851224255	-0.04050671710047736
X940912	-0.006372377248591831	0.0012227537209531522	0.040722232319368216
X940917	0.00764304899451857	0.014872492261054717	-0.011204720325561272
X940925	-0.058495255032072244	0.046993861101201975	-0.0497876518828122
X940936	0.02662321714796537	-0.02433765925279189	-0.05976975500394997
X940941	-0.03719099673065067	0.07261740577502086	0.03386832180605254
X940946	0.006587611816887713	0.018525969828033655	0.006894731455328655
X940961	0.017287510347261448	-0.009241368435089742	-0.0010881491476621551
X940966	0.007048308686310051	0.015232097190137687	0.008643281593492834
X940968	0.01472696064806744	-0.04055202141843101	0.004744214618171899
X940984	-0.051864082854077544	0.008677512229997339	0.03110762514026841
X941001	-0.019678039719416653	0.06309527989541697	-0.030986346262140474
X941014	-0.0582152993883853	0.004199173962998176	0.01179408712970164
X941019	0.021287897719951276	0.013841089952993182	0.008580684536787023
X941024	-0.011641104276653779	-0.008267052727020432	-0.021059829885999828
X941028	-0.01694730650734864	-0.014753965635839134	-0.026852009577680785
X941037	-0.023478198482198093	-0.0906647441245963	0.07464339083831689
X941043	0.02036757743320664	0.010796254373817689	0.02196575737040115
X941046	0.015794358004467657	0.015124646067489783	0.028297924482612365
X941049	0.028840309401399058	-0.0748630082121065	-0.019387716441038632
X941051	-0.023700121619382876	-0.0028705139903629434	-0.02367972594990239
X941066	0.008755359444656441	-0.00016915304934575249	0.00997430908403384
X941074	0.0041899470081608915	-0.0235671909475844	0.030115508428489476
X941079	0.013403219943570563	-0.05597693087683766	-0.018135771224594244
X941080	-0.04999382766384205	0.08231369351466838	-0.007152054050437851
X941091	0.014290182803433395	0.019757873994688657	0.03534800278517901
X941095	-0.005151392536501055	-0.08066693090525354	0.01657988962042034
X941106	0.01514850940883499	-0.018856908871873163	-0.014100542828521025
X941118	-0.007644877021280098	-0.01921544654624073	-0.006350056703151506
X941124	-0.013059236245498347	0.014529223088301452	-0.01890134702816025
X941134	0.00040842217318036726	-0.028574228788738568	-0.01477190210762148
X941144	0.02080949247019488	0.00014171703507193984	0.00016440162175224848
X941153	0.007874117599535857	0.011619367207114074	-0.006333274929498006
X941154	0.02540900182069721	-0.03974052394839027	-0.02398769606697142
X941192	-0.05744878218887277	-0.011699919871677195	-0.04654668755482604
X941202	-0.015096809766861247	0.00443587990025638	-0.02481546039512317
X941204	0.009620185463528661	-0.0038955001392911265	0.026457564319004746
X941208	-0.00480095961465414	-0.07772734704204515	0.02459099941243474
X941241	0.048354304324655324	0.0334779870946181	-0.10952968785332108
X941250	-0.0020534449791411898	-0.028383089798450986	0.02469243550721495
X941253	0.017819407980589248	-0.0346175670380882	-0.011551340662399009
X941257	0.000697936105848122	0.011592481762618215	-0.021850541434631637
X941259	0.002420904323720139	-0.0038763927547363014	0.02505242836462879
X941265	0.00631859960295661	-0.012081798820166583	-0.019158424295709322
X941274	0.021457007415936757	0.060150431295930624	-0.08440198865855007
X941308	0.006328864388369186	-0.02227246725846741	0.025590915858091708
X941315	0.08577446801887668	-0.02960166543149953	-0.0016599125362667948
X941320	-0.002815875209018411	0.025287128655267575	0.014187075524647538
X941321	0.008818935243751876	-0.011805131187943178	0.021675932732407508
X941367	-0.08810202051162423	-0.04197494507058808	-0.03933713135006614
X941373	0.00638583887499401	-0.020988348466389962	0.021155152250257846
X941384	-0.05226832840542132	0.013490439012379623	-0.020801273981292646
X941385	-0.004246534308792576	0.01340564653483724	0.03975745246768395
X941392	-0.19430759064789513	0.00010410252751623649	-0.007792394513723722
X941398	-0.007780465393934226	0.0024018643725998968	0.006046998050885017
X941404	0.012235892333963772	0.0015737942309156049	-0.0074139224957434375
X941408	0.010831783564864476	0.0017763190061468909	0.0007215664498263051
X941422	0.005093851259254598	0.0019892709676773753	0.011205743560407619
X941439	-0.002808857890511141	-0.015405310066188952	0.012498774791225986
X941445	-0.010043688932316138	0.004156793503121562	-0.024367766674347105
X941454	0.0029782583763848848	0.014421563428517426	0.08649739158801834
X941460	-0.11953297230263027	-0.027633681479156742	-0.050513554874071304
X941462	0.007989764909802223	-0.045698410555310126	-0.0012702537568776936
X941464	0.00732356713194151	0.0516299748282986	0.0026903700014040384
X941503	0.024152142870623172	0.01581871219652481	0.05580845579769332
X941519	0.012013767515304289	-0.015461569109036807	-0.0074072089153944445
X941530	0.009476791984765814	0.01505707063133741	0.023344690790711844
X941547	0.012915338484487312	-0.006963560765415787	0.011775949050992586
X941582	0.03990085234627362	0.04779117006424081	0.012121526144010701
X941617	0.020885051647233362	0.0030208565585184257	0.0035482559534730875
X941623	-0.05749849250508407	-0.017671675641232235	-0.0284825473889556
X941624	-0.0005799175631009548	0.001176616778408185	0.02619369512012765
X941639	-0.0012224265729800096	0.015460049704771349	-0.006967877765967091
X941680	0.03641302198154112	-0.02371721530997556	-0.023873919165372015
X941684	-0.011506137905757335	0.009719134857456844	0.01630911334663891
X941709	0.014310980549696766	-0.04030887521995619	0.010438365772766876
X941714	-0.020994019648531034	-0.06374448299011841	0.06716968593225228
X941715	0.004523910531922287	-0.00666330808175554	-0.004205866959353198
X941738	0.006750253081476153	0.00801719673650847	0.0481718914324846
X941759	0.008025331044841344	0.004197935093297954	0.025121717405335888
X941772	-0.005241726094483602	0.023666020849679597	-0.030357743122408538
X941774	-0.007644421267393038	0.0054007400426429215	0.04246157128397161
X941807	0.01750003083717964	-0.019625764995564725	-0.033770446382221986
X941813	0.009187747728633441	0.039699669477842155	-0.034379706313067374
X941817	0.0074437932775640306	0.004747666150882869	0.016933155938048727
X941887	0.026489435729607384	-0.0071739183288900155	-0.011187733585071493
X941902	-0.014647082586504385	0.01255196885295024	0.04882502604194005
X942011	0.019786841845973218	-0.013457476804277318	-0.002532835973837738
X942026	0.05039653855218318	-0.006768338798422646	-0.02519240013982161
X942039	-0.005266779014365169	-0.014867025282652605	0.005049033222384533
X942075	-0.042884247620952984	-0.009504383831109412	-0.009468920473327827
X942094	0.0017501017726216503	0.019668622832521417	0.0035042452794795047
X942128	0.004196470472996742	-0.02718490595217212	-0.014438699018296386
X942191	-0.04432594129542775	0.024149738202620112	-0.006838074800854293
X942237	0.019372965743003928	-0.0003305521079184023	0.01676749265824558
X942303	-0.01024105929336165	0.02507607869462503	0.01776523964490682
X942319	-0.047366468353188244	0.0060470449466560145	-0.00021498374489479447
X942359	0.0012099209769231047	-0.008615695854776773	0.00467649386410367
X942398	0.00788666013809821	0.004664666528048068	0.0063009320553439226
X942402	-0.023638551330102626	0.035924333171831864	0.03659049853837141
X942429	-0.019806215243086452	0.0070986391165915805	0.04370997420243068
X942467	-0.016813467920122206	-0.02418882616869973	0.03508390582638387
X942487	-0.01644555695469194	0.009679559343958349	0.004391862383339093
X942489	-0.06705185220196937	-0.0031019537359369396	-0.0223681910672618
X942490	0.003843631088464527	-0.03623688326189497	0.01832188215464738
X942504	0.02262799092407314	0.0022134111885757897	0.007769686335663823
X950002	-0.016094374627294662	0.03198765586740123	0.030005278063794688
X950003	-0.011735693877974279	0.015773169202009135	0.03511943880179999
X950005	0.006208817177958562	0.0062875614031351005	0.02949532281517998
X950006	0.007261417899571983	-0.035418302067325574	0.013325956524917578
X950007	0.019696113647934034	0.012792305750174558	0.0548524776544472
X950008	0.015082882602827074	-0.020551147301735455	-0.026233621293183476
X950010	0.010470743779539705	0.020018650328628228	0.0020748044065650294
X950012	-0.013909799484820802	0.021210363261806784	0.008204982945726393
X950015	0.012568255206445453	-0.0016384382202576041	-0.02241905604926225
X950016	0.01494705063370496	-0.038351604209619444	0.0050928230644694955
X950017	0.0026937190649033885	0.008357452675764763	0.02284415204391223
X950018	0.009392050252755356	-0.006967815941401094	0.02082264789363863
X950020	0.0068060133137795645	-0.020526895962491975	-0.004047076052196779
X950023	-0.002922683896795931	0.019372443269471937	-0.021916452492235748
X950027	0.011659678541578703	-0.01238451994273992	-0.0015901151519117584
X950028	-0.011297932881107482	0.0028929893783238027	-0.042493486013103286
X950032	0.007835563344322725	-0.024475163240355372	0.002209597498515184
X950034	0.01806829656536862	-0.025564288299283405	0.00886943810401716
X950035	0.009263740206131537	0.005243711763427149	-0.00215893794178336
X950036	0.016000556380913966	-0.02387381754479342	0.010615534567609655
X950037	0.004386859721059348	-0.00041306150693469127	0.01017835219400072
X950040	0.013153691632827084	-0.012117691556469428	-0.01669279991673449
X950041	0.011133197686133293	-0.009736914585562683	0.008788659981194052
X950042	0.016022045569476607	-0.02990433850072357	-0.040345480743937366
X950044	0.01586360619074029	-0.019751965778411318	-0.0121885589586615
X950045	0.004397964887172537	0.008876352309104624	0.0005978692453453222
X950046	0.00551840967741216	-0.005616981782354856	0.005059723419289049
X950048	0.007065549480397931	-0.010815473469056236	-0.004299132251903424
X950052	0.0032786076889325094	0.026298782032909637	-0.01025119213850228
X950053	0.02024434089546438	-0.016681528168592703	-0.013625969782517008
X950054	0.006743063313550828	0.009074537072108204	0.019282059897039967
X950055	0.005369741208208581	-0.0517994267795396	-0.0013871325094109693
X950056	-0.04384632465178231	0.02263855775926396	-0.06061685514183581
X950058	0.006640715294446867	0.06502936182373545	-0.028852050479959326
X950061	0.012312499284154295	-0.016011462637379917	-0.010059855759026461
X950065	0.011277263455085361	-0.015007315080564796	-0.007104577007438773
X950069	0.004023669807331087	-0.01054711064826024	0.001612195954972961
X950070	0.003328914984995406	-0.053519678986970624	-0.0001298836482492777
X950071	0.013884693520382525	-0.02206039773337899	-0.01953622226038801
X950073	0.0007559598886016925	-0.013283505246321608	0.0015575783527223292
X950074	0.008184928448632675	-0.021138736860250452	0.005935152103711208
X950077	0.015553509073611325	0.006975799674503214	-0.0029943099418905817
X950078	0.01564810549594485	-0.018148058242637717	-0.008968696276239812
X950079	0.010253471227194324	0.002171152363732354	0.009526790136814511
X950080	-0.0052867221932590405	-0.0012392679797407745	0.021440640055388146
X950083	0.0003653705070334728	0.01781171361574481	-0.0034719813557164618
X950085	0.02343024650227338	-0.05227615447558103	-0.017147928277512575
X950086	0.011404717956827312	-0.01842463247020547	-0.009024371644328823
X950088	0.014747104765513205	-0.028474720951555156	0.024700849866891677
X950089	0.0014035495170966307	-0.008330050337105948	0.013475888463927081
X950091	-0.00520651073085585	0.003233729920613354	0.012526225372804942
X950094	0.01444739303057048	0.0025633164499388257	-0.08671791053506236
X950095	0.007620748050872316	0.024322031268796673	0.054748425625126926
X950096	0.01378986724805944	0.011539718254598302	0.0063155502515950136
X950099	0.01250388104713466	0.06005883947641707	-0.016306582177941512
X950101	-0.012572232239293678	0.015373634818366703	0.04761925515289676
X950102	0.02061020194095965	-0.011994894227000714	-0.01341964985154138
X950105	0.01322183128839596	-0.0104665847482705	-0.005303809217200594
X950110	-0.003550045529887937	0.011265563560154705	0.03737091952768701
X950112	0.0018261589728011895	-0.031031518319940714	0.003839432778527122
X950117	0.005624607655352988	-0.013862104600264507	-0.004952951120558298
X950119	0.01684771696253875	-0.0034941263296182005	0.004830314441098714
X950121	0.003173019962919133	-0.0062933673209778235	0.0009731546605038574
X950123	-0.0028809812005019518	0.02988524920022593	0.0898277922769197
X950125	0.0003788957088770824	9.283560147717812e-05	0.011854396111069277
X950126	-0.0005552005977007151	-0.005879697525448759	4.451615663140953e-05
X950127	0.006992102291059076	0.020200979873128348	0.07096044492203714
X950130	-0.028059766553621947	-0.023670041554151144	0.0030455870306645453
X950132	0.01892940043464651	-0.02741881733642442	0.015326333838837206
X950135	0.009589217006653583	0.005738552618136214	0.004883202358675968
X950136	0.027417774950449208	-0.016379277855425388	-0.025418253761948766
X950137	-0.004567504119919693	-0.007408533713314487	-0.002633622639078357
X950138	0.015306639113908364	-0.004543114420489634	-0.002384627710311225
X950139	0.0020566559861036633	-0.02505116237815613	-0.002044187835746414
X950141	-0.007470073697651986	-0.016784022097767262	0.013859005841130296
X950142	0.014080986345095674	0.022389200560704915	0.07584574326463346
X950143	0.004823802935711652	-0.0017763865490523305	-0.00021565374023868226
X950145	0.002063830552793282	0.01953080420892099	-0.019225917579313544
X950146	0.01502567586171185	-0.019074935830669156	0.004537100941932479
X950147	0.014891631350020666	0.03145669666043736	0.01662274688248735
X950148	0.015384414881761354	0.022462773305303562	0.0751853273651064
X950149	0.017119495866410216	-0.025421482046702065	-0.015707979672070924
X950154	0.006179297523380294	0.0015773381411918449	0.001933087626056805
X950155	0.007058133848204666	-0.0026861162656817423	-0.0004909104890894389
X950157	-0.02848501802903927	-0.0036704834042274115	0.01110570658892138
X950158	0.009943352792947757	-0.02042476334221907	-0.0016596958100693689
X950162	0.00878857642042191	0.013760057204960345	0.015728672649505372
X950164	0.013369234731116772	-0.014037398702878953	-0.008348294538856896
X950167	0.03892246282034531	-0.006177902928708832	-0.02378809909464918
X950169	0.016180673289902473	-0.012400603771986122	-0.013409717708279936
X950173	-0.0070803071082367434	0.032452120135127806	-0.004920172390550268
X950176	0.01829296847481103	-0.020482181513834206	0.024686589213585127
X950179	0.05457496024490921	-0.026628222955086833	-0.03477240653548718
X950182	0.007565408214037715	-0.029669264506675824	0.0008149519149274964
X950183	0.01713178792872939	0.035944666255310995	-0.0380502177903248
X950186	0.009236619060093012	-0.015300030903287075	0.013850385203859027
X950187	0.008652960587078078	0.004837442407256329	-0.004079742640819263
X950189	0.00411958530582849	0.020198535018853356	0.054710035605597646
X950190	-0.05360067322959096	0.012157600915638427	-0.010232652030242257
X950191	0.012056213189304959	-0.00637613694713758	0.005550628422942004
X950192	-0.021932250571167395	0.014042504484292935	-0.01221248571438378
X950193	0.017155152590431853	0.02618791660769253	-0.01705565396119483
X950196	0.011310681009572223	-0.011174356645765172	-0.000705730610993751
X950198	0.0054695465258193755	-0.041935274252270095	-0.0020944417290790123
X950200	0.01405317790132011	-0.02586535693094248	-0.016294798266938845
X950201	0.009256032920759565	1.886316024037479e-05	-0.0042619405591466
X950202	-0.01329073411882594	-0.0009365551483225183	0.02903030815576163
X950209	0.014062284558467359	-0.013858889313465132	-0.005455520838688352
X950212	-0.036780124325707694	-0.019217754716836857	-0.03282884094970636
X950214	0.009862560001628756	-0.029224065980300837	-0.005106844358742958
X950217	0.002802053139781269	-0.001937171345349805	0.014535671747582291
X950218	0.005656763169039285	-0.018728555255117824	0.004435214862168716
X950219	0.008672175474604783	-0.004468741414780648	-0.005038709985629971
X950220	0.01678294670293635	-0.008344606543696327	0.0016695755971935387
X950223	0.01338484223475585	0.024772403224945033	0.03315998467106159
X950225	-0.04389769305542639	0.029999405771096267	-0.04757133455406446
X950226	0.00947654479549329	0.0004574993375052148	-0.002794739356783419
X950228	-0.0034420334189267684	0.026029362257948704	0.023153294843734587
X950231	0.01613011180354934	-0.013827046736166087	-0.006156562098810883
X950233	0.004039235600443403	-0.0016730977738027447	0.00035466646259302016
X950241	-0.007930323658807933	-0.02520075840516308	0.00801669009233261
X950242	0.011222241582100495	0.0023068289209311377	-0.023367006577135634
X950245	0.006515973625635624	0.005820782659447277	0.015694897815681754
X950247	0.013564961830266722	-0.010225820022767194	-0.007445269523642323
X950248	0.013846932088921871	0.0026574294937672287	0.00783816102917681
X950249	0.005113826229222883	-0.0067055113776049715	0.01925224600231945
X950250	0.02504850168547719	0.017881614093013847	-0.02789693432026306
X950251	-0.0006647441055141867	0.0028825049967617622	0.01574529487231845
X950252	0.0016302793716122211	-0.012878283145750105	-0.01242461696406596
X950254	-0.0051299667141412875	-0.0028070129321417785	-0.005085384368005236
X950256	0.013256320926694185	0.013077526659261868	0.01837032661922034
X950259	0.007199513153519483	-0.043940691559339586	-0.004235046455789704
X950260	0.003501815282807297	0.03296516033768709	0.0016643974875424892
X950262	-0.011092106596703484	0.02677616728206789	0.015119946627319676
X950264	0.009210527480805673	0.001118921217583946	0.0001331093589882846
X950267	0.007381775189834365	-0.004281809340996187	0.00969617311796723
X950268	0.01530582603287563	-0.024798439614561078	0.0013116414010645333
X950270	0.005059272763193105	-0.028453460494197752	-0.003875025429781447
X950271	0.006304107200164322	0.0005219912469331989	0.005924439127972842
X950274	0.009988315915325363	-0.016599052545618928	-0.013400817799666079
X950275	-0.028776891658514665	0.03485268830708178	-0.017093321594789698
X950279	-0.008687697482847886	0.016647417136781445	-0.027339714547578678
X950280	0.005800481892402419	-0.01877677735052656	-0.010434135017981473
X950281	0.0006416017780374151	-0.008534756084558547	-0.014126048164671858
X950283	0.008243182468184472	-0.01573964080548486	0.0035334454423014408
X950285	0.022131766695537222	-0.032543466595290046	-0.008662458915882023
X950287	0.008773087807021867	0.01757222610497423	0.01243571730833198
X950288	-0.007186558140756732	0.017787301228800664	0.04160757328493508
X950296	0.010073014198290514	-0.008802952014177705	-0.0016819751902118526
X950297	0.035992799766235234	-0.018377724241137667	0.014031068314987407
X950300	0.017285525458060516	-0.0027641013156124035	-0.010153069176704957
X950302	0.011317942425808128	-0.01371446888455438	0.00792376312984343
X950304	0.013734631216300218	-0.008090091148648395	0.0204413436007162
X950305	0.003976550030093342	0.018891300391492435	0.005618980489562661
X950306	0.012292936295001045	-0.02191498914661095	-0.008758150493966929
X950313	0.012868288425769741	-0.02189264408774322	0.006117199501885278
X950314	-0.040700869074990764	-0.02889923557294701	0.01802054283327751
X950316	-0.02102463555087249	-0.03807520004425287	0.0018987556605553199
X950319	0.00885252681811956	-0.018119414058364543	0.00898929434157792
X950321	-0.001785244378502058	0.0022637216889926878	-0.011882138945164267
X950322	0.037500869384592524	-0.0016476242234869068	-0.00632861744266158
X950329	-0.003435269372292316	0.007085240546397413	0.013427193718151409
X950330	0.007279228176357438	0.002708355417425409	0.002852921166634756
X950331	0.013507816067113206	-0.023807987412217093	-0.011421962050676155
X950333	-0.00019058206415473525	-0.01893743083003383	-0.011796162139010254
X950340	-0.008080959992044391	0.007061692469840757	-0.0010573468515212056
X950343	0.009833733897157295	-0.03910725652926874	-0.013653564486288218
X950345	0.019196993723896223	-0.008161537790384308	-0.020418292135282685
X950348	-0.0006411335326509744	0.016127138200592778	0.020170103722976472
X950353	0.014574207475583273	-0.024940245653399556	0.008465485718233362
X950355	0.024905810495216042	-0.026264757534792925	-0.0316388182577313
X950356	-0.07317643980520795	-0.027628130781120554	-0.028125134201011887
X950358	-0.006653780530607512	0.01878421014317145	0.025263635510166495
X950359	0.0038906313920535037	-0.004041813648125473	-0.0009103898588822055
X950360	0.002359543713361504	-0.0016020411970158028	-0.006358371151836952
X950361	0.006511325467142157	0.0030979312016087626	0.0047383218263302475
X950375	-0.0008742688389020634	-0.05338229160712735	0.009597395595901287
X950383	0.014916373205532022	-0.011975212241879418	0.029910853659627198
X950389	0.024259975246593436	-0.005643856132832258	-0.011606544669972484
X950390	-0.0018178833815778554	-0.01183541846456666	-0.012892680813845247
X950391	0.013589272711109766	-0.013066458982110896	-0.011810732118486815
X950392	0.012221361926412924	-0.0009984531188513266	0.00024330037084032495
X950396	-0.05013512292000776	0.03463313552103735	-0.04805379684072161
X950400	0.019838623303864267	-0.01378706500922909	0.003395997964608869
X950402	0.023681732510353447	-0.013341666909178877	0.014983823287793328
X950406	-0.03867724613862385	0.037253382913056354	-0.0012934669743529773
X950409	0.02317988740365781	-0.006276249639562213	0.020111086042897172
X950410	0.027802092860209772	-0.00805206902993992	0.022892550063439064
X950415	0.050413061312739336	0.05658132278426061	-0.09468914028280802
X950417	0.011634754072130672	-0.008351269708146149	0.004036185644820976
X950422	-0.015019228341645858	-0.04197487720790258	-0.056676599751917696
X950425	0.0055548681518061875	0.020457377296461056	-0.0027376267964556032
X950428	0.026396207769197814	0.023633489509255458	0.02564459568917083
X950430	-0.004076599097414331	-0.001830909001820931	-0.002203735064386119
X950432	0.013788408572563627	-0.01925310548828646	-0.008728644014395905
X950434	0.008620082996373147	0.0036672630823635414	-0.006543093987118817
X950439	0.018697883876808062	-0.014353835713513688	-0.0020899381682828806
X950449	0.003201158793358056	0.02340630478713773	-0.03640376770647857
X950466	-0.017406068578593906	0.0127171620453878	0.044546331296109506
X950474	-0.007372644649549716	0.01509756416666644	0.028197463462488737
X950477	-0.012626339432400003	0.026030945849497288	0.001143611944895966
X950478	0.009457385783985901	-0.00708158664817001	0.007239547895530952
X950483	0.001908108162454366	-0.029157158805759805	0.004966354498807627
X950484	-0.0066964217183314	-0.009427523214357582	0.0005404930324408542
X950485	-0.06547565639943123	0.0015521402519183775	-0.0350915472934769
X950490	-0.0023842426437525968	-0.006241417349545854	-0.009619725870402891
X950491	0.004581368405501651	-0.004325682197246557	-0.0011048974139452401
X950503	0.006769668814244952	0.007562866657310448	0.01920055827135598
X950504	0.00773564041451028	-0.017369915906075954	-0.002817241637251262
X950509	0.014314359013972985	-0.0027351477902142155	0.0334434140105672
X950512	0.004523749919267035	-0.0002378041105017361	0.012385999828835443
X950513	0.008242973021757959	-0.02104969990972854	0.025347711804511296
X950516	0.004539047931970299	-0.02593094704961559	0.007981762104613405
X950517	0.0028875816173572944	0.022781097933516598	-0.01368564300462973
X950521	0.012961629420547802	-0.0011164866352663214	-0.033777797226533714
X950525	0.015415946557644052	-0.008280960202883188	-0.01083542094798001
X950528	0.013435754466491479	-0.03304592519793794	-0.01932245540385781
X950535	-0.0011167390139900247	-0.017302432275770253	-0.0060043164864694
X950536	0.004135460567484991	0.009503928652864741	0.01414350380204631
X950545	0.0050726853373690385	-2.768573144617225e-05	0.006746470774297246
X950548	-0.00035883178190004416	-0.01956154215600907	-0.009336977536318212
X950550	-0.005525803403631675	-0.027673665423142167	0.007868389030277789
X950554	-0.025207730340455453	-0.016139495981419234	0.019053686515036663
X950557	0.0004231496250210622	-0.0020244264128328675	0.0011830283457637508
X950559	0.01739681355775745	-0.0176375648699632	-0.02198675113910249
X950563	0.0002835691481378247	-0.024004894659582145	0.0018907741525921089
X950564	-0.0013800033961309458	-0.015835480915934536	-0.013461206509725654
X950570	-0.0006040121577108535	-0.0012238666599401632	-0.006862712691207361
X950571	0.002450869397161398	0.02541501057233478	-0.07974080548307934
X950572	0.010505526975222489	-0.01404340173410804	0.0032371481907189055
X950577	0.0118489594804062	-0.03226074613235686	0.0004224698184489061
X950579	0.00418782377750563	-0.018954975132810827	-0.010499586124744172
X950584	-0.0286897275553096	0.024786819311293486	-0.03209192522086229
X950592	0.01003917821087891	0.007010805077731071	0.0038285961301929078
X950593	0.004679991850487202	0.004997312620185928	0.01265894141709051
X950594	-0.0012778851806767744	-0.008959279717140594	0.010357357335574337
X950598	0.0014337949419048637	-0.010560924880690454	0.006242625127065169
X950602	0.01298216325516129	0.0116009647917359	0.022834617998406474
X950606	0.011290077725641645	-0.04256819606163969	-0.0003003988578385615
X950607	0.03334486267671669	0.01930842939025281	-0.03917347985879152
X950611	0.020981608486686162	-0.031577076324307736	0.014487373153742872
X950613	0.0022485480586957336	-0.010846643441745537	0.016651340701835195
X950618	0.014565639089417156	-0.024886771330043824	-0.017943740812024433
X950632	0.0024950252803935644	0.009055280744994586	0.01518011381572438
X950633	0.026735132357020294	0.03609836103212786	0.04373852844581952
X950637	0.009687417867956391	-0.020710845676612206	0.0038980243927037206
X950638	0.013941616499329712	0.006135387732304105	0.03611235796594046
X950641	0.007070329539637789	0.012853595306898538	0.0037147215999912054
X950642	0.023537239027467072	0.013604422584600474	0.01338744690514578
X950645	-0.0033197519805079527	-0.0011658348399894367	0.01114923056242483
X950649	0.023592586327311576	-0.027667289129357016	-0.03047507868136653
X950653	0.005394689896868706	0.01457624192256453	0.0020776957593350337
X950655	-0.014268797320629118	0.00802438904800301	0.00346081853774513
X950657	-0.0730161724371079	0.019497943230065564	-0.0014863890812776212
X950661	-0.026142179217250403	-0.022439823988985603	0.06149263842523944
X950662	-0.19202987041472308	-0.02974731579175536	-0.029174799286885086
X950665	0.013109575785210206	0.007781165911335787	0.004440923912011361
X950668	0.009445465500668373	-0.021974511416196232	0.013117386671320902
X950675	0.0049613652235056755	-0.01718786955049399	-0.0106299271840897
X950677	0.01909949437922829	-0.03436079057010393	-0.007284448967042111
X950680	0.015182263745307185	-0.009172516217486784	-0.0037961498077133103
X950687	0.016244052904849676	-0.0010931666788943513	-0.016610173542729666
X950693	0.003559719831753065	-0.0067578751171978365	-0.0005120867740286988
X950695	0.008279746831483449	-0.013799312234894834	-0.005624241271539053
X950696	-0.0058540416792173195	-0.04370586423870284	0.016307692271611163
X950705	0.0037259094092999302	-0.020741090722564557	0.008974545997551736
X950714	-0.042414797628697834	-0.01839421837382037	-0.01707618633745358
X950726	0.007038067443047319	0.008655984476864057	0.0009544941425165352
X950728	-0.009111619327317693	-0.04705876219714867	0.021231540135601
X950732	0.003916399555169911	0.017772824539478985	0.02002528506299091
X950736	0.018418508079988568	-0.029238163784390897	-0.0294477798388501
X950746	0.018615535163756337	-0.021614856987465347	-0.013136031968403612
X950747	0.004351695501222414	-0.006525466665756064	0.002920539718333787
X950752	0.006945114968912755	-0.026449143276083678	0.000123727020223349
X950757	0.016584407947833932	-0.027562050099768753	0.0119547708346845
X950758	0.009791808907536934	-0.031953912047821616	-0.01590700402874124
X950759	0.004388864663729229	0.011806391775250454	0.018235089994643894
X950766	0.0041552669941114576	-0.006655189644999209	0.00394190522162914
X950769	0.011460485215729349	0.025412378734471188	0.011415098127929003
X950782	0.015058999001327776	-0.049520119022748534	-0.0020447259812809266
X950784	0.0041749394100805805	0.0012930013971837468	0.002595859934017892
X950789	0.015099757495972872	-0.008618730888689911	-0.004644982527295063
X950796	-0.006806030134995429	-0.0047672734749412485	0.0065012098522447825
X950798	0.016567679975145935	-0.004957265940863903	0.008388830121380952
X950799	-0.002267092892675885	-0.013430983815335765	-0.008356083659485572
X950803	0.002142850683006959	-0.015174548458938114	0.0051445485442527155
X950804	0.01154714915273998	-0.013687863649369249	-0.007532360411941588
X950809	-0.0032996317987491917	-0.017841039731072164	0.008011578210631488
X950810	0.01799122312425705	8.497387211636167e-05	0.018819902964599407
X950813	-0.003161467804343102	0.0024920168531680194	0.022123187742032858
X950816	0.011380900702078386	0.037767504264896085	-0.03232832809367956
X950827	0.010440903842564388	-0.0261806857399754	-0.04935260648892354
X950838	0.006042284182058114	-0.0037378315512576225	-0.005867973355566498
X950841	-0.0026013435058258602	-0.030886997852909704	0.02898947939021593
X950845	0.0022229055682977295	0.01995937587514404	0.01518603761901608
X950846	0.01980312095935362	-0.021152288468205743	0.007535995528784913
X950851	-0.01906631245706705	0.005522776510856109	-0.02518389592926267
X950859	-0.0012891958062436926	0.0539034802863583	0.00962867933051007
X950860	0.016906898159935027	-0.03806334342405342	0.0009605938505283262
X950869	0.005878668570580389	0.004381381655801064	-0.019486137272602965
X950873	0.006348983263284502	-0.05162984006297894	-0.02476793385236629
X950900	-0.01806916302113901	-0.010176704169099663	0.005400660596889547
X950904	0.01229450642804007	-0.013236699278516884	0.02463678479216951
X950906	0.02314827048574609	-0.028992936852656862	0.006286270897795787
X950911	-0.0009498942339609531	0.002189863836621641	-0.013685869614617452
X950914	0.004226493803477037	-0.006586634309100936	-0.011680580029638203
X950921	-0.0156583489099663	0.02559600503749611	-0.04989932469141118
X950925	-0.004068319702165359	-0.035400517051174266	-0.010441255025404477
X950926	0.026487306240374268	-0.021681460354617585	-0.034491737044731074
X950929	0.008992611594152168	-0.005844477956240844	0.005913263286924809
X950963	0.004010825224614231	-0.014500865887514662	0.025191858430203384
X950966	0.000686525070482941	0.027018476037559126	0.008492980782846868
X950968	0.009889734344175784	-0.023063884985615613	-0.012799283003159452
X950987	0.00632674989958171	-0.001792138829555272	0.0009925367524022419
X950995	-6.67443561103332e-06	0.022682574965432457	0.07748811710837426
X950996	0.010504000837427883	0.02036796856249328	-0.009785245215147674
X950999	0.010309333522482396	0.01148247155624014	-0.020466161891240717
X951002	0.01762403331811778	-0.021553102708601418	-0.01212794167641425
X951018	-0.002543647188370487	-0.014074396887207593	0.030937790879409316
X951019	0.019712041772184188	0.04872850008075399	0.050250999725404276
X951027	-0.003691643476885492	-0.014495495858341097	-0.025292072073720362
X951030	0.02337031712236354	-0.01090935613197353	-0.020281545856944517
X951041	7.189461962699488e-05	0.01236724818615489	0.01611804761792037
X951051	0.006132325542631317	-0.039829332862034016	0.014080116286365964
X951054	0.006280116407218664	0.004325408421299061	0.007711496528216694
X951055	0.004951914022704701	-0.00030859505575254624	0.014092448565993803
X951067	0.00853343334927751	0.0033527857005843063	-0.009743263262689176
X951071	0.010254977733834247	-0.012869897808668328	0.016797273722595603
X951083	0.009837913619258242	0.001310043532467841	0.010634410932392722
X951085	0.01927397601751504	-0.007216134744291915	0.03019491550467254
X951115	0.0022614015066985157	-0.0382420695071531	-0.010875925190855586
X951141	0.022650774997869678	0.02776874880630423	-0.01721665507774709
X951144	0.0214519492045022	-0.027358145871403925	-0.02098855618008261
X951150	-0.0021459943444499495	-0.059171396468504375	0.018108926649850324
X951151	0.01793262771586136	-0.0080516264315474	0.002808909133440629
X951154	0.010308892858233363	0.025274304486361965	0.016279160802353303
X951156	-0.00047522466352385994	-0.002863776485180501	0.009973435988468138
X951162	-0.0021954051482163963	-0.007138188123526843	-0.0006350699649964341
X951171	0.0002997994421203919	0.031605404872181206	0.013992809898383427
X951174	0.019758606477927567	-0.013147979725940714	0.02407386398864481
X951242	0.002022801837603517	0.0026466930848924475	0.005026119029622735
X951273	0.011975597360746477	0.033618581454551044	0.016723352402682728
X951284	-0.005531821931861047	-0.0017940014489408074	0.008226587730969107
X951317	0.001999303494625585	-0.00011046685836926142	0.0027896891797072835
X951318	-0.00026014814054111643	0.015983374537055162	0.0073562378107744925
X951322	0.015686735664379906	-0.06672907989884114	-0.05758709371036919
X951337	0.0017269796080632822	-0.01836360266923353	-0.012969437633365305
X951365	0.026187223270807684	-0.02332044138559086	-0.011690105356160585
X951409	0.014287883626940579	-0.01720380159398626	-0.031109691208189363
X951429	0.017898576974216186	-0.025105251198590372	-0.020458783540899524
X951457	0.0143398458118422	-0.011605324682253164	0.005394953631424018
X960001	0.011476109465271948	-0.026435241709956633	0.003445379681062522
X960003	0.004405414943184148	0.01411582983440645	0.017016520115132213
X960004	0.0018044596119541176	-0.0028376306493612022	-0.00921500030342631
X960005	0.005314746767013533	0.014654188803821586	0.02379830002641928
X960009	0.013117588788331424	0.02458920677927716	0.011508233630794985
X960012	0.00917885715537647	0.004157875301869492	-0.009490549044012708
X960016	0.005859159089667438	-0.016209380768760138	-0.06845886055890374
X960018	0.0007393334834844475	-0.007268791822087704	0.011963053526047015
X960019	0.04176049746346194	-0.02907104017284708	0.013910020968309494
X960020	0.0072414339501894	0.010153150604608096	0.07269257487185064
X960021	0.004235474286203427	0.012501189560262964	0.020396328014852368
X960022	0.008012404026172874	0.0021690365357893656	0.011650269149763212
X960023	-0.07933264421254921	0.03958908873123352	0.013182008675755886
X960025	0.036793165674141814	-0.00490583077130145	-0.09369066604266311
X960026	-0.007853279326330257	-0.009743208322358922	0.003037783227354683
X960027	0.014347082087988725	-0.014038833906393738	-0.007149305652934637
X960028	-0.02267075601151912	0.006151705227923956	-0.025439022417716655
X960029	0.013718052103224439	0.02295361379309938	-0.07072284971094397
X960030	0.03214252820436456	0.001288215995441788	-0.034761608046392826
X960033	0.060320578262451845	-0.061292227610792206	-0.029009223200311015
X960035	-0.0023134931627739187	-0.0014160499567338572	0.007414103534637451
X960037	0.010700787247929089	0.001314333814274818	0.0012452287714944
X960039	0.004220334439671762	0.0071437263161701955	0.017508149673183038
X960040	-0.018515907609594266	0.014150892587566325	0.01280498961587222
X960044	-0.0004134810081941252	-0.007465820231744471	0.017697606688368697
X960046	-0.06827034607376327	-0.0179174037936142	-0.03678508587460861
X960048	-0.003447328046550094	0.00993487039919307	-0.06105180922943429
X960049	0.025936121762219166	-0.005567642632105279	0.0024092512450823458
X960050	0.0016546278791918767	-0.018727025536650087	-0.008470457306686732
X960051	0.0077644482542664674	-0.011245052119217499	0.006162582631584918
X960055	0.018903121139924296	-0.013321791215129202	0.023523769509931246
X960058	-0.019917148002424164	-0.007511338533713612	-0.019087206366689192
X960059	0.04373676747035689	-0.02429668570173354	-0.03540499858436149
X960061	0.04103406182928075	0.0038700910456171	0.002565310274540906
X960064	0.015445341587226193	-0.0048209662969467834	0.0014991304290891412
X960069	0.007275327886846881	0.008465227643364047	0.030400569337733316
X960070	0.006413355335181191	0.0035514850733030998	0.017429714937013268
X960071	-0.006065876210584788	0.0033554818411666906	0.018011181099515907
X960072	-0.00036075459981545265	0.026467833138045595	0.029113670739626004
X960073	0.021303348050489977	-0.01664983004179952	-0.03153331292214798
X960074	0.054323867034271736	-0.01861682428511269	-0.027498985591869612
X960083	0.000609773736091013	-0.0033999191443767696	0.017954193563878583
X960086	-0.0842128909257231	-0.024946972443502687	-0.031063484395305818
X960090	0.007480041876943907	0.024053925739649953	0.027577367712746978
X960091	-0.008990482474894201	0.01789858111433469	-0.012029808050846831
X960092	0.02978085980820996	-0.00573670126424243	0.012211126148607964
X960093	0.007944626540867526	-0.00023237139130093763	0.004149447734750175
X960096	0.029565127432185912	-0.03634101074777684	-0.022283249900847776
X960097	0.00914319084798306	-0.025677339190700976	-0.024474800049270308
X960098	-0.00012903992393032015	0.006682487301623605	-0.0022004693441657944
X960099	0.006418335032310624	0.007693816511792427	0.015044861019541297
X960102	0.006269109800323526	0.007791686550633252	0.041383735223291716
X960104	0.015888977528089824	0.028833539532327902	0.038873879813567415
X960106	0.02466643285841206	-0.008332726655012796	-0.0044678171437675645
X960108	0.00923230742046167	0.014562147317959311	0.024155592921277048
X960112	0.011271363276597475	-0.0232530403288473	-0.018691575527892152
X960113	0.005299972209122531	-0.005757734039381404	0.004469391484988924
X960114	0.008547997035520944	0.003471484615256575	-0.021389136982479722
X960115	0.010084380639297905	-0.027165596232811777	-0.007901646949550622
X960118	0.0309104154303302	0.037895569622358904	-0.043438551450447865
X960120	0.01703010100935453	0.004376071544581243	0.009142785606150847
X960122	0.008466277439133352	0.020925838233539062	0.018760357463103686
X960125	0.018065299558706102	-0.000971860686904974	-0.021043168541577596
X960126	-0.02327718155864007	-0.004175517323303712	0.003325537487833687
X960129	0.023241700406082987	-0.0634422942107035	-0.01540402219574819
X960130	-0.002428052457851191	-9.114382838389142e-05	0.009789185685860336
X960131	-0.016388913438955297	0.01359885625379789	0.04677438998610455
X960136	0.002233920977300969	0.02095777224848754	0.021378275043062164
X960137	-0.0017005386818063344	0.0023678900852584636	0.021321033754354072
X960140	0.017960533243815923	-0.007164001746382977	-0.007596478107227975
X960146	0.0010397140523328943	0.14481781948079114	-0.029786920098737756
X960148	0.0076891810464753815	0.06514084197728548	-0.05862428193258574
X960149	0.023556647600934743	-0.026335146614757318	0.011829452772663528
X960152	-0.007137587821498484	0.0016639981006114938	-0.016945115145083487
X960153	0.021931007120207336	0.00871715294546644	-0.04439207389179381
X960154	-0.009769697040548388	0.003115884032924424	0.020135197308141787
X960158	-0.026593777418884686	0.026668763575787815	0.03170681228054814
X960160	-0.015908134152570298	0.0020482583011765493	-0.0020689302961115668
X960162	0.005021821328152052	-4.4071505707148e-05	0.012725524375491293
X960164	0.003339601898247668	0.01884666443779937	0.022951426925677084
X960165	0.02081148042420069	-0.0027016429391750404	0.008544718071383508
X960169	0.014043362996155292	-0.00823814133322905	0.003045559647256429
X960171	-0.017897189922930736	0.0311217044223728	0.017823711285439536
X960174	-0.01092816713046123	0.00395044620537247	0.01115544267561726
X960175	-0.003558232075986191	-0.0006990576128414449	0.01649947462920685
X960176	0.007363554069072928	0.0030724857897090536	-0.02477855572434586
X960177	0.005496437375645745	-0.03358301083774516	-0.046281158300958865
X960178	0.0033389193480143488	-0.003613937092382835	-0.015809404625036085
X960179	0.005727779138139806	0.008077644168572654	0.004988788410674751
X960180	-0.0049583312998122886	0.022055008666573263	0.010025676860888748
X960181	0.004474395853679338	0.0009064888389983736	0.029477660815279864
X960183	0.007329613047982103	0.006718443971885756	-0.022264928159204403
X960184	-0.012095300852307004	0.0164831498121073	0.010347353871337265
X960187	-0.003182187349714632	0.004330060069585587	0.013394396350555445
X960189	-0.013867476849899116	0.004151619433042571	0.023112384504863335
X960193	-0.005981868138127483	0.09741765310893512	-0.07027022998453528
X960194	-0.023470263858913872	0.05533789724289807	-0.0004553396536017789
X960197	-0.0012513970482533087	-0.006019255319599134	0.019403434545076606
X960199	0.007657583858749255	0.03562245424874068	0.016329373338324567
X960203	0.018893798156244142	-0.021360125470023507	-0.004643386075365222
X960206	0.016670780585047354	0.11326568362999216	0.012416600234452221
X960208	-0.01577255501802957	-0.016648485854271478	-0.011388768993929493
X960212	-0.0036242635759979784	-0.039915572030149844	-0.020359722508719275
X960214	-0.00867599886302847	0.012058626701557294	0.02226777874961745
X960216	0.0022599099582435566	-0.019188832389000838	0.026253995553129676
X960219	0.037330729824067634	-0.06535984784049208	-0.03038585152312233
X960220	-0.050095578388182654	0.019267803056999648	-0.02398042469028717
X960221	0.0075990998381496155	-0.008937482333559153	-0.01545642906273485
X960222	0.04764361990114697	-0.048484196029357524	-0.04012531616573436
X960224	0.012513773137425145	-0.0018891773220073716	0.004691649354620453
X960226	0.0491923764021593	0.10109586434860812	-0.03574557884808551
X960229	0.008797373123953199	0.006206426192266314	0.020867386180268958
X960231	-0.01828192306378252	0.015969014762613688	0.06031078826215244
X960235	-0.006810759796384203	0.04823032632035351	0.05131055160280012
X960238	-0.005172432975386708	0.009871302083515776	0.013853588643134138
X960239	0.032264536390215266	-0.0010330754481025525	0.00829418211018775
X960241	0.0027549887580324423	0.006633754233826738	0.019160842216331228
X960242	-0.023905670253097037	0.011137069607524424	-0.018114137965777617
X960244	0.020885534720477807	-0.009709323757553873	0.009088262204307163
X960245	-0.08725712033234458	-0.021077919463477507	-0.014300442525635506
X960249	0.0006982330197076404	0.014076571835546057	0.022988806248791537
X960250	0.01482759939862729	-0.013534464557141503	0.0027055423399972318
X960252	0.031683485123733486	-0.006542547844000181	0.013205643913018747
X960254	0.010175061415488946	-0.0005370627884848905	-0.0242911862732478
X960255	-0.006586689582251336	0.009917033316420371	0.03740270947156183
X960263	0.0018331704677007287	-0.005111670749599169	0.028987086229772523
X960264	-0.006510887347510399	-0.022918353560052458	-0.012983278026957689
X960266	0.02875355199185877	0.0044819458684736335	0.022906636372085
X960267	0.01006329180316188	-0.004774227872972161	-0.019375030028411594
X960268	-0.002872123929811951	0.0058701522003580565	0.0034683456007822996
X960274	0.0031472967291146605	0.01775114304101922	0.016027028082725145
X960276	0.0013434498177695778	0.027548028671373428	0.03857516026853695
X960277	-0.048705663222945235	0.04307988861055517	0.022762710677357224
X960279	0.0031526768534536303	0.04862733676626291	-0.01499991216978376
X960288	0.020423166817002302	-0.018234737448061446	-0.02130697034420342
X960290	-0.03461156540660543	0.0036783270392276766	0.005008430072498073
X960297	0.008500843824200915	-0.0010111340958079125	0.008688547727608475
X960302	-0.021331630216075585	0.03880712037894209	-0.02975139577832044
X960303	0.016138859188544727	-0.007080208240590043	0.011706950898918975
X960304	-0.01502412397556108	-0.022042537974490205	-0.040503079423425514
X960306	-0.017697882805936357	0.024399162032257317	0.002365961584893172
X960309	-0.17937310890923977	-0.008642919508520704	-0.01650993456918667
X960312	-0.020219472220716492	-0.013672307394723852	0.020849090549510056
X960315	-0.008184833182199078	0.025029463664965713	0.0012333858068520236
X960318	0.0304364540614346	0.01514648052366987	-0.03734230388372651
X960319	-0.019046825197070454	0.019815853657602047	0.03846015205616518
X960322	0.004406116351342831	0.004764868647870639	-0.03039593790364823
X960327	0.010903529549113522	0.02453093842781	0.01301356418115733
X960331	0.056742457285759704	-0.008288190494556808	-0.005152178227671524
X960336	0.07122831066407219	-0.028279996094521576	-0.006024985641611708
X960338	0.024504230776288424	0.019580020036897978	-0.03620684400459481
X960339	0.006018791283392246	-0.015072292655148145	-0.02735292968895244
X960341	-0.0005520850787050601	-0.0011192021729992988	0.007434867127761809
X960342	-0.007809898973431489	0.0031384136446085164	-0.022783968790373244
X960344	0.008023426904771912	0.019648517523060047	-0.03582503331692373
X960347	-0.0020934567134049896	0.01400193836253355	0.01675243155343398
X960348	-5.089098090604667e-05	0.004130993976416172	0.018975597349922324
X960350	0.01112280958501481	0.01584901038817779	0.009800977977734028
X960351	0.01998428769092871	-0.009958423127632761	-0.023461083925449037
X960352	-0.018736668058723847	0.05409034490734565	0.06565867741358831
X960353	0.002973909235270021	-0.005352916201599213	0.01857477303811886
X960354	-0.024942146537011253	0.017893642592040942	0.01667967297320522
X960357	-0.05778977555267883	-0.0063414502525187795	-0.05078214106369479
X960360	0.07553687813731343	0.002631669811062462	0.0648529393872952
X960362	0.006292998317756871	0.010169208207033998	0.020852797198855234
X960363	-0.02602354003555676	0.03644897218421888	-0.0009905869180687856
X960365	-0.00021808567776665093	0.004282671809223278	0.0019439623121511654
X960368	0.01886268166678923	-0.01869815639868104	-0.005170085659933516
X960372	-0.004345721438352614	-0.0137080707994553	0.0002537132700092334
X960373	0.012625834107221285	-0.017314552841623008	0.00942637392164181
X960374	-0.0035663189696794567	0.004832856660750599	0.06406452324230208
X960376	0.014786970721430573	-0.03943557758956431	-0.0394481595816443
X960377	0.02275776955251101	-0.0025696114563635453	0.0015032256127911557
X960379	-0.00014029253607461054	0.01080440336880032	-0.0004551810565019269
X960381	0.00425177329055242	0.04265221502944065	-0.04517599679577698
X960383	-0.0036241417313133397	-0.034802084477329444	-0.03897119979120598
X960385	0.004211050328232403	0.007150356266481544	0.1265323615909714
X960386	-0.1048419885998154	0.020754318677115066	0.024551758031637973
X960387	-0.07927018280881597	0.02578678643116112	-0.02307531244142982
X960390	0.019729811745509668	-0.002512969555064454	-0.04479858905864747
X960394	0.02700267909318108	-0.002510170633503589	-0.031596044355183615
X960398	0.01053163839440278	0.027356759464017555	0.023201390527543428
X960401	-0.056317471016571696	-0.03760092971072046	-0.02929470232762612
X960403	0.007244136969437062	0.020526644372377646	-0.012370864821625967
X960404	0.012549860415731381	-0.0029257627282940116	-0.005288754904805881
X960408	0.007172606779729896	-0.004654146416728778	-0.007619298625241763
X960410	0.0014236597820836694	0.042214697308833836	0.02735172599023353
X960411	-0.028251467885646888	0.03344364349579606	-0.03471283146448457
X960412	0.020979603286315086	-0.01194877574643868	-0.002336010756484601
X960414	-0.0018189577830642289	0.002435894904934496	-0.01511026578971144
X960419	0.0017505266049624884	-0.02739219077623753	0.0032969834202251527
X960421	0.011004190012099886	0.19936798439789455	-0.046374741733732204
X960423	-0.00759095963599448	0.003962617376568623	0.01643656701594393
X960425	-0.004370579620763443	0.009367690102929165	0.000501165717598052
X960426	0.009844810227347275	-0.006620873261452735	0.005740710004485331
X960427	0.013385086205028221	-0.009881417881687822	0.013121142788347868
X960428	0.009367171230650258	-0.0038940131365927896	-0.0007389762051872033
X960430	-0.010908726317876276	0.023602529511280865	0.00857036833741277
X960431	0.008935977256797838	0.005535280598388048	-0.0004181196640677687
X960434	0.00028774686323966336	0.006322274705751104	0.02222348966222711
X960435	0.02923396908188103	-0.05407210711946416	-0.03277845849252256
X960439	0.002771507878547367	0.0017760586841532532	0.015666140538469254
X960443	0.0033780804036038434	-0.025639229412479717	-0.03134033154046115
X960445	0.005427059731246096	0.002472585162813816	0.013201876390039877
X960446	0.008428238963561013	-0.0013651767941327405	0.01087374387489859
X960447	0.01006905249779584	0.022057278714360046	0.010180746276737242
X960452	-0.002005789289463559	0.019232387777122096	-0.011517278934788426
X960463	-0.05303334579730896	0.037121023210070894	-0.011777372755859182
X960465	0.015553124333324335	0.1955445357103922	-0.10716386468888649
X960478	0.012461012070765687	-0.003058422154094195	-0.022911229927840032
X960480	0.006603257877177708	-0.010230446372745382	0.003164809246958649
X960481	-0.02878881607114969	-0.016604492372527008	-0.006461060719124322
X960483	-0.004605955550044836	0.009838353323134388	0.04426468886912637
X960485	-0.04895974622545421	-0.012615929560176648	0.0705353595609671
X960490	0.016827798919623202	0.019940803387052362	-0.012277372981753763
X960493	0.041674935116954	-0.04949564680311775	0.01709269030299013
X960494	0.008147935292807355	0.06363360723550072	-0.0883986097293069
X960496	0.009566514922896069	0.007554967083057903	0.017530678888294796
X960501	-0.007868540635974147	0.01738593634137777	0.01546502324019973
X960513	0.013637932105251568	0.004691648854085657	-0.001458613155724959
X960516	0.008382178827993681	0.002258119050930779	0.007887683982630463
X960529	0.006499837705842604	0.00936053107306465	0.020644683001656797
X960538	-0.00962177058876901	0.004197772072185475	0.013179940491314759
X960542	-0.023876248687834813	0.01737409706671724	0.030937555357802862
X960544	0.022844801039093976	0.02351512781751506	-0.014892156026874192
X960550	-0.029837891553045975	-0.0017727056657575863	0.002160333879932988
X960551	0.010283046304364848	-0.01104241639591355	0.006031460515912446
X960553	-0.0002404522081945128	-0.012233577828715314	0.006224971192777792
X960557	0.05642083663436933	-0.009457403696110074	-0.005755119119587989
X960575	-0.0018886647232671473	-0.007251244876183837	0.0033322150566858096
X960577	0.011654284461230754	0.014509135932850083	0.00758419858792075
X960589	0.0036480310480647756	-0.0063500197427620465	-0.021123178993555383
X960591	0.04283130659594832	0.025128320209649675	0.05381021633992911
X960592	-0.0642030603029725	0.006679647084864046	-0.0852930780659423
X960596	0.06588820337414533	-0.03509507910449202	-0.011933332212172944
X960611	0.01256027465884818	-0.02168079269535878	-0.01726044683349072
X960612	0.01727742598825211	0.031237944539304778	-0.02166542296697718
X960616	0.0033725406991134345	0.014784715952110639	0.03725107638767647
X960632	0.005039138658431989	-0.0014427084202585669	0.006119079988151642
X960635	0.020752627618901853	-0.003005213385608458	0.0007560114518151361
X960636	0.01636741425036516	0.005316350951717611	-0.01897210438251548
X960639	0.015119166005299693	-0.02131786817011057	0.0017442259928437025
X960643	0.00631927638138247	0.004882196662143941	0.008548828501718973
X960651	0.006253155274345814	0.01712012118888147	-0.015562040316054319
X960658	-0.012864696340309904	-0.024818465712864893	-0.01617571447354945
X960659	0.009091969195629775	0.03693802572247959	-0.010543189535878975
X960666	-0.004028651837692027	0.0013979788113307006	0.030666102961055316
X960667	0.022695331791951188	-0.012879400450204432	-0.0065565707067332816
X960672	0.010121826071642049	0.007559960424742707	-0.045455590485616704
X960673	-0.12204748433874994	0.07113902909589483	0.023412873799502146
X960683	-0.028573071420035328	0.022096395253313326	0.09901296628505586
X960684	0.013278129690706558	0.007456881967182569	0.013762130049956696
X960692	0.015755960421659377	-0.014194250406223857	-0.03800872993222205
X960693	-0.004441654368616126	-0.0031290866360099527	0.026412219791456512
X960712	-0.058650845927975065	-0.021685087376165597	-0.038902262444624816
X960719	0.0008373025763336021	0.002931238412917235	-0.001228280789688141
X960720	0.007046767128377015	0.15856640775103706	-0.08792227453899568
X960726	-0.013165876393665623	-0.01949948538693751	0.008497613547582822
X960743	0.014395024510254569	0.08086605577755551	-0.02273525384647805
X960748	-0.010924369514573283	-0.015433833455223712	-0.010753258473516202
X960751	-0.0230614924258284	0.05165769023173727	0.020658234830214634
X960760	0.0010761991584535685	-0.01831488452671692	-0.009347533505880525
X960764	-0.021467627023891	-0.039716485956067756	0.059257395742336315
X960788	0.03819917321542813	-0.06360473098979041	-0.1325090464761573
X960792	0.038558526916256455	0.056443524554290386	0.010457776135728887
X960793	-0.16157116664043078	0.009399118741948504	0.004173380736666856
X960795	-0.006895841103384884	0.0196198253762531	0.023591579039984694
X960796	-0.01016633237748315	-0.0021984664236424	-0.02615106943372137
X960803	0.011009560841704364	-0.020323685469255212	0.0008645599627337844
X960807	-0.004018021220435448	-0.0014884614506330662	0.015392792923953201
X960837	0.006572093235534496	0.008306256773967709	0.0011299150300866307
X960841	-0.006745999024727132	0.07480369174537946	-0.02863298992853801
X960843	0.0015261350856327009	-0.012798178360239758	0.011893436110809848
X960848	0.012288215806516135	-0.022190947412431192	-0.01155044350649945
X960850	-0.09524303776432393	0.00517029686882994	0.0034703770441498367
X960851	-0.005950172385649002	0.03518466982369571	0.017279408705880125
X960857	0.029734997603576032	-0.0015620433143386486	0.018462522909915284
X960865	-0.005180446139172733	-0.02442297607629016	-0.027861352739644383
X960870	0.012974835496548176	-0.022223754226333485	-0.009993822546724146
X960875	0.009241948470108827	-0.004177575368142774	-0.020039555500137644
X960883	0.009932516785410479	0.036767082347181804	0.0022657894183783587
X960884	0.0077654931818668714	-0.01086939368752581	0.012518493333893375
X960892	0.024340879366435742	0.011797655662053335	-0.051277345790004744
X960894	0.01612031533307242	-0.017450248835442033	-0.009206281970178917
X960910	0.020528023276207476	-0.022088480963140755	0.010968632337468042
X960911	0.011274511879272591	-0.009070425509222903	-0.01682607085408962
X960920	-0.12933574690409114	-0.010299507683206378	-0.00555091187897339
X960934	-0.0711076421716584	0.04114341922504976	-0.06019967458813668
X960939	0.012875355259822684	-0.014061084536825391	0.008238295927403142
X960943	0.04329194374878254	-0.02017861443039185	-0.015279930874261
X960944	-0.12866015627180222	0.004144395195166061	-0.01827782854606381
X960969	0.0043286612267404555	-0.030755545884816177	-0.03374759911824562
X960972	0.021175086473351205	-0.031745553167336904	-0.0092956299273688
X960974	0.019206101223990923	0.0035188427302447274	-0.0018487720967759716
X960981	-0.007262504222804662	0.022342162373813677	0.015266419602920262
X960991	0.05369420109466492	0.02739613554575766	-0.13336179519394645
X960998	0.006072097068397882	-0.017488200003215677	0.0008744546392183001
X961012	0.01907895553588057	0.004685876032294754	0.007449529855893501
X961035	-0.073026020047279	-0.009155744349261927	-0.005213768062256678
X961077	0.0015129402558425997	0.028972289658535877	0.037028812097858035
X961092	-0.02258423131546703	-0.009031879012737968	-0.02746742702151057
X961096	-0.021592818132838018	0.000683784262366262	0.015652683978370885
X961105	0.007309114785746011	0.0011301519011288684	0.009905764317186051
X961124	0.030406251140589143	0.01450136088140594	0.04289905312422754
X961128	0.01158452622445704	-0.004169322209163989	-0.04409281710134547
X961151	-0.03585034696855243	0.007620191410529508	0.03665993848838042
X961177	0.011547782565978349	-0.006590493167198865	-0.005533878489676918
X961180	0.027690204470336547	0.11010601850996168	-0.084410071236773
X961193	-0.000287389074206986	-0.001090287251300284	-0.02428370763057648
X961214	0.004055378957103711	-0.0005638693411048171	-0.007567599173892692
X961221	0.0016307604801879636	0.006838535231746969	0.0221921151091007
X961226	-0.01209731598435304	0.0146957800758964	-0.03654390774099375
X961240	-0.03287279557965012	-0.00647736013158277	-0.004286126781759385
X961242	0.008729587677569444	-0.008955270929278232	-0.04399921886619209
X961243	0.03609105522953733	0.21433785143189982	-0.09896067243961085
X961246	0.006286401160157562	-0.006589786701126492	0.008360340317947567
X961263	-0.003590383543802335	-0.013305921269649886	-0.003579440032409579
X961282	0.015705679432556085	0.015523436121785169	0.007924707400631786
X961321	0.018540463188380762	0.00012639113396248277	0.001838300568815067
X961325	0.07280325359814303	0.08939131889241404	-0.13077848538934167
X961339	-0.03287141595290655	-0.0034387853000287837	-0.0042958063704542325
X961365	0.014018041346191184	0.019458877978623706	0.011491844737455396
X961417	-0.0011682488708061882	0.0031002606833830343	0.015202639292219985
X961423	-0.0009970691066000996	0.025607518717660135	0.05230349133849272
X961434	0.009450822325685834	-0.0017155394620802116	-0.0010540846219726618
X961485	-0.04014745142528927	-0.026339125723671357	-0.0009008352947940825
X961553	0.002011777924980248	0.015720063099170945	0.03146685956434904
X961577	-0.001434321361391946	-0.017944249797013853	-0.004489407532853616
X961634	0.022483243790661196	-0.013551066742719426	0.023734657433446642
X961684	0.0035795477394456156	-0.004363256786461965	-0.0051307803826173915
X961686	-0.046421505825684634	-0.0005553309985489632	0.03062862993576636
X961738	-0.019868476974809618	0.05596966270330021	-0.0019991979285271977
X961809	0.0036401449723189646	0.0004949507812374558	-0.025942755775196606
X970002	0.015780550074384316	-0.0015887714687966923	-0.014836337360596034
X970003	0.007487333634930553	0.022947503102330458	0.016355719988795786
X970007	0.007721936110968875	-0.02214510809287716	-0.001428202518556432
X970008	-6.68834043498905e-06	-0.006773115349906735	0.013966641782497548
X970010	0.0045166079003786845	0.009721799752964536	0.010678944614547848
X970011	0.020840282638709476	-0.026950207688066954	-0.026433849565379374
X970013	0.009597272831138403	0.005365788096076625	0.0012944462458375904
X970015	-0.030659665925139096	0.02356224635890994	-0.005921245829323192
X970016	0.004951065541296112	-0.018144928415687166	0.005983032812631997
X970017	-0.002190500337719601	0.014921010815461195	0.0860805780751379
X970018	-0.029724920227514964	0.02817390425600766	-0.07412826955232647
X970022	-0.0273766619465903	0.02800751612513625	0.03561184638053809
X970024	0.0026998471553343383	0.011652145985203503	0.002865623794947717
X970026	0.002620421012326449	0.011141521036663776	0.024000613362622734
X970027	0.009391419456792026	-0.009150219780491943	-0.015405126493471479
X970029	0.01301805465810088	0.013719552436649978	-0.005842405693442053
X970030	0.006979354892853615	0.0074159007927171675	-0.011406081128586338
X970031	0.04036752360727258	-0.05819231785558174	-0.01549468512243507
X970032	-0.035225061238923036	0.02074073929079412	-0.044544977171682605
X970033	-0.012455227556929068	-0.008665628842384837	0.013930413507686099
X970034	0.014999796967478543	0.022392097798472215	0.03934113352630356
X970035	-0.007654168846867503	0.024521233180447223	0.02721546823466234
X970037	0.007419562494895179	0.002238388452322807	0.005471922650500032
X970038	-0.006634804188037785	0.013586271008504222	0.0211079903274398
X970039	0.004499757652443535	0.005972607711813636	0.0023621336998421332
X970040	0.017756467004472504	0.02817656486774291	0.03223639709490751
X970041	-0.005267227160984617	0.015299734416669483	0.007604521230136877
X970042	-0.0014899103841218091	-0.006728379773526864	-0.026635603974999617
X970044	0.009907202917273419	-0.008329349084623452	0.013107153105846467
X970045	0.009193502757130614	-0.01026031543470864	-0.052405471487032805
X970050	0.013706396580990376	-0.0036838321061473662	-0.004594064516166207
X970051	-0.019831696237955738	0.018451678401468143	0.010138690395040163
X970052	0.0056555149808017475	0.005001795012437321	0.004214867253948138
X970055	0.019185383319879974	-0.0015270373721045828	-0.007002942235284297
X970057	0.004913746673126991	-0.006242159842924575	0.046835749469526726
X970065	0.008105214534869438	0.00818816345351597	0.01294953522135127
X970067	0.004097226896597365	0.00883174782264425	0.018701233559412438
X970069	-0.02051506963544449	0.020192436542278158	0.005136659496551153
X970071	0.014373095105592355	-0.0051058951949495435	0.0029094395791235484
X970072	-0.003482258646908913	-0.024426384092628886	-0.0033566732444475327
X970075	-0.00415058670937844	0.01748483517499157	0.0009472094066537726
X970078	0.013122058190340465	-0.015939922262226246	-0.007000101675785287
X970079	-0.016241235925385632	0.026545432665343153	0.010586827213429848
X970082	0.012117632433330465	0.002470321745899803	-0.03806431605963686
X970084	0.012325592964237046	0.019527898259058846	-0.0017905998941428769
X970085	0.029381079694003172	-0.025238498248624654	-0.0028373291013299457
X970086	0.012194205297953826	0.016250047825479837	-0.009664872131501167
X970088	0.00693028731945141	-0.0010321249065954555	-0.0011297248822083816
X970089	0.02184076790624388	-0.018072967437735565	-0.018139444549143978
X970091	-0.008983657824411583	-0.02390829031363982	-0.018069585278926544
X970092	-0.005494451599695893	-0.03243765753598669	-0.0310517482414917
X970093	0.01261565947554964	-0.00015339279013197908	-0.004338299411092781
X970094	0.03550946370597469	0.0029181278833476103	0.0070389359606103
X970095	-0.007106832339762099	0.0025206066119633276	0.01080215265166139
X970097	-0.03403851949470782	-0.002238446760178337	0.01360169406549259
X970099	0.010054984640723933	-0.02660977532557642	-0.013020150355018311
X970100	-0.0030067176331009947	0.05270188802215232	-0.00014652089334071366
X970102	-0.012419371029781872	0.03936462016312753	-0.06035407459326887
X970106	0.04264299761676133	0.002241931863470216	0.01903369020176902
X970109	0.003269576228205047	1.2436982193399708e-05	0.003512929621394042
X970112	0.007804346885839444	0.02489371248510912	0.03203750289315675
X970113	-0.003990839234910605	0.0058854129680499445	0.02898525884465438
X970116	0.007865636832450779	0.00861813647550161	0.01623078407904904
X970118	0.011330430884096264	0.005699623929542158	0.010611236175315385
X970120	0.007958995440284066	-0.010106178525859596	-0.014526146885748735
X970121	0.004233359514844753	-0.012762234907561051	-0.006974705691056726
X970124	3.363426883773476e-06	0.03598924934503675	0.022632596148105776
X970125	-0.000501538491810597	-0.001041866202627695	-0.010168122850397272
X970128	0.009556249110756775	-0.011013985856769966	-0.004475448220630918
X970129	0.0013808336465928048	0.016586070444528773	-0.0005901912378504434
X970130	-0.01915175510258753	0.017215653746173776	0.0438189219870996
X970131	-0.008295068463923269	-0.0045626710769687455	-0.007337316476567506
X970134	-0.007070743408594551	0.0027843427614197866	0.006622899366024875
X970135	-0.02602761037254194	0.022602660597840045	0.03624758119076022
X970140	0.012242412301873645	-0.0012722010560096138	-0.025342130203997042
X970141	0.02121580835184258	-0.018585940865365653	-0.010960319266924807
X970146	0.0005987046678213208	-0.012538355072049152	0.007634742411746017
X970152	-0.037849162672583925	0.055009638916697925	-0.004899341826868804
X970154	0.004423399802603837	0.015297444867559571	0.023144500722422835
X970156	-0.013729094983060516	0.025509874953228023	0.04029151115621182
X970157	0.0033648440073154344	-0.001185919771718193	0.011162561484083308
X970158	-0.005179566139794378	0.0033003474152090736	-0.01913605389698305
X970160	0.008163015404912165	-0.014605866425893704	-0.006680929350503125
X970161	-0.00982259455599768	0.02130604634216247	0.07298466448177036
X970165	0.0009433422434537447	0.0037453059472076153	-0.004223873318105819
X970166	0.028631349315831826	0.01875870846925969	0.008258527630272117
X970168	-0.0009749467044470723	0.027175428776598547	0.05411590762534657
X970177	-0.0029147896515697666	0.02172855034867421	0.02568156813736559
X970179	0.022164898259570867	0.01625963296323496	-0.038333322519696324
X970180	0.004936268784934762	-0.01052388456158229	-0.011849945356859536
X970181	0.01919535539513791	-0.0016221286879411453	-0.036568711026803376
X970185	0.002648127589581801	-0.018605246402315926	-0.026937611476301266
X970194	0.01686772226915572	-0.034643249696479056	-0.013709727757991232
X970197	0.0161981289840576	-0.019290700360279796	-0.006896929391980521
X970199	0.020729343357724143	0.0033997557712534725	-0.000665642343403525
X970206	0.011732800973657575	0.028370188656698412	0.019120689389565418
X970207	-0.019024909275439383	-0.035907770281354764	-0.01678426085284228
X970209	0.021569012878928602	-0.033405894731039824	-0.011897470630026205
X970216	-0.0012732784425594167	0.006164965759900245	0.02598570401228809
X970221	-0.013048415589644207	0.00207872107366101	0.01572750524546188
X970225	0.021396609163102973	0.002024377643935133	-0.00021410341641210878
X970226	-0.0035274312179325563	-0.003445784142417019	0.0027442052853473586
X970227	0.0068684550511482105	0.006033730251437806	0.004171581269245544
X970228	0.004884653988651131	-0.004023221769284313	0.0037953473133695743
X970232	-0.014079387092823135	0.005976819028056227	-0.007709921690278927
X970236	-0.014158687790350845	-0.010091831954335249	-0.023126333587514945
X970237	0.029598424551562957	-0.05731978448103776	-0.020602660574567874
X970240	-0.029824833633638352	-0.1136765085046952	-0.1261906531429446
X970250	0.014769838503496389	0.0036712168304014886	-0.01873535819008706
X970251	-0.013352846357471542	0.015379157205143407	0.0630716469394747
X970254	-0.040316828796287923	0.07446972920434394	-0.032145086376678414
X970255	0.0069889455249023125	0.006919621627331195	0.05146488492801995
X970257	0.024720982115714517	-0.007965537891095388	-0.010608679434228902
X970268	0.0016699655664479298	-0.02480175316230545	-0.020396755583196702
X970269	-0.0007353238165258749	-0.03175855400667648	-0.0003840642636320137
X970271	-0.011702479306704296	0.025089676033115293	0.02393291050010738
X970277	0.02855801080098499	0.01405089841130964	0.03370711133256051
X970283	-0.006150621843751979	0.00070474898533222	0.001569491058876397
X970288	-0.018854262785693437	-0.01406506631852509	0.023339299786152005
X970296	-0.043422757180946535	0.04076336282278863	0.0056549119680110276
X970299	0.0235591180302081	0.028045784423120928	0.03371104229730322
X970307	0.0008926161190015683	0.01789261572239302	0.015626529375388342
X970312	0.018449825064571858	0.0038351798470766954	0.0015429365653386222
X970323	0.007341780268184771	0.006912972388290452	0.014161459862468032
X970325	-0.009890845718690863	0.005668137422831879	0.005630533082446273
X970327	-0.027398946429077666	0.03661261747123917	-0.002232638933311468
X970338	-0.02433995463612682	0.009251699533821125	0.03465397666906236
X970342	-0.029062197792849086	0.02419914020250761	-0.02873609024196132
X970343	-0.0215685461602558	0.05129144207357123	0.021107175155421744
X970345	0.014016811011472253	0.0018588343976211985	0.015583985475455697
X970346	-0.02234328534422128	0.0427452210058298	-0.024667220563245128
X970349	0.005762524828759393	-0.009664678220668577	0.007412534417870367
X970350	0.0010757844525228662	0.028806785892661217	0.026887935792721248
X970358	0.006972825741121964	0.0012040841458010913	0.009089490284460733
X970359	-0.0008008898429543396	0.013633763707057519	0.011609498096929415
X970361	-0.01835869119990205	0.020726168766882682	-0.023659545812589604
X970366	0.06146613617689742	0.0434510952300929	-0.12321281507939934
X970375	0.013023554569730153	0.015248285163700089	-0.011192529162633472
X970380	-0.045546359260914895	0.013789777534212745	0.02917180353716223
X970381	0.010324309079172525	-0.009019807373335511	-0.013367722123889616
X970389	0.03939846299416375	0.031308261710145315	0.0029386636212887915
X970393	-0.013441012492401665	0.0011299722676447967	0.025696200567337957
X970411	-0.01948640411975969	-0.0003392574217318558	0.007034953132451288
X970412	-0.013072081920762462	0.04126976786240222	0.01638244656884973
X970414	0.012242448579712427	0.001549995614487886	0.013243586659098689
X970425	-0.006522324871925544	0.005306029085144711	0.01424228765068944
X970428	0.023209619369821806	0.011244248094392319	0.014142869617871253
X970432	0.028513546816581865	-0.016571477431540773	0.004706495670777295
X970454	0.01071934162445176	0.015351400388986872	0.0063966207093762405
X970472	0.003008267798108245	0.013708405892752957	0.018496048912020023
X970474	0.002139129193394082	-0.004081875360727442	-0.016789150644518212
X970480	0.00843385627066506	-0.0032828450699979336	-0.014635370680003174
X970482	-0.010213871099535757	0.03294908402900475	-0.004933658252602362
X970497	0.022068125261133758	0.050007539472222126	-0.0011068913798211802
X970502	-0.09385819733506055	0.006329668811432504	-0.013845498111440499
X970504	-0.00021874934399747286	0.025093091624680198	0.08796542200726207
X970509	0.019321181827781312	0.012381393551983259	0.015607994359317898
X970512	0.007716061649555478	0.004659555549628382	0.004694240050453293
X970515	0.004297143208778805	-0.0071585128113221125	-0.0026044008269366288
X970517	-0.005586174431542695	-0.007180906041238063	0.002431982680963962
X970519	0.019079597840367432	0.00668187650173534	0.001776757262975202
X970522	-0.008072504008316612	0.0037835542832678117	0.01719978702699792
X970524	0.007243553775026736	0.004698712515850528	0.009799174025544524
X970533	-0.002502844754974874	-0.003847853483053099	-0.004472881573027549
X970536	0.011654603532238569	-0.009345161803284152	-0.0036835047340751737
X970538	0.010446808894519571	0.0011884203460515563	0.0031884526094392504
X970543	0.0022879886243188014	-0.0065719700137871935	-0.004246657046460192
X970544	-0.023824043985301024	0.027648943999657383	0.044833848248157844
X970549	-0.005392611263007718	0.005844435872133577	0.08437448875883385
X970563	-0.009398654291997259	-0.026411315771258468	-0.03134151214342833
X970564	0.0037093696606307763	0.0030393765858936043	-0.002616831829227228
X970573	-0.022584771629528398	-0.0034091731396147843	0.03411056408828021
X970577	-0.007119797998657356	0.038016210266541575	0.03736977374458956
X970587	0.01213285496849724	0.00543906665961521	0.006517270215253196
X970599	0.022321029241686312	0.01651070949271696	-0.0019415507289421885
X970614	0.01756333485756744	-0.030463065434463296	-0.02932413810168564
X970625	0.0310533152944896	-0.02930959993480667	-0.047536140789481686
X970633	0.011693808206712428	-0.03943234844659092	-0.021912409595316155
X970638	-0.027869649646155018	-0.0030315173447536944	-0.03986346521361862
X970649	-0.01211758732547822	-0.005633511044892767	0.009102004289183736
X970659	0.006290506706000036	-0.005835433300630962	0.01708918389202957
X970663	-0.0032717984365058577	0.0020108406227718643	0.00650645154211249
X970664	-0.005819095945266834	-0.0008455947431848791	0.0023180363385637056
X970677	-0.008218498911659362	0.0033213237838353184	0.023555829282905383
X970680	-0.007172037307320126	-0.009081079836419786	-0.015998776761778945
X970687	-0.01778650480861776	-0.007418516285574037	0.0068437749542130735
X970688	-0.04595484814122014	5.941150657621299e-05	-0.015977479730149406
X970692	0.014308421274400058	0.004744735644768128	-0.0036355363311710836
X970706	-0.05182462950096649	0.014979260083478508	-0.009009256592052919
X970707	0.029535288501728894	-0.1111318512505286	-0.13185278459836877
X970717	0.010626758173165881	-0.007001179862596909	-0.02552883242748858
X970718	0.014995158859400115	0.010954802092959737	0.013893589103216633
X970731	0.015572274398530222	-0.007411916623675903	-0.020454062483396724
X970732	-0.005535040629826623	-0.01973682489308455	0.005460762504290557
X970737	0.0022266767453318027	0.003931088761847866	0.027611957874080575
X970745	-0.018016403770839996	0.015969716641995577	0.031048341742248613
X970784	0.009450270698906343	0.0007838618987133871	0.018815009038316687
X970791	-0.022593008504439592	-0.021094841551019136	-0.015100858607536436
X970813	8.738212528309721e-05	0.020196050155349657	0.005731959213364313
X970860	0.00753525911769345	0.005668336262583926	0.007119716951022508
X970932	0.005624611849048597	0.033329623640176616	0.007602051002907124
X970960	-0.00665212724694119	-0.00821614307606351	-0.05489033341036969

Biplot	0	0

Site constraints	0	0
