Eigvals	3
35.542612966713634	22.748110526406062	13.825909053475375

Proportion explained	3
0.6406365267294045	0.26242406071866137	0.0969394125519341

Species	12	3
Propionibacteriaceae	-5.483668176167857	12.587280861959096	-3.0255665517214805
Staphylococcus caprae or capitis	-2.762959698300595	-2.691276023367109	2.6713456834381297
Staphylococcus epidermidis	8.498150701740864	3.5960560920798876	0.9579219110646814
Staphylococcus hominis	-3.224984457907898	9.337895634548861	-1.0855212809169223
Other Staphylococci	3.4957306898944434	2.118511296865296	-5.095069324245446
Polyomavirus HPyV6	2.110828981111916	4.262030786635546	1.304568570865468
Polyomavirus HPyV7	3.418950212759418	-10.365177616303567	-6.0186892472065185
Merkel Cell Polyomavirus	14.289957534081283	-3.91796436896398	-3.1909807287555947
Malasseziaceae	-8.314092621977393	1.2206430897464937	7.237264737253702
Corynebacteriaceae	11.940605467095065	-1.9364584282248767	3.499336511214558
Micrococcaceae	2.3586606576214324	-7.1363445318936565	5.265579490823061
Other families	-26.32717928995067	-7.075196793082003	-2.520189771813637

Site	1225	3
X940001	-0.007053121685629568	0.010735608341761516	0.02558327485609303
X940002	-0.0030219022345125074	0.016984189743356543	0.0009437681758405882
X940005	0.00030376004721526656	0.019078224520901594	0.0012077537625642418
X940007	0.00530200851454355	0.0038529745944710547	-0.0056224520669952045
X940010	0.022890748966414534	-0.02988820592366196	0.02255098665959759
X940013	-0.005079698008200615	0.009277031292151901	0.0014353387311606596
X940014	0.1483089860519705	0.04052772999687531	0.11966149632669287
X940015	0.006053115105788545	0.011691590916957305	-0.00981179266284789
X940019	0.016041799408775648	0.03496643495078839	-0.09576060540203418
X940021	-0.11229809774753038	-0.018993336498334002	0.023195391548673606
X940022	-0.03248513970660577	0.018740392853880832	0.016365051025942556
X940024	-0.0007189877242296875	0.01184501213676057	0.0024638726090611923
X940025	0.0038858934965221342	0.01711456642572151	0.0030699707635420664
X940026	0.021761557507412183	-0.01487850440230667	0.008981724667847983
X940027	0.005524884349705932	-0.003173976158542916	-0.00019690958362771185
X940028	-0.00831506209704236	0.01247569993702053	-0.004134669703639977
X940029	0.012296446702031606	-0.004296005783574871	-0.007984900099127628
X940031	0.0005159840262851463	0.012815721656224006	0.0009294585445397474
X940032	0.0049026535792189695	0.016397222946046633	0.0007282501798758852
X940034	-0.013666119930070409	-0.025523781065489814	0.03602455105694239
X940040	-0.05139811128080923	0.022650205876525942	0.014315252899102583
X940043	-0.0003123732217994511	0.016131166758618712	0.002746967277053093
X940045	-0.055443972725787855	0.012722062394711254	-0.038176695206668484
X940047	-0.11463792201002822	-0.03260460050727755	0.02664842388438612
X940048	-0.0269267869672044	0.03296481782711574	0.013273971457629227
X940049	-0.0021730092447666857	0.0007277458388388931	-0.0021420659579369423
X940050	0.006239013284400077	-0.025899959418485222	0.00908191985801139
X940053	-0.0191519178086705	-0.006572556947939528	-0.03679878006814937
X940054	-0.06371527060973198	0.009185812368066024	0.01808097159054902
X940055	0.005570558766445178	-0.025749242726661997	-0.061696593433764345
X940056	0.02527280374751187	0.0049149065031092645	0.03144453739249106
X940058	0.001971836464846599	0.01466990701159221	0.00019014953129405776
X940059	0.008901345526689763	0.012039866295943972	0.0038972739320352594
X940062	0.02083920524232312	-0.04114521184467636	0.004905438863865729
X940069	-0.007754818641894413	0.012240862582868753	-0.012510029803646842
X940071	0.011797527517436747	0.0048813162117531065	0.012025021253799844
X940072	0.0025382463743332216	0.00685306819633479	-0.010972733432858615
X940073	0.027754978512165105	-0.033484732536165074	-0.07598374620004672
X940074	-0.05448487833918069	-0.002998258756989435	-0.011329414059196323
X940079	0.15240458076952199	0.05906594469721147	-0.047588532118622864
X940080	-0.022656257338601556	0.005227794111288753	0.01954797857442161
X940082	0.006115194713297308	-0.02610922181856987	0.006026756694433136
X940084	-0.0032638125976019905	0.020887614370170837	0.010049376473031828
X940086	-0.010016498317644437	-0.0034709743128283938	0.007100272535688518
X940089	0.0029401372394251266	-0.007558897624062032	-0.023576352607925788
X940091	0.020109196521183596	0.005225121303469534	-0.05702208907983508
X940092	0.02048137095689021	-0.03536499201378386	0.012329461966528503
X940093	0.00217266898468539	0.021350312922231145	0.0011468056643578175
X940094	0.09751580178595566	0.005008431911144168	0.09971628188328654
X940097	0.00834969342824959	-0.008755499485222834	-0.005808459738590171
X940102	-0.006448393809126022	0.021095065227626202	-0.0053936602197327006
X940104	0.008913928382215804	4.133778898512948e-05	-0.011017821309085853
X940108	-0.009139255087174537	0.02465878284988859	0.010595572711749933
X940110	0.03309815404183547	0.07015887973005372	-0.026322649051638693
X940112	0.01352035608849571	0.03774975800732693	-0.12296980628505179
X940115	0.04809997798855696	-0.029893528131304442	0.0235471148335462
X940120	-0.0019962437727062744	0.03968117116529526	-0.01747442989653507
X940121	0.009455512415982619	0.0005893559561966843	-0.003560389448417796
X940126	-0.0027676353399116002	-0.0016687239620790386	-0.011292972088815446
X940127	-0.0116325951193049	0.056644536990053444	-0.0051699441305129365
X940129	-0.021337855721874667	-0.0035015228276896815	-0.010184196709735782
X940130	-0.005458344392095797	0.04633932846950144	-0.002344993950150911
X940133	0.032347194342863955	0.00500212962301945	-0.00495320079665969
X940136	-0.008170296432486903	0.01573180010709252	-0.013630410447439692
X940143	-0.0031867102518476744	0.012807494460322307	-0.01235915386293924
X940145	0.004362394095347463	0.004437964292440589	-0.0020694311515883925
X940147	0.0032522287218114216	-0.0051685346139470015	0.008259466391948259
X940148	0.015457531022855115	0.008585879917407505	-0.016223665331913974
X940152	-0.01023494026310883	0.0019368092939610576	-0.013604179087603521
X940154	0.02174172904166692	0.015399043890414962	-0.0037301065359288247
X940156	-0.021797067023947504	-0.03262371601227522	-0.013651960017205162
X940158	-0.015408196452633405	-0.00488328469227817	-0.01625634655885229
X940163	-0.022158068947081975	0.005065746778996446	0.01656888156200473
X940168	0.01842958412960017	0.011275682591039504	-0.021958383573779654
X940174	0.01798052776391754	0.040290549603217894	-0.13758245428152738
X940176	-0.015622975585420095	0.003034953608443068	-0.0036905228177529516
X940178	0.0009133098856202012	-0.011347627732328454	-0.001490528159104797
X940179	0.01017074732222694	0.0040452247887773985	-0.005571165953675538
X940182	0.015210580417802173	0.012336088963380069	-0.009644344361254073
X940184	0.02190394818542873	0.018299459261196787	0.0258045947086369
X940185	-0.05384395516947061	-0.008861464517575666	-0.036373609528178724
X940186	-0.009118669202341735	-0.01169919454337753	-0.0026892353912114013
X940189	0.015539416499608156	-0.008252890983308791	0.005239455258877931
X940193	0.013048022049837836	-0.02627769817256755	-0.04481935880261724
X940203	0.017258730773919977	-0.011025650325646029	-0.01912693077671455
X940211	-0.017352989417759507	0.0162729852553848	-0.004649918534518474
X940213	0.0026144715253253108	-0.03027357020954894	-0.017886368774884014
X940214	0.006152145514651113	0.0029326002013406356	-0.004081140239294566
X940217	0.013806473122353932	0.004419159599197004	-0.008117799302178019
X940222	0.02980226242827613	-0.020887680118059356	-0.002261339901208237
X940223	-0.1258569703817446	-0.01999612140697946	0.04130975712010947
X940227	0.03305885343360804	0.00474679018042184	-0.02041220573465576
X940230	-0.007667170329575488	-0.024569609062558624	0.013619420277967509
X940232	0.01841461557863595	-0.006789128581399751	-0.024911675947183156
X940233	-0.007788717064720775	-0.023920517174549783	0.048687312215574846
X940237	0.005995931325004183	0.0022853400895973923	0.0018695041258844152
X940239	0.031291822650078085	0.0023398464875555858	-0.008768898121120437
X940244	-0.0647180840606906	-0.007400811591012791	0.0436427862831939
X940248	0.01399400509238216	-0.008582564535171519	-0.02434242114183635
X940251	0.023260990229182373	0.023472001674325234	-0.001417666691584449
X940256	0.002728606687975439	-0.012596306190186101	-0.022763746478091245
X940259	0.021526150097992035	-0.027751284444369074	0.002235818403393318
X940261	-0.027266189270339046	0.020570702600205694	0.012209742639841453
X940264	0.0071286241194454085	-0.022306411880791768	-0.020207034750200182
X940270	-0.0023793202636476773	0.006888593270000552	-0.014177463702236185
X940271	-0.058307434314100307	0.02808062496161232	0.010243910082610452
X940278	0.0030158082132127613	0.01470925074631588	0.00437843132723581
X940281	-0.03758865330069803	0.0019006002326689311	0.045616950537789566
X940284	-0.032423860814049646	-0.022322115899154265	-0.02509063511705417
X940286	0.016861021806223057	-0.10077918792462182	0.09452078193516522
X940287	-0.0021433761149199197	-0.005440574880721485	0.012245781818869084
X940288	0.011063581940304953	0.0009910978239083188	0.0008323182579938591
X940291	-0.009317285430527544	0.01786168256287521	0.008344090695216475
X940297	0.0039464309476064715	0.01196976353025949	-0.009003071712848504
X940301	-0.003105795947471038	0.009160353984372278	-0.009507777232644897
X940302	-0.010475352794645244	0.022839380558030375	-0.020047181484353374
X940303	0.010290049456571006	-0.022974348774554298	-0.02633172358150227
X940305	-0.0024512808718037686	-0.004992608884800361	0.017076823067865513
X940306	-0.003784623251575939	0.04342215930533574	-0.029948504067523214
X940309	-0.010175155718748207	0.012494961547751203	-0.005455058113694405
X940312	-0.001992514533156032	0.07015352060314477	-0.008805735666541418
X940314	0.002491535121017928	0.020025797039406476	-0.0028156926461211833
X940322	0.030694168262468277	0.013299093587690257	0.04074145493363756
X940324	-0.010191464287554195	0.08337457554211358	-0.012323117483139308
X940325	-0.0036548857586658906	-0.046214113910175096	0.02619670954365281
X940329	0.10849595389827751	0.007006926761124178	-0.03712814888708462
X940332	0.0004752582524293025	0.020855877414426138	-6.184165471635468e-06
X940335	-0.11341670194236943	-0.03857651564739902	0.054151445634569216
X940338	-0.01271002678798619	-0.021288525871244728	0.0026954831556738846
X940339	0.0055358945445617164	-0.04836901065343372	-0.003276945144053841
X940347	-0.006297990548439128	0.006952535046917578	-0.006294659815915141
X940349	0.014129220309565529	0.031024346233967645	-0.01354082685071274
X940351	0.005606901669226541	-0.01612834910392984	-0.010498774017871203
X940353	0.00486779632298428	-0.023444549419198383	-0.022246083356569364
X940354	-0.014952541501682159	0.03185966360716255	0.016502869221493383
X940355	0.05140904416245108	0.01045623557791515	-0.018463697678675308
X940364	-0.0747045360753196	0.024901329338656516	0.006950913524368026
X940368	0.006935461672823621	-0.03786775425124725	0.006952966983599481
X940374	0.014358040589465035	-0.010597454909099274	0.013091471636724826
X940375	-0.0016821407861864108	0.020545296668194157	-0.01444938155325835
X940379	-0.0011525301825771681	0.005912830524172374	-0.011493134900765348
X940383	0.006638790178194511	-0.009717532133208164	-0.0069950871372666335
X940391	0.007015873744156006	0.017092348476093568	-0.021233756158286026
X940404	-0.004810953509676041	-0.03170704801690998	0.004964981961844193
X940411	0.013655499089870831	-0.01013382500630422	-0.03865631445684079
X940413	0.02173900383294808	-0.08605278343409693	0.05024278147343318
X940420	-0.012515950825894408	-0.009311937394668292	0.021440496220990195
X940443	0.012662714241496741	0.0027510160715271156	0.016856070628406838
X940444	-0.09612658502356372	-0.010789858144125392	0.02958983396543627
X940445	-0.05033688554092694	-0.022788221964307003	0.04375513840830813
X940450	-0.009946678130375274	0.03370368097097361	-0.010398148048761728
X940451	0.09237702764399673	0.02120150879666548	0.19604528966464593
X940456	0.007548808710713997	0.006539362998865249	-0.0019988158956442863
X940465	0.00854490710683662	-0.013711375338649556	-0.009638350885481284
X940466	-0.0033721589247481263	-0.0014113453886753563	-0.020493911519374894
X940474	-0.04524240991313163	-0.013079503361128014	0.015000406833987154
X940481	0.008654882972239016	-0.015117738549567985	-0.0020044029942629105
X940483	0.010710995638363857	0.00956067283426752	0.010406240288777367
X940484	0.002317267270585234	-0.022889951785943503	-0.0006554036584436881
X940487	0.024581125794141807	-0.009612772741022966	-0.0176778447184808
X940488	-0.017021318696889106	-0.024123358559690465	-0.003970254557009541
X940497	0.02224229594563563	0.012184098115502065	0.0004917189411639497
X940498	0.013644379714921055	-0.04803124926632946	0.06388600544374894
X940501	-0.001494686832067802	-0.01834038604239223	0.006471495440612539
X940506	0.0025280624924548245	-0.03527374059453246	0.019784303656687527
X940526	-0.04886147107720201	0.02711229761964822	0.001659681450602683
X940529	-0.1512018986554622	-0.05561579308706654	0.03913106251715912
X940532	-0.03088459903569616	-0.03293480858280008	-0.009521093253911084
X940534	-0.0038126189099145793	0.013848345671522364	0.012114330867646857
X940535	0.03721517423630719	0.05393456161651417	0.02745996575799519
X940540	0.019214255648623314	-0.01828257986190017	-0.029214000355899886
X940547	-0.02915840913158904	0.025016202471765208	-0.011726035222483378
X940550	0.007800861149068669	-0.02800910785139731	0.019330442194091708
X940551	0.034366707592727704	0.010340732515161249	-0.010628497681529075
X940555	-0.007296478167396899	-0.009414275791344774	-0.012406374648089693
X940558	0.012090435396008554	0.019423318157672443	-0.017980510249435953
X940560	0.04520963387599792	-0.046083800752271926	0.1336016069067652
X940562	-0.09942971618544823	-0.023943289742015043	0.06095471480988475
X940570	0.01323533997391022	-0.019900878821045114	-0.010906134979118966
X940571	0.022951232724013077	-0.04215485115684454	0.0014317849667859672
X940580	-0.01944689797002271	0.00637358380947349	-0.007834694817832766
X940584	0.01577926878655646	-0.02204466806325887	-0.005774450412633996
X940589	0.009521452701620045	-0.04229258606281152	0.01807591270844239
X940598	-0.02712607823333534	0.012893816237652135	-0.004966120096147604
X940602	-0.13669382533347157	-0.034219936112921116	0.025666367322573897
X940606	0.014610079933129587	-0.0037943929974095037	0.007912250437384699
X940612	0.006030609212185607	-0.009746642746156794	0.008083805333982138
X940623	-0.013354137107583932	-0.0011875826020324497	-0.014186688256612633
X940625	0.03849310036905487	-0.043801336992388445	0.056406054208407566
X940641	0.006371984918698007	0.024576620424031248	0.007957340716226703
X940642	0.0010620374775351434	-0.02149729028082244	-0.0011666392536543808
X940648	0.0013018849838846217	-0.06459977795529862	-0.028688570494477754
X940649	0.0210672355584781	-0.007889253506856106	-0.05630350149255805
X940652	-0.004708238537531011	0.012455832452220175	0.0010289947780269437
X940662	0.006674978377380515	0.004309714170776395	0.016041920850388
X940665	0.005135612577846245	-0.005030334153653695	0.0070011917499809085
X940674	0.013845122453471831	0.007518626997370559	-0.002940155529742657
X940689	-0.14897805708750464	-0.05666173054707499	0.055650809335783466
X940690	-0.03868607085216413	0.008488491055546644	-0.006930236516730739
X940692	0.009808038476727433	-0.03594781732316603	0.015782101702337428
X940696	0.017810841775515195	-0.030552433321204275	0.02206533568228122
X940700	-0.024104413173650144	-0.012967997854135797	-0.007313099521581338
X940714	0.008591264471912082	0.004450151278823673	-0.008787970643857565
X940721	-0.05698988459512605	0.17654395116359228	-0.004121307656966927
X940727	0.03035174730644479	0.011028415955316888	-0.0030603742448450867
X940748	-0.003127344126970714	0.03773183568099232	0.008664919378484393
X940756	0.00941740376216429	0.002819287503355625	0.005486992646150069
X940761	0.0210460161676906	-0.035093456621908214	0.008850088413598516
X940763	-0.005892909929132566	0.03549581031482729	-0.005970389251673098
X940766	0.014560600847696037	-0.01507521396340394	0.019978191659514116
X940769	-0.06281350641201826	-0.03563607948902114	0.05835159330024656
X940775	-0.009585881452450106	-0.0063364554582350935	-0.01725867635233707
X940778	0.00950239492358508	0.011500565377606303	0.007744416858626669
X940786	0.009625257132687226	0.006306470565319694	-0.02419691354442274
X940796	-0.008327445034096177	0.00634908717702539	-0.012895886873795556
X940816	-0.0018926260653092752	0.004206852563202245	-0.018902087054290122
X940819	0.01731687241306172	0.019870304190025244	0.0006773803691267304
X940820	0.003495127129681117	0.008017295557358788	-0.01600366759892829
X940826	-0.006530536647506159	-0.02737234394061124	0.03673077038523052
X940827	0.13983816408031377	-0.0002100371813604197	-0.03218774269978419
X940833	0.023079070509503277	-0.011286092121364702	-0.030555568474616972
X940843	-0.013166507362161321	-0.009675502968783068	0.032136843000724925
X940844	-0.08803569520980527	-0.03414661366524651	0.04002221690923441
X940845	0.013973139093763347	-0.006763448217980606	-0.010120828306229693
X940847	-0.003597394144480837	0.012331307072529564	0.018386050132581183
X940852	-0.002173091351490912	-0.01915633389572268	-0.026603247862863208
X940863	0.03073103749161902	0.01636650474099186	0.00744212678384984
X940871	-0.0010387207896079595	-0.026054580394342726	0.03623339546988434
X940875	0.002867797005824817	-0.007959757337970287	0.01176596538490648
X940882	-0.022115627246612878	-0.008780370303174617	0.0029799104488514184
X940889	0.012661473837831852	-0.013387506252850186	0.0025764242669631568
X940892	0.002393954838670931	-0.03304299952656521	0.022911706186399334
X940895	0.02549607425011554	-0.004457012335945807	0.008317531801454591
X940907	-0.00785064814586083	0.010312442464874073	0.011272154001274345
X940912	0.0019301293075898488	0.006150101690882552	0.0033955516076618745
X940917	0.00854630920506235	-0.01009859325610536	-0.0013632427404245656
X940925	0.032404961824313516	-0.08048389379308402	0.03008363226174009
X940936	-0.03558742944923515	-0.02969277454633546	-7.14659442494889e-05
X940941	0.013607598504687136	-0.040222596939594284	-0.00435816471385435
X940946	0.006882630451006907	0.0040635805701405795	-0.016425944985962622
X940961	-0.007612155358966022	0.01816665418530701	-0.006048847176009897
X940966	0.00829566184321214	0.005216109774652977	-0.013065568018648414
X940968	-0.023993272778503594	0.03388518800882733	0.004289116526868549
X940984	0.03664902584598944	-0.013838695290873716	-0.07793562015468249
X941001	0.03786308547325694	-0.04081522520134087	-0.009658915267454939
X941014	0.06350119276737425	-0.04407504269380813	0.1660372864146528
X941019	0.003112641177636787	0.018385297781335453	-0.013161930739674976
X941024	0.014929785897426807	-0.02578576626021351	0.027510976458335685
X941028	-0.0065961840456404686	-0.028265143416992707	0.049792145289190064
X941037	-0.1421396339599839	-0.027793606807452118	0.023662092627134243
X941043	0.027794361594405292	0.015726914673273997	-0.021325744270770244
X941046	-0.0037102582762760183	0.013382256439011355	-0.030021996373822045
X941049	-0.07354767018208219	0.011946829306578557	0.00011276294690752018
X941051	0.01211760018994145	-0.02461900807439201	0.038826390817514427
X941066	0.011352978517889105	0.010514999121724055	-0.006665572094750927
X941074	-0.056711981075162884	-0.0023558013832001277	-0.015577676203449029
X941079	-0.06204407906046429	0.01145332043923355	0.009972956386525848
X941080	0.0250830532922731	-0.07290535040230046	-0.012483860702995755
X941091	-0.017054629328104576	0.013903241530087016	-0.029244335747194282
X941095	-0.09024484424001745	-0.0022753716132040787	0.028935589640985374
X941106	-0.00814522439001215	0.010457482204706017	0.0035256718452781697
X941118	-0.01841450024546626	-0.014726878093566834	0.03721283063379161
X941124	0.010174848598365581	-0.03646248040241159	0.0025339859206499013
X941134	-0.013598566709779752	-0.01047380785344362	0.025909355156331793
X941144	-0.00233579787290227	0.004371158384770875	-0.022340931989585346
X941153	0.009556780359131923	-0.006143710003511744	-0.009780453599321923
X941154	-0.023842989110202478	0.04590575864137537	0.002212971543619183
X941192	0.02991325493350402	-0.055261385917669846	0.07864355736666294
X941202	0.0265493040684139	-0.025637775577981813	0.019912836601101696
X941204	-0.02155150793627937	0.01253849711877646	-0.014545808141427667
X941208	-0.1059225545454639	-0.016405858311129323	0.04988271344919369
X941241	-0.012488531775816618	-0.03356550441600846	-0.03437479629211802
X941250	-0.05582527153674427	-0.0010574413813782245	0.00215285433878998
X941253	-0.015226269980014537	0.0208237733946778	0.0036290080179054167
X941257	0.02120438055330481	-0.013083932192985207	0.00649601618358081
X941259	-0.022560883688251	0.010847772215155494	-0.00900715543844935
X941265	0.011149359378104464	0.018487568785558937	0.015168405229321422
X941274	0.00164507790584069	-0.0499798060512799	-0.02985252614785919
X941308	-0.03241293198830988	0.017685403371227894	0.001975267870407402
X941315	-0.03858935416553737	0.10946635231078039	-0.02360491846729851
X941320	0.004414396500814482	-0.015431734159129754	-0.008177572964452299
X941321	0.0010889082171558076	0.033960987173428714	-0.010230758779211742
X941367	0.019457663897388663	-0.014529091474075832	0.015198166769983888
X941373	0.0034210418620874245	0.010590633260571334	0.01975373419347848
X941384	0.05706069849224463	-0.07600407072903091	0.0595276579097972
X941385	0.020770095016389902	0.013782996937664367	0.0025364848842681694
X941392	0.037553750177203665	-0.0592521213814817	0.21486072103826157
X941398	0.03567491127381109	0.021424875264875066	0.035013233788023186
X941404	0.0062028118870054135	0.004108403560737341	-0.010321333638058407
X941408	-0.006265227930906638	0.004963755057227958	-0.019379591433542544
X941422	-0.01603711679525512	-0.0011934576888293488	-0.015876295977140853
X941439	-0.0206277502734026	-0.0010749488516928788	0.00967181612218858
X941445	-0.0027614039312473765	-0.0705179022679111	-0.054607523902510925
X941454	0.00972168367567914	0.04958037883832365	-0.01034700644522424
X941460	0.007845642843415164	-0.039747152794338374	0.0007178416010266525
X941462	-0.0526156144877181	0.01559390316635873	0.023972220706844106
X941464	0.0413730070102667	-0.015929560667666195	-0.013336011473270922
X941503	0.007643749113194077	0.02807919016184359	-0.058704903473600294
X941519	-0.002200271753961128	0.01625562099359435	0.004767448884821335
X941530	0.017143356971528658	0.014627387221405245	-0.00819348166438901
X941547	-0.005178799748499785	0.01086835584344213	-0.00802922106779053
X941582	0.011895941274642479	-0.0913542135134052	-0.09389466331406122
X941617	0.007415386873211336	0.02057845979339632	-0.018816641501507823
X941623	-0.00047911313064180383	-0.029581662727211636	-0.0004902907541125118
X941624	-0.031987776149818174	0.005650506026206107	-0.00956427264635844
X941639	0.004273609684430847	-0.011118279691924825	-0.0035930068699959426
X941680	-0.010933481774298572	0.03539397518759903	-0.007500592993093512
X941684	-0.03034997202300891	-0.0186712074269986	-0.009889080590509379
X941709	-0.058411628309702444	-0.0017826647633481941	-0.007676713449131351
X941714	-0.1123289073493763	-0.024111096928692947	0.018668567869198523
X941715	-0.005789767362650401	0.001719284462218001	0.001954516738291193
X941738	-0.010551278240797901	0.026468319427567444	-0.016363093461867168
X941759	-0.04357853005607363	-0.002558861115051139	-0.01494679618051222
X941772	0.01582624811969794	-0.008212374379189044	-0.018014357731118365
X941774	-0.0182269995758986	0.010924815364824165	-0.010704431627295468
X941807	-0.012120312937329443	0.0042239744924945566	-6.587361428302089e-05
X941813	0.016217924940732188	-0.03840375867872792	-0.017262368980697128
X941817	0.01741255316392863	0.00884420815014188	-0.006799778505886615
X941887	0.02007684715021747	0.023505135141681354	0.0010373663447979995
X941902	0.028272041163523817	0.008318532487954488	0.0073724842372746395
X942011	0.004988883357943515	0.02043916922675785	-0.007174687778551014
X942026	-0.044046333041688666	0.008603493667790793	-0.018643258236575443
X942039	-0.04131073162069636	-0.01642446534546704	0.010185057664588406
X942075	0.012603809956518486	-0.018324849376387037	0.021216770889872935
X942094	0.004082339035064433	-0.008341071504552168	-0.015091644362012647
X942128	-0.01438078298922072	0.0024605036831479663	0.029899435884362634
X942191	0.017482116554296503	-0.04790847596236254	0.015685293305111567
X942237	-0.002276760234519878	0.01188577087291001	-0.01894667792892292
X942303	0.0170992965055526	-0.02403633543072229	0.0013965450507769225
X942319	0.026336228260898667	-0.023223132936243587	0.027426444425738238
X942359	0.012742737759537354	0.011264630201162598	0.010534510870001502
X942398	0.009471828178786225	0.0021229109960872747	-0.012145686130522207
X942402	0.04449607201425256	0.014983771967446635	-0.029866544508393898
X942429	0.029341906509351215	-0.0042455769587900595	0.007614948780281061
X942467	-0.08253230703028235	-0.029926117179947392	0.043344017411407004
X942487	0.001780007486259351	-0.003749363363104067	0.004457286363646628
X942489	0.006302036596229887	-0.024081613060314987	0.003967022510217599
X942490	-0.05141482541911466	0.01277446535284402	0.0013598797551712428
X942504	-0.0035108135304100876	0.023884873662285776	-0.015732623663005086
X950002	0.0020520388912909034	-0.02553406490255325	-0.004937790608109448
X950003	0.011954180587435529	-0.006727483882212953	0.001982460742894545
X950005	-0.003850344170480905	0.012267933292662615	-0.013372677186316129
X950006	-0.04515880669756246	0.015187428315059948	-0.009580600888990232
X950007	0.07586517113624064	0.060655045258898976	0.0012837521695323382
X950008	-0.004141588972211566	0.017350289072412498	0.015477177040157435
X950010	-0.00404076262977216	-0.004713453213847987	-0.015767586565668634
X950012	0.015851659131307518	0.005226299228476402	0.0027962638501145966
X950015	0.007991580220456103	0.004461637043261767	0.005724045094744964
X950016	-0.037389536830104216	0.02484480375396266	-0.00445651188906878
X950017	-0.002821557877047522	0.006422157328680736	-0.008418946515121083
X950018	-0.0067030491980330275	0.01081092319073859	-0.007704765373202477
X950020	-0.013228299310806338	0.011117924310520715	0.00863326331083035
X950023	0.012676527190930688	-0.036567669687974085	0.0018122881328838385
X950027	-0.00013821165378945504	0.011675456566204232	0.002365070225830229
X950028	0.010173819556718089	-0.048124853244560395	0.009648725592123477
X950032	-0.031767480602401144	0.024263391233678783	-0.00820922481820939
X950034	-0.01707038002112247	0.03317169701382212	-0.004771783979313625
X950035	0.0017331052837593801	-0.002820434731598948	-0.00926364401350933
X950036	-0.014193124254411212	0.025330601217370456	0.0002484604275050055
X950037	0.003623522559480602	0.007199738479160957	0.0016729995760643881
X950040	0.0019826790145353766	0.008287263477486142	0.00834383066942875
X950041	-0.010677006423510296	0.015284822218681857	-0.005423241438406493
X950042	-0.009821668815133484	0.014105136437337271	0.0030225967052807533
X950044	-0.0045468687837351765	0.01578491043937162	0.009513675595706126
X950045	0.016238098179811925	0.0018180695495847647	-0.0010950160293839674
X950046	-0.0016858536003432883	0.006447034134827523	-0.0007321249299934442
X950048	0.0014893062098771763	0.0019944920054582004	0.008418537580544607
X950052	0.027060841767236745	-0.04207810920729608	0.08270779509352613
X950053	-0.007166558356491896	0.01404027990618873	0.003508062735858726
X950054	0.0036107022882518078	0.008501422036678835	-0.011751700668854007
X950055	-0.053354018772224954	0.029018431647305824	0.005792593980755818
X950056	0.015022699538499901	-0.060314899355885826	0.020104242343193978
X950058	-0.001900328349717422	-0.1153672068340833	-0.09893684633620041
X950061	0.0007235723839074077	0.016218219581349065	0.010781287165432899
X950065	0.0034344769512913856	0.013720076785860036	0.004819340221819482
X950069	0.001380076082137225	0.008437609908384635	0.007987934164740163
X950070	-0.059651431447075326	0.010961316153376865	0.006943829606392023
X950071	-0.0057239692121161	0.015305353645349143	0.016483205194737106
X950073	-0.0037353212015886076	0.006148446189015652	0.008629675669718452
X950074	-0.019729153068870124	0.024054297450031518	-0.006410438160385994
X950077	0.01264798223914315	0.006457775535961059	-0.009069378744837873
X950078	0.00035633856082362885	0.017979566679608143	0.0061933274612868995
X950079	0.0041714569699868075	0.006465760648891778	-0.01002185904889512
X950080	0.01128160542532621	0.0042953494018028214	0.01116727473949415
X950083	0.005558863323228129	-0.014334831960466863	-0.002580123247722012
X950085	-0.026135609939791034	0.026269305765457076	0.009871942962912335
X950086	-0.0015739579266396758	0.009979683877601647	0.01081393385573907
X950088	-0.04046467032776271	0.016398175203678853	-0.004181617601141228
X950089	-0.014486335820817292	0.0015320847530909847	-0.0021981120050451742
X950091	-0.004537894232759772	-0.0024476907983636267	0.0067255906485789866
X950094	0.006116900869215773	-0.11032739460722013	-0.09915477373900479
X950095	0.040262489043718014	0.028254500613528435	-0.009748771400539848
X950096	0.014941596231242405	0.009081852124484218	-0.012562509476412955
X950099	0.017606953714942114	0.010074674280337327	0.0039023560495232154
X950101	0.0036377406758131793	-0.0010671720630721624	0.0011387540711169746
X950102	-0.004972159528810457	0.009874787140578944	-0.0052175151917043545
X950105	-0.0006604199016970244	0.02005256202383628	0.0012013793843362226
X950110	0.010121896047385856	0.011321288004342943	0.0017392184323779647
X950112	-0.04422658754885743	0.01430176536207814	-0.0057882792404499875
X950117	0.0005496376029051327	0.012474931040670694	0.0027217125466769128
X950119	0.006667144543411041	0.018537333750407604	-0.010329143337307268
X950121	-0.004250464691756078	0.003549906873028027	0.003114385362791373
X950123	0.04419173656760748	0.05149982115449845	-0.0017121628005839437
X950125	-0.007201610217038665	0.007222374416102002	-0.00792959029003617
X950126	0.0008582835311625832	0.0016550764787838289	0.007969552408240032
X950127	0.046687851989480667	0.04058947372361111	-0.008867053315889434
X950130	-0.04468901468717556	-0.006130623216248913	-0.001528645359058132
X950132	-0.009883374858517034	0.019269379962789115	-0.00036257424180749097
X950135	0.012872151946874334	0.010174557944935719	-0.0052691952203674074
X950136	0.0020178976831981806	0.0232810828901295	-0.008796583417847849
X950137	-0.0073584126623242084	-0.004725416715309135	0.010486783230195447
X950138	0.0016878545053413954	0.005764432038701318	-0.005617968863358241
X950139	-0.007188770164836854	0.009663300778161523	0.029161523746867205
X950141	0.021507954203013522	0.022300382604629097	0.028820485539850265
X950142	0.05824372914267716	0.059948528253252864	-0.01071585570275476
X950143	0.003984528922855837	0.00017483984907769431	-0.001433702643577597
X950145	0.0045217392649692665	-0.019699522684123866	-0.007387955436673559
X950146	-0.011263671480870163	0.023133286397525835	-0.004261324602587215
X950147	0.002023117824995358	-0.004813881934213721	-0.030859396855690037
X950148	0.07245915997481135	0.05515237974329872	-0.009633738328985042
X950149	-0.004122882494314561	0.018131645110786902	0.012065873624192201
X950154	0.009497074247868297	0.0037294197341384374	0.00041171796907773465
X950155	0.0006227802740322357	0.0008801706991056279	-0.004741881409707336
X950157	-0.0017723430095695541	-0.042509599223258435	0.010346616923213961
X950158	-0.007965744195858462	0.01612598817960267	0.003291077948457422
X950162	0.0014011325273992942	0.003205021548401206	-0.015590074974674382
X950164	-0.001034732406864633	0.00969261213409504	0.0061367184807954445
X950167	0.0060167940520177675	0.0330631474276123	-0.0046315046341501446
X950169	0.0039844578852191405	0.019790378439594074	0.0012388687637559163
X950173	0.009829603978605425	-0.02741058867680549	0.00300228294489867
X950176	0.0017914470408819877	0.046579809565648084	-0.0018749459417045668
X950179	-0.014182376638435313	0.06037111282588677	-0.002097494357548442
X950182	-0.028106641106359288	0.012592976861669946	0.00514248500676308
X950183	-0.02402523957035518	-0.04521793475142682	-0.018067760516078175
X950186	-0.003408347090586809	0.02183301446062451	0.0004891376896642714
X950187	0.010546034394465996	0.001665853473722597	-0.003909555692909536
X950189	0.050434176306046914	0.030827558754446826	-0.0008515745328076489
X950190	0.0075707579053030495	-0.036329512470262205	-0.010041598245676724
X950191	-0.0031854342803090165	0.014501836668579099	-0.008713305138536891
X950192	0.01055561803341085	-0.03529217131264129	0.004511009358565743
X950193	0.005000724244841693	-0.027330608276211543	-0.0009350175002003928
X950196	0.004253944216999141	0.01169399073582619	0.002742903820270753
X950198	-0.04688784612113166	0.009129573546968169	0.005994429491675405
X950200	-0.0035566713757933213	0.01736830212237273	0.01452441158717767
X950201	0.0022821937520965804	0.003707345518152943	-0.004789202810841772
X950202	0.00488427300334758	0.0035569302084664635	0.010739803759629251
X950209	0.0021339503553996007	0.021858686757929718	-0.0017155043509043452
X950212	-0.010051535758371222	-0.010240465816168455	0.002205657974373747
X950214	-0.035202305854410504	0.010899053180635545	-0.0020195983570613263
X950217	-0.0032714880014141448	0.005221943632079024	-0.004260097293737887
X950218	-0.009505325888848228	0.026168761283292406	-0.002500881709801671
X950219	0.01395024448011056	0.010026492231543596	0.0012819768303948193
X950220	0.0017957005408242852	0.021120209457239837	-0.004267108202189029
X950223	-0.0011368649902088837	-0.006786812088165478	-0.029662119722241136
X950225	0.013352210282238182	-0.049905785029606534	0.006512182783021442
X950226	-0.003203014961028722	-0.0005458750910625091	-0.004970957742175878
X950228	0.0220843395230458	-0.02450486542251371	-0.0024697660536515727
X950231	0.003358746922758537	0.020390808064821544	0.0033322958672080388
X950233	0.002553247478022165	-0.008012673631801205	-0.006055562147042632
X950241	-0.0332433640302445	0.009526782342066876	0.0064544094890893145
X950242	0.004379816107568068	-0.008848842318724723	-0.003053921731100251
X950245	-0.007900667409856559	-0.0011179701972956592	-0.004187776161432941
X950247	0.0011713301830683948	0.011321327673525885	-0.0015610230819669728
X950248	0.004107710550187074	0.006480719008071695	-0.010300208850598432
X950249	-0.0054934933329576245	-0.0013340087998109389	0.01016560031577302
X950250	0.011309382548354919	-0.0007010002696828668	-0.016126599615912646
X950251	-0.006569903879031496	-0.008476387869210794	0.00026837843724767383
X950252	0.001204497636764463	0.003080430635711893	0.01404457377528838
X950254	-0.0005392522390020942	-0.013913753597568319	0.007910722531054352
X950256	0.0012228440025019002	0.008081251193458736	-0.019814173697490924
X950259	-0.04656930364099329	0.011441700661945579	0.009516948450150262
X950260	-0.008169336727970497	-0.013595065717862597	-0.014993818361348844
X950262	0.01444419782754221	-0.024244112886864767	0.014569385593504331
X950264	0.0002521399190365746	0.004678648657141759	-0.008108509167007774
X950267	0.005898774633487198	0.014168652893954305	0.000712842005133046
X950268	-0.014643291144363963	0.013677549697434094	-0.003491445025050844
X950270	0.003891383372506181	0.019906258435132728	0.012409886321022775
X950271	0.0017703426048666067	0.0022313568475003805	-0.004696135825853134
X950274	-0.003969832026607998	0.011845473838442203	0.017972075158263462
X950275	0.007408222739663371	-0.06397492576488645	0.0049410580649650515
X950279	0.013045154174347309	-0.02529282053934674	0.010579397335557045
X950280	-0.004662134779109122	0.00863431793320986	0.010036776925320243
X950281	0.002491207024191282	-0.0026474494594605795	0.013661893490100685
X950283	-0.015726725656536777	0.007889538394553215	0.003241823583056823
X950285	-0.011396112756477204	0.025898786156891226	0.001702422402035547
X950287	0.011580291895399953	0.004797340423310042	-0.016152938506765985
X950288	0.008569208599960548	0.004637315520863682	0.005248931108695874
X950296	0.005606635570297581	0.011243572752836677	0.004418743110433618
X950297	0.0002904406625561223	0.04688550861811642	-0.01757744008188372
X950300	-0.006133256191220486	0.010063350229287902	-0.004870899003120131
X950302	0.014131130139369615	0.014047626822319031	0.008647310858557623
X950304	-0.019532914665287174	0.020849021101071424	-0.01413791936318455
X950305	0.0007459560038880955	-0.013820162516625097	-0.014293308599812912
X950306	-0.0172515168460453	0.006440977827365502	-0.0013270667349053352
X950313	-0.02398433442678131	0.019872101226314887	0.0024733093288651464
X950314	0.013899343249503537	-0.007830899561898301	0.026208697165413707
X950316	-0.057946887988967424	-0.025207834592277233	-0.008393494084440001
X950319	-0.011853046678336313	0.011246993986979762	0.002351730653880775
X950321	0.0036456127622309926	-0.013593308084399229	0.007978032902618499
X950322	-0.013641604338540106	0.02077091136176703	-0.025693653590305236
X950329	0.009061063465758572	-0.0016181682873745544	0.009025010179061104
X950330	0.007094618382709598	0.004566962352997751	-0.004176533684450061
X950331	-0.0014371965074880002	0.020406566297744528	0.013996771487823164
X950333	-0.013389818616224423	-0.002581295267674154	0.01637598969415841
X950340	-0.013115638543118655	-0.02350066191176629	0.010076432638365255
X950343	-0.03238347571338779	0.013066955888517199	0.007924168505638611
X950345	0.0024183416123416965	0.0076872097288622505	-0.0026098035939271223
X950348	-0.005910776164329628	-0.0028719891840991315	-0.011011976522664254
X950353	-0.008783834854689232	0.03022291140648353	0.007215432929187603
X950355	-0.011213749380392015	0.014617577690177299	0.0018013040913463449
X950356	0.007664585215379583	-0.011314487376495683	0.0009893284686336857
X950358	0.017743680286698496	-0.001891354152839647	-0.024647011421183557
X950359	0.0069832479713789015	0.007300061149134166	0.006061503924214041
X950360	0.004824734057532828	-0.003763656130034498	2.794619998069142e-05
X950361	0.0003311581001181994	0.004231045441104254	-0.0005726655954182103
X950375	-0.07250629002445728	0.007459876681311637	-0.004875068951778154
X950383	-0.01177357977529386	0.022644677499471088	-0.013914543663180328
X950389	-0.004871308465051814	0.008661897562761953	-0.012326997081630363
X950390	0.0024161439695634464	-0.007195450900853808	0.011602626346299251
X950391	0.0003713208176972809	0.008210547798604391	0.004758256209596645
X950392	-0.0036062804565142317	0.005670995433118985	-0.006380418887785826
X950396	0.03943814539823332	-0.04583613331042615	0.00859075568457246
X950400	-0.006189509366018083	0.022476732853126354	-0.006808825943898851
X950402	0.0026040679971006597	0.030486411617313216	-0.012920364970312077
X950406	-0.03495121217616036	-0.0975894035599286	0.01767459971731713
X950409	0.001084712803839533	0.027849843146638922	-0.01866936247714616
X950410	-0.01256170005016625	0.03399457440106153	-0.018683786904754796
X950415	-0.004627241993254139	-0.0022586925143744862	-0.013551167683058177
X950417	-0.0017897628140026017	0.015408864217906066	-0.006811817195122593
X950422	-0.029977228231316166	-0.0071660296613696665	0.01827894805656552
X950425	-0.020177257486676977	-0.021404613322008076	-0.009305522621900111
X950428	0.011143014676196014	0.020514264092895973	-0.035093943065521105
X950430	0.005854689582571256	-0.0009673926982636489	0.015366486413012612
X950432	-0.00246422266467079	0.018167333261864083	0.008007412361828933
X950434	0.00501117114814959	-0.0037336021406829067	-0.0050410395017427305
X950439	-0.005679362838701766	0.022694569972349914	-0.008565263916584345
X950449	0.029361228893006804	-0.023516324547018297	0.0005576113245224999
X950466	-0.002034027399307738	-0.009542969506708169	-0.0029078577078382887
X950474	-0.010453695351278852	-0.022678602302418832	-0.00234110141316844
X950477	0.009202221466624774	-0.023299323284201066	0.004925207157923806
X950478	0.006211908580545096	0.024415515844722468	-0.001536405895180878
X950483	-0.03374984634279935	0.007336979554616028	-0.0009432788290096627
X950484	0.01649099256789702	0.01177613385894932	0.027088556135609884
X950485	0.06034519713121771	-0.024169717237455784	0.041898589792316934
X950490	0.004638166490965951	-0.005830084556538298	0.012996015503969054
X950491	0.0032695005350433883	0.004366449214826791	0.002564048302456938
X950503	-0.002881895784142416	0.0022089862882706743	-0.011453829201048343
X950504	-0.0010012540051509242	0.006618465686092268	0.000608392759572655
X950509	-0.025508840828459008	0.016819126258653134	-0.015559778361648008
X950512	0.0009325933278523492	0.008828945316551746	-0.0016848500330307826
X950513	-0.014939716317893897	0.028031629922459014	0.0010340369164490968
X950516	-0.008377348652566651	0.02788732058392767	0.0042418466827065715
X950517	0.010499122017580968	-0.016115854717710838	-0.0017204032551937564
X950521	-0.000299725484162997	-0.01461824816624904	-0.003804230803946247
X950525	-0.006772412227690169	0.0029378143289428	-0.0024208988979458643
X950528	-0.016513303006314404	0.017321475869416174	0.006800465785703485
X950535	-0.018269519970134176	-0.00594199532734361	0.017320102802845197
X950536	0.004446782999294127	0.002475388899582738	-0.009362091359132045
X950545	0.006279435383093851	0.01066716948672102	0.0007116312465299989
X950548	0.0016834394290221493	0.005863307212084506	0.020846759472019877
X950550	-0.03264700279791283	0.01496601949930171	0.011300966586376937
X950554	0.028478819574192342	0.07751854346092424	0.011058825600444511
X950557	-0.008210633856617817	0.00016745517212260895	0.005013685769601901
X950559	-0.006438128032299716	0.0054663939674579635	-0.003282134500601377
X950563	-0.0016611152777636679	0.012433518436311504	0.01740372322711398
X950564	-0.008479418021623357	-0.0013040102949989664	0.00991239725674381
X950570	0.005200690308976762	-0.003587501066109125	0.006168209296217735
X950571	-0.004029435785982038	-0.01845556133527653	0.02034327551236868
X950572	0.0004766728554713706	0.01232625260008157	0.0035585578802992193
X950577	-0.030801557581327046	0.02135028656024809	-0.0027157683275362723
X950579	0.004545909742825779	0.009796292846576743	0.014231530879999118
X950584	0.0031472351140276115	-0.05845090080553157	0.014513651877652195
X950592	-0.0008018439701984031	0.0026817053856325805	-0.010481046817875641
X950593	0.006817149732145896	0.004605000834935547	-0.004070631857120576
X950594	-0.022980349417852756	-0.002039592387419325	0.005957455999317964
X950598	-0.020466534579154413	0.005214474968004933	0.0054807857372779776
X950602	-0.004803788912516018	0.008832558164596063	-0.023517763852711277
X950606	-0.051741277070960205	0.01185161180122576	-0.0008566873628401622
X950607	0.0013042413085738664	-0.00041926907941116677	-0.024888532607965266
X950611	-0.034994144038594834	0.01866190127510202	0.0007773505521118614
X950613	-0.0049426294096624815	0.01484827770861767	-4.066880301650105e-06
X950618	-0.0005187484657461159	0.0199361495936381	0.014192109291809559
X950632	0.007752814625934646	0.00026815647226205604	-0.0042707781817967775
X950633	0.04761591233767696	0.0163571352312336	-0.03967378891195668
X950637	-0.008785126938756353	0.01858606147219038	0.009110379184900819
X950638	0.0003006978500674164	0.011369292312034682	-0.01733459102936607
X950641	0.006274740029758463	0.0010925244094836118	-0.009869261939781528
X950642	-0.005917885516363563	0.028081115414618052	-0.019122602270566894
X950645	-0.006746968152237309	-0.0050320267975716764	0.004433689805346891
X950649	-0.01745015537374859	0.02933520025856324	0.0014606263315527176
X950653	-0.0026245627704342424	0.0015378949857595252	-0.00794827523564487
X950655	0.013746773356683834	-0.004341457033451064	0.009000213638529413
X950657	0.01905657394843274	-0.029398031590706922	0.03306468685658151
X950661	-0.08225562815342437	-0.016274371109531068	0.01618411565146854
X950662	-0.0005254293903174227	-0.015101874959631322	0.005695757952498055
X950665	0.009608242426509381	0.007522429108995637	-0.011565627138041506
X950668	-0.029090772380344097	0.013113579217789405	0.0016906438022519447
X950675	-0.0071963371781494645	0.006900453500674256	0.010692059340658295
X950677	-0.02273174218757984	0.022997829750086223	0.00032632675910882034
X950680	0.008405784081782941	0.02008877647251715	0.002715515305773392
X950687	0.004063392922218506	-0.0008111542897572297	-0.006709985724360449
X950693	-0.0009089065392344657	0.005301148421798302	0.005275363210569724
X950695	0.002216391954199465	0.011864677791231735	0.0022350606141821943
X950696	-0.04757633783545795	0.0018151443782934346	0.01030913270298273
X950705	-0.03368881671649745	0.007724463423931785	-0.0037504414038598143
X950714	0.023919448981799332	0.032644317062932915	-0.0014345356105268693
X950726	0.08526310177574836	0.012252015090070638	0.01761941789151303
X950728	-0.07938833601061415	-0.02697916626492442	0.0002585203518910001
X950732	0.00035985433114882	0.003317720707385607	-0.01702127331359063
X950736	-0.008072020322416749	0.016092271184840235	0.013917987486734387
X950746	-0.015747938247145814	0.017503318191802425	-0.009946065397357307
X950747	0.0013878108887055715	0.003692156036563741	-0.0016720871186716275
X950752	0.0008901780476467296	0.012636292256568009	0.01745682413180086
X950757	-0.02740707533383817	0.01981793577260828	0.00029537958966958016
X950758	-0.014569624091972771	-0.002214764266773193	0.014377367101161262
X950759	-0.004094890636460722	0.0008518938058953694	-0.012309669701527817
X950766	-0.005938510261664216	0.004677419332614441	0.006176791300697991
X950769	-0.0003996619754871782	0.005969043609073856	-0.0048854465033689115
X950782	-0.043117033807216175	0.02312807792197932	0.00821537544302146
X950784	-0.00025248194410022745	-0.0011138829159960345	-0.0010522304698354062
X950789	0.001707718611144556	0.015828089812821203	-0.0024823330274471103
X950796	-0.011492977403668099	-0.004029842478653846	0.008346172678656526
X950798	-0.005248533322101817	0.01927281402238188	-0.00940763729852428
X950799	0.003240688073084203	0.0010972601303192537	0.017373590230150095
X950803	-0.02659725134931885	0.00672045425324099	0.004226659208372576
X950804	-0.004791849144380055	0.006165896153356144	0.003005436778527398
X950809	-0.012920214449249583	0.0082807534338565	0.015703747438425498
X950810	0.008061825667367723	0.02862646936194063	-0.013129730066454794
X950813	-0.01161423018203416	-0.009250234785033926	-0.0019783490054765844
X950816	0.002417983823425943	-0.035348739844093306	-0.004055725174310255
X950827	0.0025726803718082295	0.01860957730411022	0.019371233905438417
X950838	0.0012757676008540234	0.005437660915087814	0.0019548651115560765
X950841	-0.040275987261039065	0.0013047215747420764	0.01660889754579771
X950845	-0.03499680416945527	-0.005100201051690708	-0.01177651246125797
X950846	-0.02896456787975431	0.016864301733108322	-0.01317866950935664
X950851	0.013524828189402219	-0.031908137631807325	0.021431550341456718
X950859	0.033624651757927004	-0.0384703526104527	-0.021011234921137437
X950860	0.007080261691505869	0.0311115083579402	0.019763967892971645
X950869	0.00015148155610258235	-0.015458273048592363	-0.0029718322756146355
X950873	-0.05968143617997273	0.005218725826306048	0.006424819372799998
X950900	0.00569416403650795	-0.003225002847141146	-0.005671858107543085
X950904	-0.018003734332785314	0.02131465374078929	-0.009034700236865586
X950906	-0.03006265537219586	0.02558285981526122	-0.0008139557027138321
X950911	0.0029976828002399886	-0.006046021974421009	0.00670032727778563
X950914	-0.0006101545527232307	0.0031425694999513976	0.011277045171308682
X950921	0.02929926389908971	-0.0945623433724912	-0.052625689429788125
X950925	-0.017482186090019367	0.02472313940209784	0.03358069411175228
X950926	-0.012076227580839214	0.00710161640394942	-0.0004250187041301744
X950929	0.004957359248366213	0.010952616350415532	-0.0008899192968047806
X950963	-0.01651170712684869	0.01339873975677972	0.001419831503465073
X950966	0.00961374244875081	-0.015617400575858063	-0.015848463509318053
X950968	-0.01652000310673985	0.0024396851795371976	0.004411981656198069
X950987	0.001279551394735508	0.0022098962850413744	-0.0018072441959046993
X950995	0.04378582415861135	0.047176587300341445	-0.0028872560936409357
X950996	0.01913011050869469	-0.013931342241764974	-0.011495062509448388
X950999	0.0083408568119291	-0.01559251345191942	-0.00026112674357817026
X951002	-0.00559129763316661	0.018349104170673487	0.00494019267721078
X951018	-0.03755227610621065	-0.0015192952789230517	-0.005620938888559713
X951019	0.025024593242203373	0.025119816893921173	-0.05537422969985901
X951027	-0.013156645951531798	0.007836137791282536	-0.0007937144988235561
X951030	0.0077767335091582296	0.025844692841241503	-0.011649223873172361
X951041	0.0031716191142991484	-0.0003776098664426647	-0.008681354426771232
X951051	-0.05447737485974568	0.012260252034991712	0.0037699530111940313
X951054	0.007304573418440062	-0.0022057174693201273	-0.002380421106014155
X951055	-0.00220581924753241	0.010415105165362589	-0.00492014643299966
X951067	0.0071619452774206475	-0.0039641044612198995	-0.00018480177665254654
X951071	-0.013616817986482876	0.015128531171659491	-0.008602742997755092
X951083	0.004260353828027834	0.006708936546414314	-0.0033084580332006035
X951085	-0.02721407896286382	0.021671735326389552	-0.009823838893928459
X951115	-0.03882653063487212	0.006196761437644299	0.017467380414386273
X951141	0.01750712883398466	-0.016228234262207094	-0.024843642974026303
X951144	-0.010378150046744763	0.03198569458054328	-0.009143251954497097
X951150	-0.0697402643071357	0.018851472748079426	-0.0034008459263179434
X951151	-0.005575273248004498	0.019590156036098483	-0.013769333900450206
X951154	0.0116214371473692	-0.003139418009250464	-0.026815078766767017
X951156	0.0036481581863371526	0.0018601465560288356	0.005313602110275473
X951162	0.012360564245614306	0.013025821032494406	-0.009679694484569977
X951171	0.0011383120224628073	-0.01512246993716925	-0.02289841865022864
X951174	-0.008951424641214371	0.028814450413337783	-0.0034088986055663146
X951242	0.0014791138387171565	-0.0013781458785237723	0.004021589386094994
X951273	0.010802537790438358	-0.009552898096504904	-0.026033472334653113
X951284	0.0005839726874201876	-0.0026786910164159176	0.003594523955226362
X951317	-0.0007686635121573859	0.004861498747359474	-0.0004370160614298839
X951318	0.005679775928432762	-0.009846784467661459	-0.005395649115231203
X951322	-0.03212439605321293	0.01718513225009093	0.04400219941010962
X951337	0.002499955552862697	0.0066581369497617894	0.018478847208387394
X951365	-0.0004023728139995221	0.03806327809087833	0.0022272172766884995
X951409	-0.0008400216751482543	0.01162334257525416	0.019804646626980955
X951429	-0.0049057320126609984	0.015447402554010562	0.008124413114270802
X951457	-0.004110065073958717	0.016105137828873416	-0.0028314116531671556
X960001	0.011323110662471669	0.02552952450473208	0.020470658678169558
X960003	-0.014754312984147016	-0.0024826530834820572	-0.005458185953858697
X960004	0.005608466957538242	0.0008813461979712345	0.01704098159977772
X960005	-0.00827261724075112	0.002734462596115879	-0.02101702929709261
X960009	0.014660201700004554	0.00036854188498104245	-0.020593590849988328
X960012	0.0008923202786075119	-0.012854283305401072	-6.664039592720747e-05
X960016	-0.00047846108520974536	0.004485641643298815	0.003460545711476933
X960018	0.002493594092112971	0.014099825477200003	0.012211765469419504
X960019	-0.02913322418265606	0.13693625337997245	-0.009726079648477834
X960020	0.03132332866045181	0.06536761270387609	-0.0031737475698337255
X960021	-0.00781118731492213	0.0017994551542222202	-0.015532267467706952
X960022	-0.008780484305237823	0.0050639748706763806	-0.008429229130769062
X960023	0.0190620400678189	-0.011899669236201811	0.010425630664158933
X960025	-0.020724535792218644	0.006091806660804681	-0.0012079234484005136
X960026	0.016679406458161346	0.01592873119558392	0.02953667649749681
X960027	-0.0027353536905441	0.014790876135128243	-0.002414172466623624
X960028	0.014297451455374218	-0.019807857552341938	-0.06249264922927953
X960029	-0.0011812273245179227	-0.03290641170436432	-0.011744399335122939
X960030	0.003981886398797819	0.004079828580120334	-0.011485038680090228
X960033	-0.0294842175251453	0.10988198625791598	0.029588058485338325
X960035	0.003111077125758013	-0.017564567299206944	0.003346697494657309
X960037	0.00693299214302589	0.008120681843842535	-0.0013088176715027394
X960039	-0.007956638801536723	0.002200169491625787	-0.007345172811137076
X960040	-0.016050051307536187	-0.04244774540615813	0.010654389532769048
X960044	0.0021720498957780864	0.00500029620600019	0.006326333942627401
X960046	0.08096283213766126	0.0038476413955930316	0.08288494197377573
X960048	0.0007483786326099163	-0.05118109060166697	0.01768680705953903
X960049	-0.007025030340489577	0.03477991241094183	-0.0016312186287983324
X960050	-0.001220815816765493	-0.016452997261378572	-0.017583038748488575
X960051	-0.011414580650406434	0.01020587462442721	-7.235453003473119e-05
X960055	0.01151289472746761	0.04303739049943433	0.0029501585960666084
X960058	0.00857395588498725	-0.025741816252735552	0.03905883871950673
X960059	-0.004554505802613503	0.03695497296532279	0.0016665526621717115
X960061	0.015038855705208591	0.02802648933495241	-0.02931308787383321
X960064	-0.002637207977763372	0.01651008519256062	-0.002734014333059771
X960069	-0.021610244050778556	0.009602704063889966	-0.013462583914792544
X960070	0.0029185507879687573	0.005639721622637721	-0.01507098064213035
X960071	0.009014435730226726	0.003149775278849138	0.0029962679413873395
X960072	0.0024552377529383847	-0.013699662828928576	-0.042468894514900934
X960073	-0.005202205729104249	0.0058085091211127525	-0.02493309957771478
X960074	-0.009692726102417847	0.05012356954460643	-0.012923493018343902
X960083	0.0014439575487437762	0.0073088082508002555	-0.002601882428894335
X960086	0.025202563412251536	-0.06302591479922155	0.1228524302783605
X960090	0.002078942446234917	-0.0003815088890266191	-0.03504120973319157
X960091	0.02519609920614045	-0.012152565320654058	0.006016204040877188
X960092	-0.006799622235235929	0.03534025661695473	-0.013883311364997241
X960093	-0.014991657300678357	-0.008022452771326452	-0.011581464753154204
X960096	-0.024277430301066487	-0.0023933085327011616	-0.009640390139280133
X960097	-0.0072370628498546015	-0.002509795401513361	0.013505007813242046
X960098	0.0036197537548547315	-0.008489155196313177	0.008467635632778239
X960099	-0.010835660972390599	-0.001252660583787044	-0.013354597251870248
X960102	-0.007861340918959545	0.0032250381513489407	-0.02475510316176552
X960104	0.015350794355057006	0.019510746010510574	-0.017791963715913826
X960106	0.0020544685351669358	0.028128535138580386	-0.006926325286698521
X960108	0.007956600163403531	0.01568345105562951	-0.01677863768688611
X960112	0.002569561075223477	-0.021917101718115683	-0.06662223685312642
X960113	-0.011224404193415562	-0.0038495739681292745	-0.0015227265027645588
X960114	0.005744124140032859	-0.0023861180457702357	0.0036813970408357158
X960115	-0.0021746749821019715	0.0200924721027568	0.016490133491125363
X960118	0.04798389601603781	-0.014969333411204221	-0.011772592995597141
X960120	0.0039947514213305975	0.02012897898275328	-0.008359690032153299
X960122	0.01842293102016594	0.0034908676696784025	-0.020308582597798688
X960125	0.006599274612071366	-0.0067098061715896605	-0.01314558159633792
X960126	0.0026539549645069934	-0.03633869007383487	0.03528173020465117
X960129	-0.014226998774321781	0.06539790449178297	0.019480594566487073
X960130	0.00496048373425176	0.0014166567504960094	0.00623426983690915
X960131	0.009117701662627363	-0.005236442798120114	0.002977755225432504
X960136	-0.0030922224259066207	0.007907161715064455	-0.004889346833769163
X960137	0.0013787508908236913	0.005248182430778786	-4.969764248104064e-05
X960140	-0.011233774478415932	-0.004219265719235315	-0.03726418228230627
X960146	0.020112167773324804	-0.11847326258698603	-0.10416120970045749
X960148	0.014866225854586032	-0.061138044792615226	-0.028728557738310966
X960149	-0.01013222650436449	0.04480846259332671	-0.00214944308520849
X960152	-0.0007991359017592797	-0.02074628848074789	0.012532234150712486
X960153	-0.05254745967673989	0.041340020254264385	0.040909585655495594
X960154	-0.022078165370573836	-0.024519865492099717	-0.007515092876854172
X960158	0.003958642704134825	-0.09382894228504579	-0.06841499853732894
X960160	0.00021698092546559112	-0.013029127910344915	0.03277220985656302
X960162	0.003981828488046906	0.005812641461227187	-0.005933958189830157
X960164	-0.010821270031240332	-0.0112648558924627	-0.022905334805443916
X960165	0.0019040877678511078	0.015354398200721637	-0.02485269280817282
X960169	-0.01541579747622022	0.006769438784611573	-0.001530737268170662
X960171	-0.01402335595729253	-0.05854157174829376	-0.03835935746107339
X960174	-0.0074728475974376206	-0.03390275883561881	0.011565531368592868
X960175	-0.00039590223369078786	0.0007904455918871364	0.00535039269473292
X960176	0.00316626282186204	-0.010336376338693805	0.005075580409048463
X960177	-0.005118500633177707	0.015814980764756698	0.040403239357576504
X960178	-0.005159419776788911	-0.0054984928571260114	0.0062958122676291
X960179	-0.0069803823473439126	0.0038527392133284157	-0.013517297707588336
X960180	-0.002415046616319262	-0.004661028169998218	-0.0065703575493023065
X960181	0.012102895051124772	0.020151492272553223	-0.005444709326574005
X960183	0.004158564944949421	-0.01690971691487429	-0.0018537692210621214
X960184	-0.005583489405387672	-0.019495288203050843	0.0006447500302806069
X960187	0.02519130263739752	0.028092556842874147	0.020083117465073273
X960189	-0.03902723415421121	-0.027791097734784796	0.0015491629837157581
X960193	0.011928111273410102	-0.03866235830927955	-0.03861762843347119
X960194	0.01604583631538473	-0.032221602234107014	-0.05822218163766927
X960197	0.0003495516139212708	0.0021488277826414177	0.004637103255082031
X960199	0.014153474482667508	0.0025528129962523504	-0.01279714462286532
X960203	-0.021801775558129444	0.02279739848670304	0.012685645928378547
X960206	0.022797662781465295	0.039796552300537046	-0.13342715913088518
X960208	-0.042052158720753095	-0.037966545098472915	0.027101991631324047
X960212	-0.009475351483923387	-0.007777638775225588	0.018096314145142754
X960214	-0.016616394844901974	-0.012354589865678008	-0.007134538556144275
X960216	0.002148053558251979	0.017566785086042296	0.01633162635582288
X960219	0.00012837441689735925	0.08404489825698457	0.05804538409421335
X960220	0.019152637371590675	-0.027958931990598533	-0.03344258141844951
X960221	0.00832921182222765	-0.0019257658683698243	0.003787531837786981
X960222	-0.021696348833516534	0.05420998358905413	0.00464289938448126
X960224	0.010080743694248802	0.014661879801534371	-0.0047376907816455765
X960226	0.15399115247570389	-0.06924143890000262	-0.06427867870556034
X960229	0.0007661769360826332	0.009997182609583443	-0.012603876258096123
X960231	0.008881976211949265	-0.008493524312185093	-0.00143228120045881
X960235	0.034491585097991655	-0.011257235468869661	-0.043465160825253014
X960238	0.0035873836295936025	-0.014083248979993593	0.0030662748390757003
X960239	0.02597639213677696	0.037293479848018125	-0.01835685955739993
X960241	-0.016662371882393025	0.002844102095496426	-0.008491748439014088
X960242	0.015036592661294831	-0.038480478876750344	0.00751851999844374
X960244	0.011936706051566187	0.035890821004533655	-0.009619419678856232
X960245	0.017579818774659573	0.012611445917840393	0.02724107084904931
X960249	-0.014694665519736954	0.0030256312424236896	-0.004775636816806717
X960250	0.003280239306602184	0.020919348786538054	-0.0003894579137650029
X960252	0.012455090058318545	0.048154076894593556	-0.008320813422746966
X960254	0.0027251237017119037	-0.011887142136513498	-0.0015070214869956546
X960255	-0.03267308886953321	-0.018123030834340647	-0.01130089330780498
X960263	0.0054275966787042905	0.010377633756232785	0.0016937693792556685
X960264	-0.00034604816497460196	0.012137799345954697	-0.01054023227623043
X960266	0.013419035448032543	0.04081240608868431	-0.014967974605448504
X960267	-0.004908581610678901	-0.005927422600009536	0.0024001862497958076
X960268	0.010389662572741563	-0.024495144885050283	0.005263174663103234
X960274	-0.0028800965712610705	-0.002643004508093949	-0.01890016147011354
X960276	-0.0223916339859704	0.009234825340707417	-0.013892819088054327
X960277	0.01734524934166348	-0.02664903594980921	-0.07936401857894779
X960279	0.025349551676593442	-0.0748069845781229	-0.07041046806407143
X960288	-0.002547658944049906	0.01981931609968093	0.0035069560292592845
X960290	-0.012603646362243575	-0.02019470408606059	0.029492950560224274
X960297	-0.014501982819183615	0.004369926074142671	-0.006707258834694933
X960302	0.027534034383818937	-0.03918274428246059	0.015947544022718894
X960303	-0.028599718023930347	0.00019236357093864028	-0.017723267333302255
X960304	0.010935932591808323	-0.0005405001847464152	0.03525269346783214
X960306	0.012384401194980035	-0.029295238327534768	-0.00465716558289039
X960309	0.02242561459389142	-0.022673601679431474	-0.015702322819193575
X960312	0.03817782420259016	0.04094161836112087	0.043393224103458056
X960315	-0.0003314489785401942	-0.030841997754601117	-0.023972360984957718
X960318	-0.0068047294933345145	0.009874122243030125	-0.00410681044497094
X960319	-0.03290081177804673	-0.03511252296448642	-0.022481199886068025
X960322	0.011194012881590248	-0.014541134065157056	0.005840974785052557
X960327	0.0044179863019905745	-0.002713869446028459	-0.024802065229888735
X960331	-0.03838847534479771	0.07735361443579282	-0.02326778296486364
X960336	-0.034497960170930674	0.08240462410583947	-0.027712466047640716
X960338	0.0567488488334944	-0.014293398641382172	0.003744605918139658
X960339	-0.005008543177337828	-0.004461757482943463	0.010176901168713214
X960341	0.006013541992157562	-0.016442392405652994	0.011769045593891483
X960342	0.01150491997004289	-0.01817464215907228	0.01525526510600107
X960344	-0.0010438766262334275	-0.015501530740087473	0.007245762348818539
X960347	-0.015984398695983056	-0.007957423486635435	-0.00982566978582454
X960348	-0.002995334205546092	-0.0019299605775909264	-0.007706000493612331
X960350	-0.00032415362090044465	0.0002929456823633871	-0.013529440888972627
X960351	-0.005347283915781323	0.014405155691596812	-0.00033095768723970877
X960352	-0.0030734745476710115	-0.006262571246114459	-0.0002918979652081204
X960353	0.01920664723090773	0.017114521200871063	0.0161207204140125
X960354	0.07662394866955352	0.0025707284225946537	0.017355000093812658
X960357	0.04085394209554599	-0.010678693047217153	0.0170232930247255
X960360	0.05414596166213245	0.09922284362757672	-0.021259951949514584
X960362	-0.010883832796337832	0.0062564422931397495	-0.014475033585535316
X960363	0.016864767833809618	-0.03177022613637837	0.010935122406130041
X960365	0.006128058984755486	0.0007563125398019145	0.0073432928902638596
X960368	-0.008780860707916439	0.020214591496164867	0.002156464114564111
X960372	0.019300706098929546	0.011309281163519336	0.015960693489334734
X960373	-0.009080380085559793	0.026420142003240634	0.002975385878376867
X960374	0.07107479368872077	0.0655481453311447	0.044234676985293105
X960376	-0.008659460284225514	0.02030740843148175	0.032792213424941145
X960377	-0.01492469652434268	-0.015745489705085432	-0.013203271522165556
X960379	-0.0007383001029225671	-0.007370268696746221	-0.003813782135894755
X960381	0.01839687346398355	-0.01954438078977087	-0.043673292820265865
X960383	0.010993633596750369	-0.011123097122714832	0.059218650498383
X960385	0.03549482449052107	0.07866669667224317	-0.026243863834452617
X960386	0.017040165535196952	-0.03591983507838553	0.08562657065576576
X960387	0.016514450724454982	-0.03074901523403323	-0.028862977721232787
X960390	-0.007526886636880275	-0.007789775735116688	-0.008608375417935016
X960394	-0.010744329798156654	-0.002507852225832329	-0.04560121395034079
X960398	0.023195405842327002	0.009803458602962738	-0.008783856223027922
X960401	0.015996733631386942	-0.018221840985325848	0.10556846801001234
X960403	-0.007781743859814168	-0.013812950899883596	-0.03021115099058248
X960404	0.00010672848244859042	0.004726995108069413	-0.00242071463483855
X960408	0.09802214155201276	0.02401077039766359	0.03462294928841359
X960410	0.017018859546497674	-0.0021483785099906645	-0.01842032814226563
X960411	0.017479490230944	-0.06524950501696475	0.031949434257168535
X960412	0.01238210296055316	0.02226548524251041	-0.0012972727885576724
X960414	0.005258465781798186	-0.015184301121991522	0.009775390616618897
X960419	0.003337496861707323	0.008137957782182128	0.011451992932190186
X960421	0.020590191182053387	-0.08889659064633841	-0.10430993034182041
X960423	-0.015658148600608785	-0.014104060912735736	0.001965226271017661
X960425	0.004024401735719314	-0.004384392022867998	0.01700054111802545
X960426	-0.008755443160236553	0.008293371406011323	-0.0031271106953925038
X960427	-0.01755992179300246	0.012444261965669863	-0.010132387254668043
X960428	-0.012869914254581198	0.004170840995240385	0.0005864072977852679
X960430	0.002057162783540656	-0.028992584708054436	-0.007857854349388571
X960431	0.008113304167253498	0.0035471351751163263	-0.006776579939587343
X960434	-0.02588089856759375	-0.00866393500952379	-0.01031524222117484
X960435	-0.004911906808712689	0.04320044761794357	0.03152418108657659
X960439	-0.007764200331326468	0.0031312445620297457	-0.005961825314766361
X960443	0.016733506338482255	-0.021097093973210485	-0.05672900363787444
X960445	-0.009591514114024735	0.011296477971029697	-0.00384041210787694
X960446	-0.0027182489481680184	0.009786584417077282	-0.010175472702075198
X960447	0.01387745895500626	-0.006471628688289773	-0.006560267178452786
X960452	0.0029170735291251487	-0.03143763525963404	-0.004149391954890376
X960463	0.015176563936917867	-0.058457874753461106	0.06538289798834265
X960465	0.005200387307885393	-0.13054974811307282	-0.12169174489469574
X960478	0.01114312469599825	0.005772875777504061	-0.004083234284491936
X960480	0.015321022400298524	0.006586955384939704	0.011207752348815268
X960481	0.11255161570485311	0.022779861560725333	0.07157651834745118
X960483	-0.046083092575610475	-0.0018756635048422527	-0.015553625146593558
X960485	-0.09391033645387878	-0.09741955205098622	0.024062353577875447
X960490	-0.012654927019829846	-0.010454054222595857	-0.01625743754147017
X960493	-0.020656424007500004	0.062134440830080635	0.001875666116856997
X960494	0.011135389876846702	-0.09441362221581028	-0.02007783336552823
X960496	-0.006536171197591381	0.009578311649952584	-0.01433612883508996
X960501	0.010847650838756077	-0.013383828353881955	-0.0029623508978587694
X960513	0.009052745534842989	0.025174032853448394	-0.025094203214967355
X960516	0.006565590902776886	0.020537625521436714	-0.006621153750222489
X960529	-0.006912533510223466	0.007741540063246761	-0.012793455611074329
X960538	0.008681579418601029	-0.008407573833351232	0.0026481924399351675
X960542	0.12823502339823614	0.026625108871882353	0.06008469446114658
X960544	-0.057459771905368384	0.01775401362410704	0.014720932484756677
X960550	0.008357431493380616	-0.01939775346022936	0.03324653744290143
X960551	-0.006200407277949487	0.016484529124963437	0.00016405549387491064
X960553	-0.021419813371757513	-0.002516858411390018	-0.00012256524926088427
X960557	0.002454485242206249	0.06376766731912223	-0.022160419433979187
X960575	0.028863767371492734	-0.021009720425066724	-0.037873213408611134
X960577	0.007515863621681214	-0.00021569201630820866	-0.012230352747951338
X960589	0.01320736064783442	0.032335182388529865	-0.06894197158097849
X960591	0.014003083534140726	0.0454337712059886	-0.08117088487620243
X960592	0.027387996447123086	-0.014597566416136127	0.09382814387382554
X960596	-0.02181401369658461	0.08851669948125482	-0.018674907403499637
X960611	-0.021039740096937785	-0.009680442742834125	0.01200708056721186
X960612	0.002200016658323802	-0.021108939458819392	-0.01767266932112241
X960616	-0.01742734474966402	0.008854235672879221	-0.014148333071473852
X960632	-0.003712126938452807	-0.0015854507086034545	-0.005319737732722225
X960635	-0.006470761871039235	0.02252299349523807	-0.01059730851361631
X960636	-0.00010530727064013355	0.0010230310792047697	-0.0003012751190084787
X960639	-0.004501497508895936	0.0009520152956084811	-0.032343400451622296
X960643	-0.006936753664512869	-0.00040560830825306577	-0.0060055434753731735
X960651	0.03897748638204996	-0.002330642050344773	-0.019345067748014182
X960658	0.037306842852357865	-0.009615824959336576	-0.03457587652219686
X960659	-0.00880339538934534	-0.009649930249176843	-0.004038472333940162
X960666	-0.04428874147398733	-0.009088126731650095	-0.009075837997356203
X960667	0.0032145434165980423	0.02584672057167834	-0.0010088555100274477
X960672	-0.014864504653131497	-0.021895981408780005	-0.011119004720373556
X960673	0.006879235272028961	-0.03416338734988258	-0.09113760282449307
X960683	-0.07590039528125599	-0.027966655126433867	-0.01844763384546742
X960684	-0.002544704595697505	0.01189596891062076	-0.00761185151772092
X960692	-0.008596281210603138	-0.002816653184280778	-0.010316122856966235
X960693	0.0035464108266095025	0.00473826080238434	0.006482178919959283
X960712	0.005764484805853173	0.013758004029597766	0.04351506190778808
X960719	-0.0060309582790341884	-0.009268826222807017	-0.005808837880386898
X960720	0.024989615007450446	-0.032675752221901805	-0.04986768454676063
X960726	-0.035568886864551126	-0.039041170925989244	0.007955521922513593
X960743	0.035844715126145614	0.017096817571217813	0.013314844063985124
X960748	-0.0033592094346541804	0.01950647810994482	-0.012788277976057279
X960751	-0.008204332101120189	-0.07973314131800861	-0.002659728924580803
X960760	-0.003185310694475301	0.010626644895849831	0.03625241589750743
X960764	-0.040578244024023095	0.013163414753193084	0.004551503432742414
X960788	-0.05444325911199249	0.07095515360601876	0.07378532012100646
X960792	0.011632866574353922	0.003249500354047775	-0.06356129698194052
X960793	0.049120867830309216	-0.04441444987325546	0.19208613269161529
X960795	-0.028138167624038125	-0.020678036195872242	-0.009598159639101546
X960796	0.04046116094333011	-0.015440564350030326	-0.0039027148747314837
X960803	-0.0006870189300159957	0.018771665491461812	0.009428556097752106
X960807	0.0007505529789508666	-0.0004927868700901225	0.017030864266593684
X960837	0.006048601471239522	-0.0070250909537251235	-0.0006272231279534219
X960841	0.04054610798669039	-0.02063605805586635	-0.03723446629016857
X960843	0.005204472009323475	0.0015092989042921755	0.015620872981573603
X960848	-0.01648665822521245	0.006871783366218089	-0.00908131621549064
X960850	0.029091921426816717	-0.024009982402535462	0.10696155202402274
X960851	0.01991881219018416	-0.018225283806878104	-0.009654285925691335
X960857	0.017727056717480785	0.03746342456539227	-0.023044702599995706
X960865	0.011600060953509664	0.013664974416626187	0.04300772561100341
X960870	-0.0013597902131823876	0.017566771131898862	0.007856271788471985
X960875	0.0020147241252106976	0.027793915380816978	-0.057716513595815484
X960883	0.008622603428668722	-0.0226501474211477	-0.023624075196057033
X960884	0.009681934854760496	0.04260591053954365	0.010893106447472661
X960892	-0.03970307214942464	0.024844629180346505	0.02748488663504913
X960894	-0.00673546646717488	0.020521355149357462	0.0033214187438687344
X960910	0.002030959671752766	0.03704955785736622	0.003236987664049701
X960911	-0.011749643300639495	-0.007303107876275862	0.0056110551055765755
X960920	0.01557755270327576	0.016447352679867654	0.03968871431469498
X960934	0.027909637531953434	-0.10330096934873	0.04435549374794693
X960939	-0.0018203520462916438	0.017834580044970214	-0.0020408007290472867
X960943	-0.0021862088232774786	0.050643254853556106	-0.0046124385177604196
X960944	0.045635289143677975	-0.04050388506477027	0.18750279093112546
X960969	0.0039337829204069185	0.004197277188165557	0.019897029577867285
X960972	0.0050770526786739845	0.036290262319277344	0.016322810577112545
X960974	0.006365899982151726	0.01216118183659252	-0.008622361474136501
X960981	0.00027257674408112534	-0.01211072329931382	0.005150109554221072
X960991	-0.013824303963997602	-0.039845627632286676	-0.021163523512591712
X960998	0.006085058100684254	0.012872678623729152	0.014568244075862559
X961012	0.016190711242074347	0.020666738572927435	-0.005943416624518036
X961035	0.050502323963583375	-0.020996567898267395	0.08658327372791379
X961077	-0.008207059539892838	0.001299377255469356	-0.010781549460274768
X961092	0.00949574643685658	-0.015596874565679012	0.01972703964704995
X961096	-0.011837528926947727	-0.039504545932043514	0.022238296570402036
X961105	-0.005080492047427012	0.003197020257312961	-0.006940367174557011
X961124	0.03263791069050966	0.0693505737269466	-0.040491906222404395
X961128	-0.009563321887918004	-0.01812046994734152	0.008549741763008921
X961151	-0.0017261901521146213	-0.0697259164876271	0.02832250982193261
X961177	0.013738793808973967	0.023820950416291953	0.0008867498530269313
X961180	0.0030172959590479727	-0.0652860161089595	-0.053312370382990644
X961193	0.020229770166218956	0.004644376466159136	0.019886561014002723
X961214	0.012900777846252078	0.0014553964397405205	0.005626665014374656
X961221	0.0022547343327829258	-0.0003568128106960429	-0.01200437142761107
X961226	0.03209852716044512	-0.025088738684279514	0.018870279263662748
X961240	0.010041821132478123	0.007607614329867527	0.056774386381242166
X961242	0.010486054780911523	-0.0012313043516157076	0.01961584922756416
X961243	0.10680618112914203	-0.15510070943442533	-0.11106561379033374
X961246	-0.013165754011096003	-0.0011461682100410786	-0.006579107177157365
X961263	0.009145630608027425	0.000469247747841207	0.02046196258581162
X961282	0.0010261734151455564	0.003551513260015678	-0.013640813996585888
X961321	0.00381408506315278	0.016876329159442365	-0.006866508113208814
X961325	0.024282324605266064	-0.07754645593459071	-0.07922007174657958
X961339	0.027144608315029486	-0.017688728612091857	0.03667374606595151
X961365	-0.03074287195589139	-0.006094311070135087	-0.008380094531343514
X961417	0.012301170993014745	0.004284585095427007	-0.00831306496998161
X961423	-0.007613881265266456	0.0002816515214977747	-0.01917315114304783
X961434	0.0017080469515439042	0.0017261929908651964	-0.002298364444541269
X961485	0.026392344559159214	0.008567735414156178	0.07335594899258696
X961553	0.01056606260765725	-0.008655604968559171	-0.004822041545043613
X961577	0.0072489245125189365	0.020976330726388416	0.0105274640221629
X961634	-0.003832181250940895	-0.004740865933460525	-0.04693229423908676
X961684	-0.01339640770525377	0.005084516397724931	0.0031766480829710933
X961686	0.02550482638047226	-0.042133875731378716	0.0313247993251883
X961738	0.027547728151369147	-0.04979989748665429	0.006848822167513785
X961809	-0.018456484415164096	-0.024203102436149745	-0.005127775484173774
X970002	0.007967444578135679	0.003398170127382064	-0.0029324585185188977
X970003	0.026922957817854733	0.0033816014843267668	-0.01345014264959359
X970007	0.0013696055998256831	0.021180455079248026	0.014555503982461703
X970008	-0.00385201552714749	-0.0046906910116070325	-0.0015977387132051115
X970010	-0.01009993766935862	-0.0028819627467366817	-0.010853083138855966
X970011	-0.008011051412209999	0.022536396020086086	0.011358570610796235
X970013	-0.0076211751436952024	-0.0010426080250193726	-0.007618385272206024
X970015	0.009145577531986637	-0.030164264576125283	0.007333969032246023
X970016	-0.0027617887589625354	0.010885755293858565	0.01030597221020622
X970017	0.061294048433412886	0.022292201327941106	-0.013437410952085763
X970018	0.008275963219257396	-0.08048552460585424	0.02195604861959861
X970022	-0.02104786243764582	-0.04548051300664126	0.012726134521011373
X970024	-0.006152456676228039	-0.0056166399085782895	-0.007409560795692053
X970026	0.0008337003342004075	0.005142696369816263	-0.007465396603851348
X970027	-0.002263871115839527	-0.00021257616337574616	0.0024451586886411183
X970029	0.015518987309635206	0.00205177675015311	-0.008700607983565818
X970030	0.012500165869773169	-0.0012708146252687273	0.0045909380592566666
X970031	0.006759636306341455	0.0720137638635094	0.020912726427964122
X970032	0.014401794330025662	0.03120392804661539	-0.09045720867228636
X970033	-0.048367075488868566	-0.038708502323106235	0.010295369796271766
X970034	0.03735560597232072	0.017845530436419836	-0.01742625427142773
X970035	0.0045833656538941375	-0.008918858369421934	-0.010986144774666369
X970037	0.010065276618565119	0.010377480331478181	-0.0020171146804820327
X970038	-0.02290298567154354	-0.007753916691351357	-0.01117342266301318
X970039	-0.0038281536590710906	-0.001362069582045372	-0.0034834281050614376
X970040	0.007039813670588573	0.01485946076372264	-0.03536392823323933
X970041	0.0064161114239040615	-0.010645660633807591	-0.002670266788031726
X970042	-0.0008121128587782472	-0.02362865138719821	-0.0005027151255318716
X970044	-0.0026616804878268766	0.010627179632047273	-0.0022123140374144864
X970045	-0.0020289605809436172	-0.004370017264778055	-0.011822774045019125
X970050	-0.005099039502689121	0.01115769638288496	-0.0010498594916006567
X970051	-0.013299294094786472	-0.04014694704699797	0.011931645179622065
X970052	-0.0014169481200334288	0.0025153598296719384	-0.00673058309981234
X970055	0.007758429198350487	0.01861386289753268	-0.007900900680554178
X970057	0.030327607941753237	0.03647372198342883	-0.0060012558704846414
X970065	0.010479143895808158	0.005362582086529852	-0.019893776075565767
X970067	-0.005651504916054692	0.004807566928020782	-0.010502902234625367
X970069	0.004278778988667266	-0.11604317910356166	-0.10225687234649694
X970071	-0.002311903462154249	0.016826150245111717	-0.0074953270986645795
X970072	-0.022137687973648897	-0.011656676359492248	0.010831390446751006
X970075	0.0015805248492537533	-0.0018386951148087862	0.018106100756454482
X970078	-0.0037901429303714386	0.014082519960240887	0.003957466314311873
X970079	-0.008853717403659816	-0.022108847730823507	0.00909871833276691
X970082	-0.0015904118898642375	-0.00918201879077982	0.0058408106004184945
X970084	-0.011801828244777417	-0.006134192007538969	-0.018427827298556826
X970085	0.006006663380391739	0.05502374064530406	0.002994063619235485
X970086	0.005844170751193739	-0.005640627929794463	-0.016303424028281954
X970088	-0.001236687972440377	0.0033615598791444535	-0.0019114948132150469
X970089	0.02887153094813134	0.030546333118452857	0.007248570105252623
X970091	0.005013294143754282	-0.02110225401442585	0.012827532248846911
X970092	-0.0014514546191607175	-0.016868332856359844	0.0214568537718236
X970093	0.006004813735715495	0.015932061355027963	-0.011459832449353587
X970094	0.0022047626341436784	0.029370218637749804	-0.030705845086574347
X970095	-0.01740645740055136	-0.008622167705040325	0.0001170328513604954
X970097	-0.0002056108185253462	-0.04037739191271524	0.041419188238124696
X970099	-0.007257402899599624	0.01840928335330714	0.013019833942207869
X970100	-0.0010063303180138372	-0.09167045074102706	-0.0755357466871215
X970102	-0.0004438366461500078	-0.09534061360133118	0.02518278612049192
X970106	0.021016497320725885	0.05837999019927977	-0.03002053783895922
X970109	-0.008145941462183224	0.0012024548071488254	-0.005110616248991115
X970112	0.012311812091720525	0.006088220587675591	-0.02311864000195557
X970113	0.041312487262892765	0.045090082472960445	0.025103262870080842
X970116	0.031482499011411494	0.004683370521757248	-0.006107007791638799
X970118	-0.006740749835731524	0.008564388730600751	-0.010537088184040304
X970120	0.004918461152208268	0.017187411668413793	0.023491197798964795
X970121	0.21700524911355543	0.03483055093630885	0.06575469200093008
X970124	0.012210881147888973	0.001636169224053017	-0.07691508381797317
X970125	-0.009787795502888167	-0.01452273990712057	0.0013308156221141195
X970128	0.08961738921406938	0.026671867696038996	0.03181221010005002
X970129	-0.000305714018792179	-0.014481610026920971	-0.0070985015407536755
X970130	0.011290177789049505	-0.019153902638589657	0.009541584070083969
X970131	0.10928600467202351	0.023694176352744335	0.04581191604802613
X970134	0.0018097374744302092	-0.015714495121267852	0.002498077129289119
X970135	-0.01198892840482528	-0.03559570335785171	0.0059763687182608285
X970140	0.0013128055935920956	0.008450667844220779	-0.002661959429704814
X970141	0.02632221791660606	0.03293904473835615	0.008686644434918936
X970146	0.0069500452130847315	0.008931007412805598	0.006947461796003424
X970152	0.04141336860417204	-0.053502034761553595	0.004576756647504959
X970154	-0.01908939080851672	-0.0024137252241891484	-0.021206590342188927
X970156	0.02229289864935002	-0.0047246284107758316	-0.0022306021284028586
X970157	-0.0008086409204001854	0.011204458250008022	0.003153578365013381
X970158	-0.012841349475504289	-0.025577533809991213	-3.148428015229291e-05
X970160	-0.0007547591951172735	0.015316443859954381	0.00685553386724727
X970161	0.061556456522158916	0.011143631534934336	0.0070000714855155445
X970165	-8.145764990243534e-05	-0.002270098044265479	-0.0034751263471125135
X970166	0.016957760315486077	0.01397407407408511	-0.028765639262880154
X970168	0.04630678687252697	0.021687624415009352	-0.015552598265706612
X970177	-0.02313802200273068	-0.013976636666070137	-0.004789260931193014
X970179	-0.0029968426370812055	0.009219005668747775	0.010017675985919197
X970180	-0.017969716868850273	-0.0015052983921021463	0.004190713921795827
X970181	0.00294190013677976	0.00936090214698253	-0.004695380520403382
X970185	0.0009532380534902256	0.0009792491533764669	0.030049895809395842
X970194	-0.004526083015058551	0.032175796135366655	0.018036039774678016
X970197	0.0016156027504603296	0.025230553742913518	0.004424235419660083
X970199	0.00899787459145045	0.01666324547342584	-0.014476063232796816
X970206	-0.020597587985892268	-0.01234046247620041	-0.02124768288673642
X970207	0.017132612280993137	0.01638556368762031	0.05458259990463868
X970209	-0.012478793442188482	0.03437258132911705	0.010761575787856035
X970216	0.04221739551065625	-0.0005712106867198102	-0.04257599869252906
X970221	-0.004037838270959773	-0.026423607669517547	0.014756238021312958
X970225	0.001959365232984908	0.016395472083270943	-0.016338932311944568
X970226	-0.04049437833490704	-0.008088287068682944	-0.008663579838765487
X970227	-0.00299359123693741	-0.0034373460709457597	-0.005864643642707797
X970228	0.005025019505550155	-0.005789312106977465	0.011755160013611264
X970232	-0.02026504426019456	-0.034300776299296565	0.007676699417241379
X970236	-0.008914922810729272	-0.026355245726170214	0.03017634392270557
X970237	-0.007623431645206905	0.05364808488103397	0.03518758815041638
X970240	-0.05777306433375925	0.016884997271944126	0.1486292672271604
X970250	-0.01423341292557105	-0.01048896114091004	-0.005102793989858461
X970251	0.05469680878370525	0.05319414575418296	0.02043732201033306
X970254	0.027449204336121264	-0.09638657378649887	0.004408445467425352
X970255	0.033240892194216935	0.03877481526096772	-0.005524721168613376
X970257	-0.002487387047572509	0.019564343902339857	-0.01418905229374875
X970268	-0.0011620563451589714	0.01105954850266316	0.022182408925038713
X970269	0.011575214106179049	0.011971049800588805	0.025516562024369343
X970271	-0.04467651695162744	-0.036489739433400815	-0.004780990119106357
X970277	0.014854864728802554	0.04805066729453959	-0.029847245465569962
X970283	0.006020021513027849	-0.0267465732653981	0.00798220398433471
X970288	-0.03596849484008017	-0.012335335961040918	0.01930892354015439
X970296	0.021243616798078412	-0.07008304590581142	-0.010338396484942022
X970299	0.03508006304064499	0.03149879069032248	-0.024960287045018115
X970307	-0.016320096497580854	-0.007912851956206479	-0.013518683972164417
X970312	0.019737437469739234	0.024608365956425796	-0.006934466046057199
X970323	-0.008570535628089517	-0.00033759316068283636	-0.01515624692148707
X970325	0.003995745858569764	-0.024616221315388716	0.009517370380252124
X970327	-0.0035508761946840763	-0.06176889146728915	-0.027120490683002197
X970338	-0.037797349158302525	-0.04410116626601384	-0.004782137573814636
X970342	0.019307038057525056	-0.05570233168455715	0.004432558582903176
X970343	0.008274007432984185	-0.03855374737942181	-0.007985532376401505
X970345	-0.00343248932523014	0.019950923285109858	-0.012557501285756043
X970346	0.05506386016638358	-0.04220261132736821	0.016819681362714323
X970349	0.0038624969733131536	0.007724247733873961	0.0003136102231956828
X970350	0.01690367300767732	-0.0061353430483894675	-0.03389819292784351
X970358	0.010610101832163344	0.01370055643519247	-0.0016627441372991424
X970359	0.015447348775039355	0.011066169519970508	-0.00340600242037381
X970361	0.025794719254481138	0.013715668413550357	0.023810393788543122
X970366	-0.007866121195649813	-0.06275000152749607	-0.036392192995286246
X970375	-0.002093229332251944	-0.014549779225911616	-0.017197103795166233
X970380	0.025860390641160514	-0.05656657931331774	0.01991135333154824
X970381	-0.0019274649531092333	0.0016228410253350104	0.00430844987126503
X970389	0.01802695028628552	0.0037854798165250832	-0.05220690755918524
X970393	0.015255237423085002	0.02611328725121248	0.027481280741939507
X970411	-0.0032213092961230687	-0.006840310659458142	0.02276260420123078
X970412	-0.004537577688925177	-0.03330794899765374	-0.015047523900424142
X970414	-0.012196916358364377	0.008693862788516292	-0.01248720107442007
X970425	-0.008557230872667146	-0.01321809535993001	-0.00476790294846582
X970428	-0.007301135674446201	-0.012502506787999856	-0.06842762631975037
X970432	-0.03647164461418702	0.019521627845740037	-0.016393090724791372
X970454	4.452453763232146e-05	0.0016069852169247729	-0.014073223326303525
X970472	-0.009723705103258583	0.0023849313244942846	-0.006937461314718389
X970474	0.0018450236743352006	-0.001567383598191252	-0.0005247028823580891
X970480	-0.0011834281624417775	-0.012184978222003349	-0.0006502145537940947
X970482	0.010389919316812395	-0.032041884070660456	0.014132270205437936
X970497	0.03733068937081804	-0.01704244399890499	-0.037572156230251154
X970502	0.002649108360318994	-0.024610290230675468	-0.0007471993908272186
X970504	0.10950721771378816	0.005791703124469476	-0.004422463624614114
X970509	0.020303209012439073	0.02403181492013461	-0.019518785416423438
X970512	-0.0034089723680556156	0.003960729568249189	-0.006294341498086642
X970515	-0.003736924712541096	0.0005766580948293343	0.0015713172268022088
X970517	-0.04954987510856874	-0.04138750106378542	0.009819991696422083
X970519	-0.01101555768717465	0.009975097336365065	-0.01818650645547113
X970522	-0.023959585298941426	-0.017297451492923412	-0.004388689386344874
X970524	-0.007107440784832725	0.002717715703793427	-0.011771017440185157
X970533	-0.004298638897329472	-0.015018323836104826	0.010778472461233035
X970536	-0.006841703682348907	0.009505160420782475	-5.791799506909182e-05
X970538	-0.00472952891708114	-0.0058901248301844785	-0.005092896040949283
X970543	-0.003831122811402285	-0.003896401574002064	0.006298050797892454
X970544	-0.03964495054555021	-0.054783810088339276	-0.012273739999244455
X970549	0.022355190179809536	0.0320885177081083	-0.008983017227971977
X970563	-0.041598235633044246	-0.040227455353133795	0.03761505628915605
X970564	0.003575908697421957	-0.012591023429067047	-0.004019821083642503
X970573	-0.05405356233134963	-0.00023866608877800964	0.009631341102684762
X970577	-0.019908931275166974	-0.013898544733531637	-0.014543718730264332
X970587	0.006173060304305336	0.0133636762792144	-0.007945314933933394
X970599	0.014270025529756512	0.0119962564022033	-0.020178384079230012
X970614	-0.01646800207897418	0.0048660503679804805	0.012070222078958836
X970625	-0.006910955632346486	0.03586900123708762	0.018789654963842047
X970633	-0.02167481836386512	0.00299196860344186	0.020042065828622467
X970638	0.009200301879475797	-0.018547132259733843	0.025254678539765252
X970649	0.026669465198647033	0.004721087729052948	0.028129311823639057
X970659	0.010109478667685428	0.025147919378948582	-0.004848499041673556
X970663	0.0005671666545503289	-0.0017854805745829542	-0.0011603473657362932
X970664	-0.0031835211080236364	-0.019562717905261127	0.004592107560203776
X970677	-0.009903919361936367	-0.0016660905583053085	-0.0014751134152364458
X970680	-0.00410778827353447	-0.030464048227201567	0.010806621445376259
X970687	-0.0281088869396383	-0.007003659386028017	0.0016281012122568313
X970688	-0.008004296205251976	-0.048012293341575425	0.03808199855268741
X970692	0.015959337252111502	0.014458104617913012	-0.005307032915175533
X970706	0.09394390099940349	-0.009031758410973265	0.06431065888499404
X970707	-0.07831376519931282	0.0672848288412106	0.09345016528256817
X970717	0.0018002866474293164	-0.008979267260512675	-0.006792435540162994
X970718	0.013255831409952129	0.022238880943746642	-0.01768916415888136
X970731	-0.027306657372311544	-0.003772353882761111	-0.004721936448383555
X970732	0.011515113293149066	0.018004386151780568	0.024787105611535812
X970737	-0.006605436153076303	0.0222054805416228	-0.00673086749271148
X970745	-0.009630110441201972	-0.009330630535271158	-0.0047293524101944834
X970784	-0.005756286537733613	0.012437404459054802	-0.011663808841113234
X970791	-0.008916237400568945	-0.01654682973615569	0.0404463052340998
X970813	-0.005353898558052718	-0.01467106499919816	-0.009048357685831948
X970860	-0.00973839911853169	0.0022236711983443114	-0.010430084772022195
X970932	-0.007206399181690267	-0.015173531180830339	-0.02167030786985806
X970960	-0.007565194713967722	-0.033986786134751326	0.0299933122181128

Biplot	0	0

Site constraints	0	0
