Eigvals	3
34.41021576999047	29.780897126522575	14.007054247910316

Proportion explained	3
0.5222665013154207	0.3911946724921641	0.08653882619241504

Species	12	3
Propionibacteriaceae	-19.57621454142041	4.432662715802104	1.1519664719183758
Staphylococcus caprae or capitis	-3.440840710865133	-3.1359681069613132	0.6645446772041265
Staphylococcus epidermidis	10.955633277167042	0.9650225135392511	-0.021944174276393225
Staphylococcus hominis	-9.385510295304522	12.863248446250067	0.1873916578930435
Other Staphylococci	7.566387203783547	-2.7589391795305165	-8.834413711066379
Polyomavirus HPyV6	2.5582530452872225	0.6992293176041935	1.6405710263246227
Polyomavirus HPyV7	-1.4585913494537375	6.156874196557356	-7.664434551457446
Merkel Cell Polyomavirus	14.511568029776383	6.940963577283735	2.694921809445846
Malasseziaceae	-10.819204462341183	-7.507856936711644	-0.4941526686861189
Corynebacteriaceae	13.341942074355062	0.15516041938636024	3.7579657588035125
Micrococcaceae	-2.4909304177417835	4.07687035287929	5.621642982450893
Other families	-1.7624918532424876	-22.887267316098903	1.2959407214459209

Site	1225	3
X940001	-0.00023144927267449206	-0.013228590039799744	-0.004746373718063011
X940002	0.014118507693224458	-0.006866330113842458	-0.0025110876490875796
X940005	0.0005577719483230761	-0.011868871057442134	0.0008686549147261787
X940007	0.007210005639156313	-0.021166344773582348	-0.005862586130379132
X940010	-0.011151052421335152	0.026738863378689137	0.00407463986571165
X940013	-0.005630990474455841	-0.014777944819330808	-0.0026106062080638657
X940014	0.12264105834680968	0.05654721114359471	0.11337888759540557
X940015	0.012296188402849	-0.006626780965025113	-0.005356605243381237
X940019	0.006337844261121855	-0.013972286167815932	-0.08230424475972056
X940021	0.0028027837468057922	-0.08294271432407552	0.02259968814760656
X940022	-0.053493791971777775	-0.03261349735499724	-0.00732881217519027
X940024	-0.008146602842157114	-0.01553322095257589	-0.001582142084512729
X940025	0.005865149278341844	-0.022828990859084825	-0.002316790842065004
X940026	0.017786501320794193	0.015397024304022499	-0.002228716737100434
X940027	0.000891314130509877	-0.006196776924327675	-0.005557307327285233
X940028	0.00674471967583077	-0.018871737956798626	-0.0011768168320325377
X940029	0.00667450731126372	0.013743998084926308	-0.0068948531981540585
X940031	0.007606107891623707	-0.026191569848306	0.0018838545435079525
X940032	0.022355863545712184	-0.0058834242804563135	0.0028440493494033036
X940034	-0.03420912072662263	-0.008995022252827372	0.007750724047561906
X940040	0.0008938944139872972	-0.042320948227963645	0.00380801262692729
X940043	0.010268992629959398	-0.0027190033646568228	0.0015638255125377447
X940045	-0.060357704948890124	-0.03442966629573129	-0.03839871696172285
X940047	0.009527332985436014	-0.08177618275091499	0.04354615107842189
X940048	0.002892999367358755	-0.030064206360754627	0.008196750336118051
X940049	0.003935571090999958	-0.004096074879280993	-0.0023643224244790863
X940050	-0.09876401970013382	0.014290316521017551	0.033328688991960065
X940053	0.0010682858940458306	-0.024555962871176975	-0.01955827156893612
X940054	-0.047364817479649796	-0.04712153917352749	-0.007273286319591426
X940055	0.023582529907277158	0.0380769976907588	-0.053249188079831075
X940056	-0.003413359611965563	0.007848016003486625	0.016985039723803493
X940058	0.01779328323595065	-0.007802917203632423	0.005076558254670404
X940059	0.009274974500160972	0.008249850553410381	0.0018710731558762954
X940062	-0.04956052818699319	0.0394461064739574	0.07233060227066637
X940069	0.017488528571816982	-0.010977259167032207	-0.004152167454599992
X940071	-0.04260069253088432	-0.04757094590640114	-0.004713683922595002
X940072	0.016608152480187655	-0.004766230114555007	-0.0032100796437262457
X940073	0.0063547474425378605	0.00461322338897304	-0.04992761138118257
X940074	-0.004248644329311237	-0.03997304818412395	-0.008362529540554305
X940079	0.0877651386362721	-0.09342420858125323	-0.018376758291306992
X940080	-0.026090352892284972	-0.0242112816724979	-0.008034664113957353
X940082	-0.0006039560756655054	0.05252035710195648	0.10361360721771709
X940084	0.013053282757987275	-0.0075811279734334935	0.01130437971629019
X940086	-0.0038858504440490004	0.0064521127824610095	-0.00793587287455002
X940089	-0.002948318208394837	0.01450302502477395	-0.026029619153555228
X940091	-0.01677101963974972	0.029590471232978605	-0.08286276201709443
X940092	-0.023872033602072726	0.02890421588468996	-0.0033597479835775507
X940093	0.019401861536261705	-0.014095077415716346	0.001083736131726561
X940094	0.00840567875288236	0.03337622945578886	0.07062106954639356
X940097	-0.0011217313798483565	-0.00773977721726636	-0.0033549115114057857
X940102	-0.0062915342567734745	-0.028247331746361848	-0.01875279863023228
X940104	-0.0005592862588481082	0.00493828117463979	-0.0077701202081422085
X940108	0.006842760281424573	-0.013972767223436992	0.0042485833840062125
X940110	0.05459428372674735	-0.04342236914092799	-0.011310427461216225
X940112	0.09500456252854307	0.02154102253793841	-0.08959091992922315
X940115	-0.04242546228424032	0.03667414281609291	0.05807465620115697
X940120	0.026563411408431267	-0.006424665391926914	0.0008699708830806778
X940121	-0.06435287021983695	0.026348795513570347	0.1473806611614582
X940126	0.017452908579062815	-0.000682856780358052	-0.004284830228311513
X940127	-0.017337961204706157	0.0003473083181456137	0.012049898230735021
X940129	-0.010108096777563146	-0.0038739030792200183	-0.014228076332470519
X940130	-0.008681760124272082	-0.01554858444416382	-0.017531112705516615
X940133	0.04735973683593818	0.024815238386327713	0.006137761499283483
X940136	0.0005383051724064028	-0.007862627151741197	-0.00036366030231143015
X940143	0.0015947605490265525	-0.012890115716999228	-0.013262855295926834
X940145	0.0077723521887671995	-0.009337875171031981	-0.0019284149576869445
X940147	-0.04518327362583334	0.023359306504869077	0.01650041760343624
X940148	0.026153090179652175	0.0016821415770810239	-0.004723579222961356
X940152	0.0020595977242153832	0.003298658772955476	-0.012959489830288187
X940154	0.039665152332897136	-0.010320099210395128	0.008211988319616058
X940156	-0.004560647906274602	-0.009846198952068933	-0.0122221901273617
X940158	0.016719247947794245	-0.00282268397977623	0.0027839223333081505
X940163	0.0313373426376057	0.034257617467581505	0.0006317544992373097
X940168	-0.07684923041635232	0.019434563718609427	0.18163152488089704
X940174	0.031287176072072494	0.0013762345389300844	-0.1204485709735573
X940176	-0.04171399232496988	0.003750974200276584	0.06649041372212698
X940178	-0.009658785639194872	0.018942812907221798	-0.016468297910533756
X940179	0.0073159628398520565	-0.012673865088701233	-0.0051580427602316474
X940182	-0.0002948048607374008	-0.008088715159459964	-0.010184703987694955
X940184	0.024515280088486358	-0.0009979530689224973	0.016226516469638495
X940185	-0.011669414165514938	-0.040174537299231164	-0.040122208623343925
X940186	-0.012215386681500445	-0.008287328858549891	-0.010320980168225026
X940189	-0.009025493150042686	0.02028922898935558	-0.0030719646386061315
X940193	-0.008103442713625205	0.01626474909529474	-0.045121468865814765
X940203	-0.028770209738263802	0.02708772110014561	-0.020997506108151317
X940211	0.01032210979570348	-0.019529097300877648	-0.0006079212275329087
X940213	-0.011337760448102014	0.03448429794271778	0.026033033275864842
X940214	-0.0010247514825067604	-0.01978537460362981	-0.006010265268063103
X940217	0.020219808217276227	0.0015981114313733894	-0.00040533130386257403
X940222	0.022609490680567616	0.020292301393630276	-0.011560689774292164
X940223	-0.022334706307220738	-0.09379727051254041	0.04874020110434879
X940227	0.037986208044429474	0.02060747899676011	-0.003447688589951297
X940230	-0.03862078756735237	0.002942335237525023	-0.009098252718431085
X940232	0.02633193140448	0.010247756157378683	-0.013465359134887408
X940233	-0.04787848022210894	-0.005170258107385303	0.01142610479222654
X940237	0.01688785865318252	0.007738645198573239	0.010335547012968044
X940239	-0.040893013278926436	0.08288171132946402	-0.0979264368249346
X940244	-0.0456489839360004	-0.041459229728495035	0.009556197516087208
X940248	0.004571334783113569	0.011293214020138798	-0.0163154824813376
X940251	0.04138212653442569	0.011991819723732606	0.007128378442948075
X940256	0.01283871003755918	0.001247784765341996	-0.01617034550450137
X940259	0.004016721949951195	0.024046213362092124	-0.00735706428595747
X940261	-0.07923054226645897	-0.024383954783112397	-0.011432173326313556
X940264	0.030580551173224953	0.05066256882947446	-0.005546798118351511
X940270	0.027215175373494542	0.00747246585419034	-0.0035000177908903187
X940271	0.004082835662667879	-0.048880368830325926	0.006791467324349672
X940278	0.016453503011615266	-0.0023319568561437323	-0.0002937150909863342
X940281	-0.04240833154563444	-0.018373505863823348	0.011069620841030858
X940284	-0.0121827017870004	-0.010834548310366936	-0.01730472342587207
X940286	0.025020290121718147	0.03174884424291965	0.09960867753737929
X940287	-0.027292987569455876	0.01581950262664635	0.006358551199040828
X940288	0.003370841296664324	-0.0015598656870912213	-0.00972458279661627
X940291	-0.009123862303780261	-0.014370842437828879	-6.10400861745877e-05
X940297	0.027184836125594976	0.0018800189186445762	0.0048635390098103895
X940301	0.02090182806336602	-0.0046059260837897145	-0.0031281184840581777
X940302	-0.013610698968431312	0.0029388739820025824	-0.018809771339792457
X940303	-0.01936434682646799	0.008507272825850568	-0.03891047515180609
X940305	-0.011647885782065992	-0.015198857295000232	0.006667937490466205
X940306	-0.002112589164971805	0.006466774676898169	-0.04278056956648171
X940309	0.0066284072623716645	-0.007088374959024811	-0.005167794724689071
X940312	0.05813869068615035	-0.04785148569195458	-0.0017313380477855232
X940314	0.01882339369045278	-0.00592394430021411	-0.002193560884091064
X940322	0.04239267748641871	0.013771184109532037	0.026139581543620755
X940324	0.06282775293310407	-0.02511599261532413	-0.008527978591992396
X940325	-0.06454192905084018	-0.004765812812447351	-0.0040622455958905
X940329	0.019074105621364818	-0.03160240019843664	-0.03882991098568972
X940332	-0.04577918680540774	0.005123209827919099	0.07210893848071742
X940335	-0.057359983594527736	-0.08088670332602513	0.042762767876126186
X940338	-0.003764772965926276	-0.015153866156851542	0.01837747700157822
X940339	-0.004772983679979754	0.028490080955724032	-0.012092855806444671
X940347	0.00035489546909764054	0.0072778114314636785	-0.0002564243688714529
X940349	-0.018879874757940385	-0.016219445607708178	-0.030864674043961822
X940351	0.0006563429275653541	0.014097057068111376	-0.013733460070788751
X940353	-0.017772794172929644	0.020599060798738814	-0.028373396397124478
X940354	0.02238960960457437	-0.01953186066170661	0.011286617890705177
X940355	0.05097059498635772	0.09520191843579656	0.060466724388441674
X940364	-0.062370394851376236	-0.056509076979300715	-0.006612407907545397
X940368	-0.028436920283828816	0.01636490424639956	-0.01243698170463251
X940374	-0.033916066929686524	0.00478998842464525	0.012891603394084343
X940375	0.0301971565533125	-0.005888340163432811	-0.0006110333612749897
X940379	0.01864939354899908	-0.00979777999088885	-0.003557386870817613
X940383	-0.011600095338566162	-0.013762695182957958	0.020833633095030377
X940391	0.030115433617217708	0.00530158136590883	-0.006701173327072573
X940404	-0.029866442740789985	0.01001448893886864	-0.022627859573807904
X940411	-0.008494478674850885	-0.006477583561858749	-0.021715782953644923
X940413	-0.023036542400020812	0.03797436468926391	0.017591936569758777
X940420	-0.023048631481467106	-0.006006105325027841	0.013392243372749012
X940443	-0.09538588055116629	0.0061697552682193945	0.09349873602299165
X940444	-0.04031835444250531	-0.06811022193446134	0.009631350921497778
X940445	-0.029449575457064326	-0.03171741591523346	0.014885966630909655
X940450	0.02446191408211786	-0.018598283894090906	-0.004756871718443636
X940451	0.0004196553550960763	0.0418414874970975	0.14262540414422756
X940456	0.009263251449715347	-0.0024954436215558163	-0.0020443170591984802
X940465	-0.016766376778502488	0.004486287716838514	0.008413912050844689
X940466	0.024959801817910913	-0.003344498028548216	-0.009202465603246768
X940474	-0.03518927923698165	-0.029725657247905508	0.006201175632260699
X940481	0.006339569780827468	0.027808037438732672	0.01083012617594452
X940483	0.01937639852566273	-0.03921506610215417	0.010135917473889797
X940484	-0.03789477229824125	0.004385921923702078	-0.01715091952602271
X940487	-0.017096597142428626	-0.0002291858669144951	-0.019408383290275503
X940488	0.009953069182396248	0.01556176906962712	0.0032032796957113512
X940497	-0.07164323387007462	0.006408965869233671	0.08193191066562788
X940498	-0.011827788868794285	0.01097206874216147	0.003662613253015323
X940501	-0.01045161870907123	0.022413751196191566	0.08172873715257858
X940506	-0.12744528446840475	0.05188210833619528	0.1413458069772288
X940526	0.0043133847849512056	-0.04046869207776363	0.00781714214779188
X940529	-0.009467009500493286	-0.12020859569466523	0.05741928176588466
X940532	-0.005667058506071318	-0.02231592565021144	0.013382496849224306
X940534	0.021321997304929556	0.008616042718746669	0.010980333790188375
X940535	0.06956639643391643	0.005165452416024614	0.02408911155504415
X940540	-0.004054903017487961	0.010744212885574204	-0.020431174124134158
X940547	0.02896066261859773	-0.025554837652920447	0.0023737326727675057
X940550	-0.0245286339545172	0.008312917166247456	0.00038363441134025856
X940551	0.019617233063984014	-0.016159844881982754	-0.009695166140170035
X940555	0.017169914995290247	0.02106996370459111	0.06288983123255192
X940558	0.03962746731452296	0.004236750284576849	-0.00166330331157692
X940560	0.017577378140991917	0.04381590633158042	0.1076333724064313
X940562	-0.07623430291495353	-0.05459605646423642	-0.0015603870443929608
X940570	0.004140974106984876	0.03246150664272091	-0.014372228310092175
X940571	-0.003956006207609502	0.03602978477410417	-0.006596068707390721
X940580	0.01082566546187231	-0.020978277537129254	0.0015101509429939599
X940584	-0.07118786335798762	0.03178733986165529	0.11157829761741153
X940589	0.018572574603784996	0.0822075722616816	0.024242287975650683
X940598	0.0005795229651782303	-0.02105575691968504	-0.0019271773985318095
X940602	0.01390841072969357	-0.10845353762582374	0.05117012845221673
X940606	0.0018164700812921114	0.007058713548473369	-0.006870624604069671
X940612	-0.04344894991157335	0.04297202308718521	0.08065744459042336
X940623	0.008673419900170906	-0.006853103887908642	-0.011406411287195203
X940625	-0.01799192111811156	0.030997458879184175	0.008950161929654844
X940641	0.024981491912904254	-0.017230904279310524	0.0058987319048491435
X940642	-0.014594791062649068	-0.005568953115412867	-0.007839125707839014
X940648	-0.052293825616812416	0.0056030996098056715	-0.0148621275589555
X940649	-0.014363307204955298	0.006224902829161743	-0.0027027460248901535
X940652	0.007727960696904803	-0.011237840963828316	0.0020583579958478528
X940662	-0.01457300334864649	-0.02409712218193223	0.00109473706775605
X940665	-0.005306858899900388	0.005825665582949182	-0.001945504038569448
X940674	0.008819475005860233	0.0026323631978707484	-0.001217620596017899
X940689	0.035049464841622115	-0.11661582651120174	0.0842649498517927
X940690	-0.007610977535233385	-0.03235232075317935	-0.004504275124867026
X940692	-0.02325162958790635	-0.00043652428393046793	0.006772977379554387
X940696	-0.015167791945591988	0.018671551076193116	0.005597407414951752
X940700	-0.01597756941753879	-0.004781820679035242	0.019296561761561738
X940714	0.009175634375670058	0.0013616991595114126	-0.01537954063142066
X940721	0.029680325201711683	0.028338557548481195	0.01818275032081414
X940727	0.021534694105291276	-0.001487198907371769	-0.004276848488143978
X940748	0.029923731492551786	-0.015577012184848901	0.0059955957921366265
X940756	0.018414298491299	0.015984623709247872	0.01971156305460997
X940761	-0.016688544678600124	0.01820044470522289	0.019748711832307402
X940763	-0.0029797544179261384	-0.00440219091282607	-0.004493026197310213
X940766	-0.002723510162103144	0.00871829633382397	0.004066074315957998
X940769	-0.012204104330137997	-0.026326084087268362	0.01241920467587058
X940775	0.024187385228269114	-0.002388969914178777	-0.004259765734325182
X940778	-0.005512420067797001	-0.024152897410810593	-0.003659432404797557
X940786	0.03347656918720546	0.005352985789784614	-0.0021884195386540333
X940796	0.03579201908330426	0.02738335647434614	-0.006431175311030635
X940816	0.014068056774783925	-0.000903366394174835	-0.0019223087668847057
X940819	-0.03206021569134972	-0.015380626650747182	0.03945229955303545
X940820	0.019586063345832835	0.007448902679742579	-0.015708210536605136
X940826	-0.01880395268579868	-0.00015505680455745266	0.03241491350911168
X940827	0.027040435982354054	-0.022908752907890458	-0.031868549964274094
X940833	0.04569345839161842	0.01814999580576998	0.0028846018029262
X940843	-0.015401814662246145	-0.019230155286860107	0.00833521906575324
X940844	-0.00485428720356473	-0.056453100168379976	0.030725404560757463
X940845	-0.010612029764845151	0.004312764666160964	-0.0033723406723200505
X940847	0.01502401635739392	0.0037722374852839813	0.009054924783306672
X940852	0.005027250957904648	0.011587721482298106	-0.02763774997443836
X940863	0.03426766575169345	0.015568303660311833	0.0054327578612541816
X940871	-0.02537336876697092	0.005830282095062148	0.011434518782099745
X940875	-0.006894527283393328	0.0041912148403744146	0.03532136152459693
X940882	0.017198218335613955	0.01759797625108665	0.012368324699821737
X940889	0.008251038039761167	0.013456480633632716	-0.0010825833988967067
X940892	-0.012122029728061687	-0.003967716209237621	0.009685105259330362
X940895	0.013693908716297037	0.028169056050660078	0.00849617006025388
X940907	-0.00843013229738412	0.003955626745154705	-0.010260667656296912
X940912	0.007371755439350707	-0.024474876398233366	0.0008833296150171976
X940917	0.002845347519790309	0.013726410077051634	-0.018133291615361202
X940925	0.003494907755663548	0.09930252524793505	0.03253494693614687
X940936	-0.043686571539313004	-0.00498210424813669	-0.016321034519868383
X940941	0.003161741899436713	0.032943198857176254	-0.00891237087623032
X940946	0.018415116660993765	0.014483444347047791	-0.005792189457338687
X940961	0.01347908799803628	-0.011061360791416291	-0.004700079624615891
X940966	0.01523161438381632	0.00531136451921447	-0.011698945503326546
X940968	0.02198292751101382	-0.03459127147663998	0.004314997442190566
X940984	0.003021126535151615	0.02720845192780347	-0.047653299273377185
X941001	-0.03139928830600984	0.05592813585400412	-0.00913709316338471
X941014	-0.006036938426287904	0.04355039019548012	0.12432449442810695
X941019	0.019088370272257266	0.002660005779313053	-0.011517330898791428
X941024	-0.011617233123372556	0.0033232858688568173	0.018320290579803562
X941028	-0.04352188571953931	-0.006354514312278123	0.005126750949819265
X941037	-0.005740461762552153	-0.11138776053087467	0.029979170991094515
X941043	0.014136301446862325	-0.020154273348733848	-0.023156160835371215
X941046	0.014788719322158804	-0.003114691116069481	-0.01475291583721985
X941049	-0.03752106150583609	-0.05227182174215632	-0.003702947683189875
X941051	-0.017781617053463837	0.011873826656511287	0.005109920725466529
X941066	0.02177645673436788	0.006617647440297861	-0.003395466122753126
X941074	-0.015550401074980156	-0.030444062061176315	-0.00473350369618067
X941079	-0.036897606926539483	-0.03915976886934838	0.004996686677618182
X941080	-0.06331800543681508	0.08096619620498563	-0.08083505985555822
X941091	0.022733558193349067	0.0037147476630806967	-0.0009832705261530593
X941095	-0.016666769576158574	-0.06322760225824077	0.03654182203219101
X941106	-0.014149627561695329	-0.019768037242703873	-0.001013749809722489
X941118	-0.03461159217736219	-0.024158682584202923	-0.0011251408795479713
X941124	-0.0317163750353395	0.01529822205385957	-0.008202901559356992
X941134	-0.050649477179049225	-0.02005000740237913	-0.0070601151258156015
X941144	0.0029118922215303935	-0.0019635893173419092	-0.015747019172770237
X941153	0.012586474584625801	0.012102561653406363	0.022726010464942784
X941154	-0.0003903195682806641	-0.01767463940008069	0.007957861841123232
X941192	0.02408394437786893	0.049456412474682535	0.05929967383156646
X941202	-0.0029205186133822985	0.018327844903547538	-0.011037451008913035
X941204	0.01044020558650015	-0.019298991454213845	-0.006090937574625347
X941208	-0.03266756294925739	-0.07249126661761286	0.02244863397613706
X941241	0.03569446239122157	0.08498042591381771	0.09050235405453515
X941250	-0.018310564665047404	-0.04087961772723861	-0.006006088852830977
X941253	-0.004402492844969192	-0.020476638288664886	-0.0005132198288054852
X941257	0.02311759755378713	0.024666652499797624	0.00893403908835165
X941259	0.009210037498460704	-0.019209507741839195	-0.007932647498275158
X941265	0.036169702930376205	0.009443407077384166	0.010794098089532847
X941274	-0.04179525741053194	0.029270867718035932	-0.004021386916836975
X941308	-0.0034066293149379446	-0.03617350433439964	-0.005624857222628202
X941315	0.022828527490622984	0.03388643911445465	0.01727941933448221
X941320	-0.01428674455802004	-0.0029263807809980324	-0.02258058221496102
X941321	0.01053716243471972	-0.015147886826855653	0.013050533143664118
X941367	-0.04070377147775493	0.02478762440720637	0.08004420252084642
X941373	-0.008423055136723267	-0.035533417501554476	0.0047085879479911805
X941384	0.0060517805906760555	0.07925106311681969	0.046804991597931875
X941385	0.02921055838676775	-0.013519649901196888	0.005974751327219257
X941392	0.00766672045522045	0.05219391208231472	0.1761683387572833
X941398	0.05192594978541282	0.012930115977070628	0.03615859396735525
X941404	0.012721136213905446	0.003100257152860691	-0.01020634531024347
X941408	0.012527115521649586	0.008587469112708553	-0.013317438975049127
X941422	0.017567826964331824	-0.004014041269413367	-0.0012766622651570777
X941439	-0.009812552310622225	-0.02532771876686932	0.007194275523643339
X941445	-0.0924070180981021	0.04835046659602087	-0.06288416183042501
X941454	0.04600436454648714	-0.04667916011153039	0.0009822050204517786
X941460	-0.019533322315043213	0.05508507340535323	0.07849749450725899
X941462	-0.011748072551484568	-0.03947500068206437	0.0020130338775630504
X941464	0.0020268848404963596	0.01899212600709745	-0.016839373700094556
X941503	0.01708510747804153	-0.02621465519534114	-0.047000195039508905
X941519	0.005932560626560952	-0.005923164046348067	0.0009082185495183061
X941530	0.018785874087230484	-0.011513375322491763	-0.007846582757486948
X941547	0.006207773488145667	-0.009642129505737486	-0.00589847107173987
X941582	-0.05799687313114836	0.07565716798738267	-0.08923182952391975
X941617	0.0267392312101923	0.00410938153956395	-0.01166362764511587
X941623	-0.08916258979767092	0.01982346711461858	0.0339178270126545
X941624	-0.005559775431780786	-0.023350607547562307	-0.010016652227986722
X941639	-0.01245517711351414	0.010262006202262124	-0.011980135933382322
X941680	0.011216692004156151	-0.015067498719942415	-0.003296722832232037
X941684	-0.006691344824753898	-0.004127048669542487	-0.003374730040412426
X941709	-0.026974199078590902	-0.034731147159143064	0.003792971378325676
X941714	0.013662197116419557	-0.08616008770681219	0.04410690115237135
X941715	-0.0035018078384330795	-0.008193512886272722	0.0028582605252931857
X941738	0.019107920042453742	-0.02945991496560891	-0.007604319377423464
X941759	-0.0031704255362108497	-0.03392627404292023	0.007259413938031148
X941772	-0.017833951914715887	-0.005209789734298199	-0.00463806225944067
X941774	0.02810406093032772	-0.019617598727238728	0.002468107538995503
X941807	-0.011839749339415276	-0.00185423365798373	0.00039831272730160263
X941813	0.013775249306651033	0.06432121648207487	-0.014688993631253453
X941817	0.017654820654551154	-0.004794429376669764	0.0009004030176890005
X941887	-0.004027040155153315	-0.009660358553921606	0.005104536714296404
X941902	0.03342455881536728	-0.01742253450968116	0.015852302169495732
X942011	0.005481210450373232	-0.006079772085961986	-0.010128637501864055
X942026	-0.03340538803916758	-0.024588685703743014	-0.0172376420197332
X942039	-0.032123744863019325	-0.02278545625480698	-0.008092589342949059
X942075	0.02418764378097119	0.014764357320439708	0.028022822237759683
X942094	0.013589591692801889	0.005858919529318573	0.0004254755320523171
X942128	-0.01968128246941971	-0.016926019081279213	0.00451149538192602
X942191	-0.030539723784431573	0.08773058858533905	0.005127249345767023
X942237	-0.012284515790961967	0.014543585307140509	0.004509671633958363
X942303	0.023696406483717687	0.0157716294174233	0.008288376616517358
X942319	-0.05056386921670243	0.02375792725230644	0.013240767251083039
X942359	0.010451034871856876	-0.007565897980756157	0.003418273469245616
X942398	0.01766537083369081	-0.007465111063203714	-0.017037291517042717
X942402	0.07479623486269432	0.017120892461803323	-0.004713805182779334
X942429	0.021605025342393214	-0.01565377845565984	0.014994991865580239
X942467	-0.01658865178080801	-0.04892073984557128	0.008102021118509613
X942487	0.009288521926856348	0.014082015121028017	0.014133859682286589
X942489	-0.04279897317957563	0.039634842520050034	0.04663593310639853
X942490	-0.008878873522055802	-0.041290863124718816	0.003994283149538191
X942504	0.013363887549422512	-0.00011932355290905023	-0.008556163611035946
X950002	-0.005376636045839884	0.006647599734856661	-6.132283820877858e-05
X950003	-0.0021070407738304335	-0.016325999734963063	-0.004069825381425945
X950005	0.019861355324083046	-0.01664781262890345	-0.004670396275987295
X950006	-0.010781597089662098	-0.03159889418388769	-0.009003503703525467
X950007	0.06833089617727148	-0.017635816769651626	0.007851882028694347
X950008	-0.004881315530175861	-0.0060349030620300975	-0.002543412530708001
X950010	0.009465098095693203	0.00890645150797249	-0.01000017748059087
X950012	0.04229920487374533	0.011896048922356843	0.024428028306529837
X950015	-0.0016144383959346734	0.0017742055420502966	-0.009321805295357678
X950016	0.00037014810629916884	-0.029894036261574712	-0.006458148020290262
X950017	0.022017499645135087	-0.01119899385602165	0.0024662387572968814
X950018	0.015597067078500197	-0.02032623502919941	-0.001964730875152295
X950020	-0.004882310398011471	-0.01586959637438766	0.001190244388833246
X950023	-0.05150141618867062	0.06263325994813508	-0.0051908599138955295
X950027	0.009390977393098772	-0.010897965183117296	3.365565815883435e-05
X950028	0.0015886275492677997	0.11371091569634394	0.010875267719397216
X950032	-0.003687775382609528	-0.017240769067754607	-0.011724108396977974
X950034	0.015750979468507648	-0.022692252344752896	-0.005472128243343311
X950035	0.00961243874539527	0.004233340850947338	-0.004051234850033678
X950036	0.004053726514632507	-0.026754288128378587	-0.0034509656487720862
X950037	0.015624879473940334	-0.007830728103904495	0.000522435785259601
X950040	-0.0021549897995141983	-0.004504584842071153	-0.0017802494034049095
X950041	0.011030567007627778	-0.015656685078927406	-0.0037858535072163397
X950042	-0.009795402991443722	-0.015780407825152994	-0.007519721839456644
X950044	-0.0019104455601903975	-0.01468930358819131	4.129450358255936e-05
X950045	0.01208941246905007	0.007087593988584127	-0.0006097029596699948
X950046	0.00889289317695861	-0.006862953621085639	0.0014233407206080556
X950048	-0.00479638744244488	-0.013930383115897199	-0.0015279348202277023
X950052	-0.02017786105057515	0.017744276580470234	0.07788922489541521
X950053	-0.017317338737891336	-0.016285714378235103	-0.01023256559934638
X950054	0.022875362258816843	-0.006182152907550104	-0.000250061226239915
X950055	-0.005593311537382685	-0.03171402945481569	0.006139650574262529
X950056	-0.052255608300093875	0.09559783333384038	-0.00017423875198669823
X950058	-0.016642634678168764	0.1072652412661674	-0.09626606231262233
X950061	0.00025065694081078337	-0.011839883851972398	0.0018392759622651795
X950065	0.009194001445378706	-0.009527082431297487	0.0007695673084964854
X950069	0.012056338268771645	-0.009255953278379794	0.005240211846209769
X950070	-0.01724491918777977	-0.03720358124182336	0.009297905997511874
X950071	-0.009747222905313558	-0.01057519075523588	0.0029537883608364377
X950073	-0.00680398340623384	-0.011988346632848436	0.0011652153873633806
X950074	0.020057013302044357	-0.013858124191629639	-0.006276477523595125
X950077	0.020395068904956203	0.0067102649948556385	-0.006464480242763308
X950078	0.0027443204018426713	-0.012743465276195645	-0.001521890359032093
X950079	0.009797007750067931	-0.006368581317143849	-0.007731424910369884
X950080	-0.0055079195602884086	-0.01830320806161691	-0.0010395275176325305
X950083	0.004309976588731034	0.011170303420893658	-0.00354706121622617
X950085	-0.030837583662503217	-0.03311495646257332	-0.008878508936193076
X950086	-0.0024741436445826024	-0.013669011276158842	-0.00026262735777694233
X950088	-0.01460523818985564	-0.04340383201979608	-0.00486717263224422
X950089	0.0013907088412977177	-0.01574627245757734	-0.0016844539486793636
X950091	-0.017532124836870878	-0.00480650147355062	0.002752698794135384
X950094	-0.03843147832847409	0.10144059542710489	-0.09852118709182121
X950095	0.0179536387666838	-0.027079766904681085	-0.027773392007151426
X950096	0.026882967645041653	0.005917760412993503	-0.003859761350173338
X950099	0.007341569241164209	0.03277888823159391	-0.04030895284942087
X950101	0.00892020412890898	-0.0254112546511938	-0.00011056626234386981
X950102	-0.016598799744258205	-0.010645346828420305	-0.009217867023987988
X950105	0.02424538705039488	-0.0010830641373300992	-0.00013170192511778462
X950110	0.007918692554682711	-0.022215470919335695	-0.0038861563338451395
X950112	-0.0072402751699715585	-0.026217622258213533	0.0031540570943909083
X950117	0.009968142028460135	-0.006218615173756909	0.0021340281049366254
X950119	0.01863121225163953	-0.01287365561911068	-0.006639156509459277
X950121	0.007687951931609857	-0.006184529467547581	0.0019691326512434235
X950123	0.02842462750885383	-0.04108122734237366	-0.027508915265115827
X950125	0.009206600964289586	-0.0070323160802989474	-0.005032164144836136
X950126	0.01291138719629213	-0.004526314639729658	0.009302671870429751
X950127	0.0444652944560733	-0.03755570632322396	-0.017913832759660395
X950130	0.013093879342644258	-0.008390941738977583	0.030176226895333277
X950132	-0.030212650682971777	-0.040607304189515345	-0.016339762704170285
X950135	0.026706821067076673	0.0021380174624747073	0.002828560393630554
X950136	-0.004339464845412145	0.011458250186062325	-0.0020248909304730126
X950137	-0.0010369206649551944	-0.0024021445288212946	0.008734843798649672
X950138	0.005377359144639493	-0.007191552021838026	-0.005032817067106613
X950139	0.00941900953237955	-0.022390922710492044	0.01804632409581095
X950141	0.04271921453658761	-0.007911262260630025	0.022474323380853735
X950142	0.035583053890340575	-0.03419844696730417	-0.016628007045635915
X950143	0.011191658992698581	-0.005361526460116215	-0.0017588822916875069
X950145	-0.01915747812797908	0.014119591498064785	-0.018781846394374222
X950146	0.017780663087705907	-0.015931130160778195	-0.0035071667985557236
X950147	0.006953107444198649	-0.0010108112593449512	-0.030731821532195336
X950148	0.059475189035662034	-0.03732183689217206	-0.015213812882829875
X950149	-0.009222720089870382	-0.017804339221019618	-0.0011859263099031746
X950154	0.009949336158579103	-0.0033106412357994724	-0.0009965020628982268
X950155	0.010691362938646445	-0.002115406476841265	-0.0029159092371051167
X950157	-0.05464621648872741	0.09565181129869188	-0.003731845666649319
X950158	0.008818057932019476	-0.015194807394041665	-0.0002544085530934768
X950162	0.008930817958469431	-0.0030289759910053786	-0.004456566567739418
X950164	-0.0037912289226842925	-0.012400549187275338	-0.002999420487660772
X950167	-0.015061705199682454	-0.008302420144691682	-0.010318009378383758
X950169	0.02255948240720799	-0.0009790444404247588	0.0026751299767434045
X950173	-0.020957433588844224	0.05759543233053074	-0.012626513049185974
X950176	0.043612790379886746	-0.0330866896365254	0.002074719236799053
X950179	-0.03680382297668705	-0.02170604559350228	-0.036269865301532186
X950182	-0.019884966900346437	-0.02671041917631163	-0.0059831664892266035
X950183	-0.0359120046126317	0.015169695179028723	-0.04200239152606274
X950186	0.014950652065046498	-0.019965087184907665	0.003401649418725449
X950187	0.01183308681775899	0.004378580299759396	-0.004062388633514929
X950189	0.03779642307005885	-0.026300966381901335	-0.009626187809901536
X950190	-0.03916016320435765	0.0377006180599271	0.02436626332118236
X950191	0.014357923268011647	-0.009678314034064817	-0.008603172832590973
X950192	-0.0480958256410833	0.04571004466762643	0.0047934116261613285
X950193	-0.027820913687231302	0.029918316454055613	-0.018798946271434178
X950196	0.003349792229287657	-0.00653032899001747	0.0005056260782255709
X950198	-0.02677260038393447	-0.03211214447712661	-0.00040143883211576085
X950200	-0.013481506237800854	-0.015895507541011898	-0.0011138759654037292
X950201	-0.0038944537141027513	-0.004123808307462577	-0.006668166580407835
X950202	0.005860082374979739	-0.021358197475002217	0.009103228829145809
X950209	0.029853428765912265	-0.004467174146899714	-0.001633235060276627
X950212	-0.08764462077689635	0.015969076919331422	0.03161394236311601
X950214	-0.02031016001926865	-0.02266263087647738	-0.004204641947775577
X950217	0.0008170255437835774	-0.013901698610915456	-0.006114925450318033
X950218	0.02649910412113232	-0.010924369448163027	-0.0040074308567490105
X950219	0.018817742839247188	0.0005689069827842428	0.0028247982280108185
X950220	0.021583142901869745	-0.007945852229338175	-0.0023675585609646862
X950223	-0.013717966111272493	-0.025758255056114992	-0.02298635379154117
X950225	-0.024577083570592403	0.09766821934570138	0.0037334192148535095
X950226	0.007690940483580485	-0.0007734325584882713	-0.000983864535382998
X950228	-0.05542425420716305	0.05508469985118211	-0.012124619543985844
X950231	0.03164276831120365	-0.005971418595522131	0.010218991552666055
X950233	0.010526339469163969	0.020323391156530427	-0.0001655553829768437
X950241	-0.005341404601481789	-0.021266740167830294	0.004668998469479901
X950242	-0.011968567491438532	0.009782871560174693	-0.008648649223764222
X950245	-0.08418781601311678	-0.025547433616580854	-0.03424048162817884
X950247	0.006241183129406976	-0.007793222297541534	-0.006771156605870308
X950248	0.006638528371210335	-0.008434642403710425	-0.008551128232460337
X950249	-0.037832721589033017	-0.031115277838448627	-0.01715766312500307
X950250	0.021447520986719936	0.0073905053257443	-0.006075794597493898
X950251	-0.04219335234115285	-0.00808847954281754	-0.009607434275897296
X950252	0.002233436428896485	-0.004283160245217417	0.005357738537759554
X950254	-0.02487901588841318	0.01217909972149194	0.002385191888121758
X950256	0.019976968809866855	-0.0046214747971891545	-0.0109166007557423
X950259	-0.02476583796082551	-0.03163297532542114	0.003471810514225505
X950260	-0.011689392758345251	0.000905866002085026	-0.02880944984136581
X950262	-0.028104254205329433	-0.006737477440245288	-0.021309736979012305
X950264	0.011718608325388737	0.0009271119912922418	-0.002858011903647979
X950267	0.022457643594981303	-0.00895174249264957	0.0031876607050236555
X950268	-0.005376171975703634	-0.024000600601884095	-0.0029138687389006165
X950270	-0.022033866172022548	-0.020320374402244146	-0.0072515119451546815
X950271	0.015547318833364349	-0.0030649196338739383	0.004331311328412295
X950274	-0.008777421318505426	-0.011084729509499033	2.0144329055614288e-05
X950275	-0.03901043482401094	0.045709076470205515	-0.02278379089561787
X950279	-0.006539909075726505	0.04089031550833928	-0.001851427311815686
X950280	0.010548608769699565	-0.009410670274806854	0.0025995620267849407
X950281	0.0006730217751362609	-0.00037516061597089265	0.004959586187835549
X950283	-0.002993494963838956	-0.01810340795150506	0.0005392699123370232
X950285	-0.01747622039203931	-0.02392252455303831	-0.004969893937085242
X950287	0.032183701034195565	0.008906725516028169	0.0009815684060582681
X950288	0.0014464556674807318	-0.021405212017341028	-0.001856465687825363
X950296	0.009134370515700218	-0.009108716968552656	5.380252143365924e-05
X950297	0.032378366381667696	-0.026759724846966686	-0.013793488032446607
X950300	-0.007331789353904482	-0.006322380505150519	-0.00930829037002507
X950302	0.017388963780868884	-0.005155924228890403	0.001161448912965465
X950304	0.012378377011206181	-0.01777033657860062	-0.003587030146930831
X950305	0.008070726207159122	-0.0019400179058068137	-0.005278540391119357
X950306	-0.008364977305135286	-0.018079085401804935	-0.002584178941549163
X950313	-0.008631566385841912	-0.022728447529630873	-0.0024972612193826524
X950314	-0.05831812312357112	-0.02126225009799141	0.013695579224150206
X950316	-0.021542831884029404	-0.02477038133282812	0.005242348499974409
X950319	-0.010242561348595592	-0.025657149539155405	-0.008663545843964742
X950321	0.0018810548975760207	-0.0019480214340462302	0.006721738399557564
X950322	0.013519474652304124	0.015153901704963337	-0.00534898121214798
X950329	0.008590615731298787	-0.010649383497833117	0.0009170606753827985
X950330	0.015122812660530687	0.001225912671711014	0.001343407347224681
X950331	0.0014359702308919472	-0.014758224259059795	0.002299975185498473
X950333	-0.015471165535976723	-0.01317445837033232	0.002558381157655923
X950340	-0.02009312850866659	-0.0002546437730168095	-0.0025755687977040615
X950343	-0.025129423632499013	-0.022578311893954144	-0.001517612482673465
X950345	-0.0004647681391296183	-0.003968814700355973	-0.008830623125906208
X950348	0.012788659461436858	-0.0030049428126241746	0.0027344259521656883
X950353	0.011637415171620983	-0.02478430000458469	0.009441130731175444
X950355	-0.022952828056445166	-0.015624551603001769	-0.003817200301687367
X950356	0.012044428205919035	0.035391829488471055	0.07506162547882607
X950358	-0.005049329997312297	0.003910256842941807	-0.013885774940272756
X950359	0.023823466561583313	0.001050851857703501	0.0045110795488080705
X950360	0.005662243552698412	-0.00021515298809403162	-0.0010405297230505805
X950361	-0.0002670521237088044	-0.006499286025330158	-0.0025310922070827958
X950375	-0.013670592848265623	-0.045689001615319864	0.001207005562480158
X950383	0.014890336258899734	-0.031108008501327555	-0.003375760992577847
X950389	-0.017218193527383074	-0.01016341860926438	-0.01444055052368198
X950390	-0.005342762461714847	-0.0027313844496518556	0.0001650173615250676
X950391	-0.003459412883648644	-0.011776665739348059	-0.000607170703832466
X950392	0.010009595869127298	-0.005050053054689191	-0.0035335532457571985
X950396	-0.06634910305857744	0.10864701864947302	-0.004587611661289529
X950400	0.007556477043885683	-0.019017742900218855	-0.009728374060717715
X950402	0.03777410881080972	-0.015893731448946017	-0.004239701320313441
X950406	0.00917085064172845	0.01546135525603307	0.009474814511932925
X950409	0.034515790337203096	-0.01817740948101573	-0.008880201498824075
X950410	0.00896478648902763	-0.022360307134951206	-0.018277011225333692
X950415	-0.04154215148816854	0.042851411490252046	-0.05409690015968677
X950417	0.018701758033249704	-0.008150680007636376	0.0006647695237124591
X950422	-0.05899791081717982	0.0005539016855017479	0.015842000553687816
X950425	-0.011210680869173597	0.0016117631696805981	-0.0188359541530719
X950428	0.014054850382714536	0.004211352674417078	-0.0055822470877965385
X950430	0.015141123829902712	0.0025165238357787692	0.012246230174084136
X950432	-0.005658911666845462	-0.012986801950099734	-0.0014940160974644253
X950434	-0.007521592783086784	0.00014190159778011192	-0.007223273860975948
X950439	0.028680957822840834	-0.007423942178321665	-0.004905197657432154
X950449	0.013048379594341597	0.029297267910415842	-0.001845633413271401
X950466	-0.0032778229370186863	-0.020402307369118057	-0.00021277397752297042
X950474	-0.03021785231179179	-0.007408539146840783	-0.002096508926825714
X950477	-0.015224719176490886	0.011051502635533486	0.0011743980178988503
X950478	0.018950638461886354	-0.004494314445543777	-0.0014003283906403186
X950483	-0.000809300091954023	-0.02187934657861807	0.00014898194303708466
X950484	0.01950931227923413	0.0047278326452070765	0.027686163559264936
X950485	0.020690733876773972	0.06711962068287203	0.03779142146684178
X950490	0.004551202776957932	0.0011823790060049662	0.007033592246796627
X950491	0.011263714286281172	-0.002237222046038855	0.004177884411617496
X950503	0.011121010881455595	-0.012511147362239792	-0.0030360549382868617
X950504	0.005420783142477683	-0.010145617990938549	-0.002204947405717426
X950509	-0.01043570858441862	-0.03277393946100776	-0.019680899464534263
X950512	0.02109578716553818	-0.0071031628770504476	0.007139279464716431
X950513	0.025056151168449697	-0.03010569604180781	0.004963641271895427
X950516	0.014825399861343888	-0.01871991325770564	-0.002231389769928376
X950517	-0.019489954942534863	0.012013743530859478	-0.013954172001898354
X950521	-0.023847253944434016	0.005867366718259212	-0.009401847874698385
X950525	-0.005430079965856296	-0.008248522877689513	-0.0038614773818613146
X950528	-0.019477445269295506	-0.018247575505831466	-0.002589102919792439
X950535	-0.025646751129571425	-0.016393964065266293	-0.00021404823186852072
X950536	0.020373580707424094	-0.00023979726976900489	0.0007035659161624861
X950545	0.029479113319075375	0.00014781830844878398	0.010862844225123475
X950548	0.00032846315436098057	-0.010357201987538377	0.007609074707932293
X950550	0.010257843424893064	-0.018608589242569428	0.010980905656463464
X950554	-0.02945329768459599	-0.012351980810188512	0.015759060390341712
X950557	0.002096870104615168	-0.005687561633605214	-0.0003045342627881047
X950559	-0.023228465133907167	-0.012080317961771888	-0.011647566792892602
X950563	-0.00424215871811536	-0.018204197886848076	0.0013160604705440755
X950564	-0.012590085016580417	-0.008055528650144637	-0.003403989765545834
X950570	0.005861120172863613	0.0043843052886231955	0.004563422044805944
X950571	-0.025976780141487896	0.019895387042070195	-0.011851986676122852
X950572	0.007643993577351477	-0.0157438442112292	0.002152496123161921
X950577	0.0015437449502657523	-0.02389356246692378	-0.005643048188465801
X950579	0.0019238552385701802	0.001253883370688087	0.009445075492794506
X950584	-0.024803512145633304	0.04185349394388056	0.014802802177935146
X950592	0.0010678563436169934	0.0008026693446016124	-0.005560645208459712
X950593	0.005735697858542037	-0.008788341067747242	-0.005267909398379932
X950594	-0.007462456448552337	-0.01831797954122156	-0.003311505004167548
X950598	0.0035644245948582855	-0.013335196188572936	0.001981611519793766
X950602	0.025690877329948097	-0.005705443200509196	-0.008938299098004521
X950606	-0.016013057119871634	-0.03315073269829608	-0.003624146180856218
X950607	0.0013655221902590107	0.018065942307246244	-0.024284545344678263
X950611	-0.03029735521088581	-0.04013846008828498	0.0030255958529614934
X950613	0.018795529413630836	-0.016537774484821424	0.0025912111343595555
X950618	0.001543888942119345	-0.011721478632023481	0.003563904304537925
X950632	0.010471667621189399	-0.0036183312452692583	-0.006217558740849407
X950633	0.024336199682574285	-0.03007914869788715	-0.04100396869115435
X950637	0.017908665117572074	-0.016886614465998637	0.010252556467382507
X950638	0.001573508350584817	-0.029916427513331866	-0.012912077873074676
X950641	0.02258896869750507	0.011099598004370128	0.00476892700417842
X950642	0.02556352966926447	-0.0016473503182486524	-0.012612166744434227
X950645	-0.004297119368948652	-0.013984307981222759	-0.001193689946009008
X950649	-0.0008467951134370364	-0.011604450645577824	-0.01136827297346888
X950653	0.007504218332045901	0.008359204285094811	-0.005354113259829733
X950655	0.028999396158141625	0.019116646029779617	0.022351168916150313
X950657	-0.030251839052623374	0.03935599538569052	0.04002464458155584
X950661	-0.0010525094144970516	-0.049865636829173214	0.022743942552811456
X950662	-0.08072189690589132	0.05383223725447722	0.153035817323572
X950665	0.013267077056202243	0.0015134341552185044	-0.011888394522198423
X950668	-0.012087246094358548	-0.031625098906602415	-0.006264878751046628
X950675	-0.007585138940458713	-0.0075937134126406285	0.001340571117914506
X950677	-0.010087509064421228	-0.021721119793778606	-0.011971151080666775
X950680	0.015658071131269238	-0.009955676863303972	-0.003028897969484077
X950687	-0.013379007782656754	0.0006251745969627799	-0.013130408698124457
X950693	0.013990995882550653	-0.003703684863838688	0.006411677694458922
X950695	0.014668840389052733	-0.005172273924218303	0.008037430442859938
X950696	-0.025559200073654694	-0.04243331814546788	0.009948183261814372
X950705	-0.003745774588591972	-0.02093202321143661	-0.003170586701239778
X950714	-0.038060525451427386	0.05494978191521025	0.05382976168369508
X950726	0.044774142171543976	0.01101543879650645	0.02261389284732575
X950728	-0.03391029213002772	-0.04911407548665266	0.009030063234868383
X950732	0.013090061633024001	-0.0009725014611352644	-0.006142724153354531
X950736	-0.0005387862472940297	0.003801722429344701	0.01051239985285022
X950746	0.0027923114033712847	-0.012961665230199372	-0.011624287604308774
X950747	0.006287543717858949	-0.004572175049304926	0.0015690545125245834
X950752	-0.002359021285620287	-0.01638601180015088	0.022458066144609965
X950757	-0.014109688302815901	-0.03986321889925402	-0.014350039969414528
X950758	-0.012235246611792304	-0.009798317402740767	0.00782304354038009
X950759	0.012081294874709268	-0.0044014359460578	-0.0018882291126425326
X950766	0.010394625282090468	-0.010245713322822094	0.005092700369212661
X950769	-0.012616699737673749	-0.003884566458240859	-0.025642391975333023
X950782	-0.034234361914600595	-0.0384724566854703	-0.002699031398830648
X950784	0.004366959436808598	-0.003239941966995433	-0.00047444986223464945
X950789	0.019343663469728645	-0.004670005750104485	0.0014198019059830105
X950796	-0.005162847855117546	-0.010014299631837267	-0.0010138491823581948
X950798	0.024728702668932376	-0.016639870002159263	-0.004214765352125597
X950799	-0.000781041857155079	-0.00454273753828392	0.004275278216428033
X950803	5.759390300701239e-06	-0.014642570432955759	0.00442706795418585
X950804	-0.0011187343773428025	-0.010892099445129477	-0.003572233428885984
X950809	-0.0037609080848111922	-0.022793321043636544	0.00981493466619432
X950810	0.026820372342278253	-0.012810035047055782	-0.01934931448302125
X950813	-0.015399614847647874	-0.017958437832330736	-0.0017731332534876333
X950816	-0.04982644146885967	0.009464202814784141	-0.04411262754870965
X950827	0.0035375106639800886	0.0025649795614715236	0.002781377309543098
X950838	0.003267244724539641	-0.0032428939748513023	-0.0016642332672382866
X950841	-0.02722714240993538	-0.04807125334847316	0.007835203884390927
X950845	-0.02578010001589995	-0.010556115043955417	-0.020324936048376464
X950846	0.005275246640312708	-0.021586428039849087	-0.0050634222792967105
X950851	0.0007902146613006056	0.02283151913927851	0.012081969713723682
X950859	-0.017309523362893958	0.018009630460052127	-0.02838478911536944
X950860	-0.009303810491168593	-0.025835336963526086	0.0009568459610672017
X950869	-0.008051494795549258	0.008592899982598812	-0.010686583807523986
X950873	-0.04393622150537845	-0.03405694554370721	0.015442600339026669
X950900	-0.02846150113879928	0.0041381346495715345	0.005780798275461023
X950904	0.008096929685958423	-0.028770462455591783	-0.012588235668171965
X950906	-0.03407441564691614	-0.032843337099325666	-0.015578155187650322
X950911	0.017027360082272028	0.01265251882488636	0.009566770689941736
X950914	-0.011273624093830833	0.004685233858861833	0.005894404357805153
X950921	0.006523214108371215	0.09537323769954782	-0.05722547105631047
X950925	0.009538459236148114	-0.00857752250067994	0.022422989971711292
X950926	-0.015957811161047778	-0.012216664671902789	-0.011728757979861162
X950929	0.005280047927872138	-0.012264115376726576	-0.006030615097418047
X950963	-0.01602734995518162	-0.032455595982042965	-0.003352339941722406
X950966	0.004225379005836945	0.006596777712409598	-0.011922277885419597
X950968	-0.008549786653752283	-0.016220530579333342	0.0033098694061090834
X950987	0.006731416037504147	-0.011749311022910935	0.00688855731615102
X950995	0.034779579150233136	-0.03675676810296142	-0.023233065455907278
X950996	0.0015719218922409124	0.012238227793188493	-0.009229407844180536
X950999	-0.03758345976971454	0.019925605083165508	-0.009302775063464566
X951002	-0.001751789206212733	-0.013285252291196516	0.003826814695491246
X951018	-0.021782758404235738	-0.03398945577593488	-0.011353608040494116
X951019	0.039089447018280085	-0.009186327734685406	-0.03517483102202925
X951027	0.016833718355257828	0.0052919373045814105	0.021949293265294805
X951030	0.05278490415716637	0.012062123873281478	-0.004260458135254954
X951041	0.015524713644222586	0.0032268245020619386	0.005831585328120045
X951051	-0.021462166491630248	-0.03985802977522248	-0.0034723351104250432
X951054	-0.0006765573186708976	-0.009864138327380438	-0.003465781897637671
X951055	0.012042125274454633	-0.00938687213283075	-0.0008163851295676177
X951067	-0.006193973232561668	-0.00046670321122732557	-0.00666522580004936
X951071	0.011894418229502319	-0.019917242672676548	-0.004492086361937174
X951083	0.0037731999194586005	-0.010456720732108928	-0.001844430666202603
X951085	-0.01588808382161067	-0.04087213152707342	-0.020090297749200098
X951115	-0.017700358144994884	-0.023547124927037293	0.00627781179625224
X951141	-0.019050820321151078	0.009241098315851494	-0.025110787899661324
X951144	-0.006027424522131104	-0.007937881143536843	-0.014836570983277383
X951150	-0.019703632691330873	-0.050376444406535	0.002302912051916591
X951151	0.007064276045945702	-0.01734893420385211	-0.005681024780846512
X951154	0.029314857764000286	0.008717482907786643	-0.01363385545285795
X951156	0.012312553498385467	-0.007381607696841338	0.008585645512448697
X951162	0.02166625849833262	0.006604482347846951	0.012078811757454181
X951171	0.0026920861823882575	0.013824913050448018	-0.004825172323712406
X951174	0.012065458760225117	-0.034122654926593485	-0.014568365658939668
X951242	0.0041363664489790855	-0.0028593334038559686	0.005812038088058409
X951273	0.025528236298273645	0.012492504188397468	-0.01775020919848881
X951284	-0.0038379055481391174	-0.00907343043532057	0.0017076867676980956
X951317	0.0035331577406809596	0.005571220029366747	-0.004734439370276465
X951318	0.0007606555343860087	0.003384202806154372	-0.004159216338331645
X951322	-0.034497347700999145	-0.022138731476993682	0.015036971186513001
X951337	-0.008799421434430561	-0.009273425566465716	0.0026962315387493332
X951365	0.016904954354648363	-0.015832627709763656	-0.005401890191799618
X951409	-0.04808678575260786	0.004239660395051397	-0.006036925808204195
X951429	-0.013864600569859595	-0.016145823157542375	-0.004604314976900591
X951457	0.014937354562342256	-0.002442709760652656	0.0026662994326844018
X960001	0.028131712327544533	-0.01011225516014779	0.013468377715572391
X960003	0.006978904524707357	-0.008616123136514808	0.0011972059442513865
X960004	0.0012806139203343093	-0.0005590965924172484	0.0021885166389851362
X960005	0.00715135624988637	-0.0037529697279456774	-0.013793452716511235
X960009	0.021127103296978655	0.002307659545447187	-0.012782034470638873
X960012	-0.014694079471452709	-0.00462025312517045	-0.00549713948666167
X960016	-0.027173277843007985	0.002929849972654953	0.009666123866093989
X960018	0.02630734209759741	-0.015420834908732277	0.01360754703773546
X960019	-0.02195410211557289	-0.001498622895331719	0.019581570613978354
X960020	0.06136238293807315	-0.03369353864597002	0.005348012757050125
X960021	0.0015694223256045299	-0.0014187158395398923	-0.013737590702959367
X960022	0.001141069198772613	-0.0065990516638593615	-0.008052525027671712
X960023	0.021595059875629565	0.02587166445899353	0.04133073840478022
X960025	-0.033930367363391195	-0.002147834230286398	-0.01756917371122102
X960026	0.04476244725201048	-0.0075966175037508075	0.01096658439654179
X960027	0.009951275861253056	-0.008249147254333632	-0.003976089655195987
X960028	-0.04269773442292898	0.015209258224448657	-0.04341346951959443
X960029	-0.03450831608468063	0.014413258963864736	0.028280926412558156
X960030	-0.004492166195797403	0.0009243328719513896	-0.01558858483653128
X960033	-0.018628593284347864	-0.01528486929404468	0.022450785586189
X960035	-0.04911341744052419	0.01522095046186199	-0.013817619826491368
X960037	0.025018138503598367	0.005171377061239083	-0.0009464895899797325
X960039	-0.003733154384698999	-0.010618914785704522	-0.0091613669897688
X960040	-0.017419502303731665	0.005879600042263928	0.0038120558941209235
X960044	0.013069479750004654	-0.013598972936991586	0.00032086835025975504
X960046	0.06392520571014589	0.04393582562830112	0.07551767766477385
X960048	0.02172155296067015	0.05797898356284474	0.0733118754461016
X960049	-0.015967496903131154	-0.012660654959506424	-0.019855304977272066
X960050	-0.006821307179496348	0.006852198702127654	-0.014789423650143983
X960051	0.006142609543361507	-0.009159555607252966	0.00015465218924006326
X960055	0.03697992776717142	-0.018521027839568976	-0.0005225775098016139
X960058	-0.025699708411725107	-0.0005322121089289134	0.0037005147399243135
X960059	-0.03600759276209419	-0.0303973293784557	-0.023438572501541143
X960061	0.004591430842434132	-0.00444060664352597	-0.03218172223985205
X960064	0.016601244518661996	-0.007081520688126866	0.0007698423370077266
X960069	0.01421419006425146	-0.013531689038203615	-0.005119261560840643
X960070	0.013067406363031954	-0.00616977199457814	-0.009406302986723722
X960071	0.02297619649887944	-0.0047519954285815645	0.005745155071857676
X960072	-0.014029938533274808	-0.0014515709665289256	-0.03965486346657036
X960073	-0.0126111179291342	0.008243154687654745	-0.00697266341440346
X960074	-0.017594512510712507	-0.018304283994627638	-0.02514004132658987
X960083	0.014070458001590534	-0.012258509853500918	-0.001308912657841118
X960086	-0.06684588721442697	0.008853699529238344	0.05750713183246776
X960090	0.018041594771012238	0.002787040936609266	-0.02345209454741187
X960091	0.033440143672583515	0.03225660529692512	0.011803463256030756
X960092	0.03589801463092804	-0.0099771921995522	-0.0050268991680320705
X960093	-0.009929705433775608	-0.0031040170907960687	-0.010628665759115733
X960096	-0.06623934339161294	-0.04074898343724327	-0.03704378234628739
X960097	-0.03225423634313469	-0.009566460895377441	-0.007313175853964099
X960098	0.011971934029847182	0.011305943680491403	0.0076562503401322035
X960099	-0.004791231406348533	-0.009508665397382082	-0.016286665426272044
X960102	-0.01685960567780171	-0.021623049205565677	-0.028998719615232114
X960104	0.01690336408970409	-0.014012438383889618	-0.020204841333817405
X960106	0.02017843796370351	-0.004488207226047887	-0.0002959666256507732
X960108	0.018967135818525313	0.004754550116746477	-0.009715848986777015
X960112	-0.06745978810863407	0.005606714167295089	-0.0825564580107913
X960113	-0.012586059104471227	-0.010189330303427432	-0.018584554121181596
X960114	-0.0007690853282178977	0.0015842131205280978	0.004330832211564354
X960115	0.0008550218158669064	-0.013597453172895794	0.0049224622078749
X960118	0.06464015569246973	0.0575339445369725	0.0019816560620322427
X960120	0.022993509975377625	-0.008252384829826969	-0.0022532345643332344
X960122	0.020651336949640366	0.0025702544601197124	-0.008549638609816038
X960125	-0.009574742075924392	0.013063207513387366	-0.021619705568274816
X960126	0.005247165366720697	0.003449104946417244	0.027549598000070882
X960129	-0.006296446315799434	-0.00390766771175077	0.01624374095801256
X960130	0.02159095099506879	-0.0033998389858703143	0.008585262740285187
X960131	-0.0010361353955053803	-0.020516006118897524	-0.0014562719247307814
X960136	-0.012865241485228674	-0.0041254220271825385	-0.01956280461669598
X960137	0.023129282366301424	-0.0073238924222972235	0.004837044184162389
X960140	-0.024132329820301505	0.010247166419456302	-0.02863785466365609
X960146	0.033682717945293775	0.14028427114597275	-0.08775048312523547
X960148	-0.023809153653031514	0.022233194936555782	0.01043910473676898
X960149	0.027811866093151463	-0.0205144259418399	0.006151454230329619
X960152	-0.0023605758532327763	0.01235691811175462	0.010009998676510975
X960153	0.014430061178041995	0.014064736882436252	-0.005298258418160717
X960154	-0.025823979643184707	0.002282422898961564	-0.012840956981658724
X960158	-0.022265847661119102	0.07072363909797383	-0.06704833880098761
X960160	-0.019597598953213006	0.005492584670622187	0.01176083526524941
X960162	0.021851113328375377	-0.005756014507451955	-8.848391903988178e-05
X960164	-0.02723243744574901	-0.006066411869226025	-0.025115452295509925
X960165	-0.037621497600543584	-0.004766685991091254	-0.03310081903937542
X960169	-0.011693666350891094	-0.008893718994567904	-0.0020712513719866035
X960171	-0.07331736937367989	0.012438832426760209	-0.07479985680693572
X960174	-0.030102464360916608	-0.003967359883247651	0.002502865516812172
X960175	0.00916619890010384	-0.011869548091165541	0.004180016922718695
X960176	-0.03129783176833845	0.006941069447478891	-0.012086868070881787
X960177	-0.010150387116377764	0.00022611356069149061	0.018717013261495538
X960178	0.0037558980747671106	0.0038743604919514217	0.005069687333993834
X960179	0.026480994131807115	0.017315565438028625	-0.0017941709447906583
X960180	0.03264214028648004	0.025639689177754298	0.006946230033832283
X960181	0.04944333393305091	-0.011184459400525468	0.009924661251081478
X960183	-0.028205790782859414	0.0017725855149888366	-0.007636228453916493
X960184	0.00903485896647734	0.004353399980238785	-0.001297983771437225
X960187	0.022316458966978238	-0.003616310175489553	0.012580245272094398
X960189	0.02254183669834144	-0.011576877493579767	0.00705347246608958
X960193	-0.05606765053002398	0.06142959625722719	-0.028447982251198843
X960194	-0.013174670078349831	0.035011923654067884	-0.06042539448766314
X960197	-0.004525737035416538	-0.015179974328914084	-0.0023991072594979623
X960199	0.026694146655224873	0.007415276889985627	0.0001225013887598972
X960203	-0.060112412810332215	-0.02752833120930452	-0.027394213237935346
X960206	0.048987618140327205	0.002955550915249159	-0.10368509694730267
X960208	-0.008343601611058217	-0.011915832827068236	0.013713927413056423
X960212	-0.06455709071408625	-0.012551096630493487	0.01363164655219894
X960214	-0.0126566066909401	-0.0023350880522590434	-0.020731803868649815
X960216	0.004226037363671207	-0.03126674727163774	0.0030267452360341427
X960219	-0.0015494218441194716	0.00963877647067475	0.056418825822988315
X960220	-0.04914238459626396	0.025325206621798702	-0.015914612524412564
X960221	-0.0029034458439916215	0.00839276512575859	-0.00779147284000282
X960222	-0.04511111319656115	-0.034595869763322754	-0.03775007095116593
X960224	0.035073130260387185	0.0027649807718489136	0.0034899882751053724
X960226	0.0057676828376455385	0.01605813134608776	-0.06647697626836441
X960229	0.027947465183835125	-0.007400640761584489	-0.0017360979157822571
X960231	0.0008522805647847376	-0.025998743563416096	-0.0033668353991334016
X960235	0.028221969415826477	0.0013367486370694118	-0.022729197907661685
X960238	-0.02674450235943985	-0.00734007980373467	-0.0068172561847783825
X960239	0.02723276861373203	-0.01633364537122374	-0.029988545863408867
X960241	0.006968932207829762	-0.007716168300447058	-0.003373710462048387
X960242	0.01805883964652075	0.15830606782199472	0.01410106624745609
X960244	0.03297262710652942	-0.005840895519069586	-0.007679009596143002
X960245	-0.03266046782118593	0.02401292691037815	0.07394389063347069
X960249	-0.0030648191242814028	-0.008264272439571459	-0.007270494580412973
X960250	0.022867279112691173	-0.00766370604724027	0.002076267057715035
X960252	0.0717568410090854	-0.008985091069148547	0.01456124695017891
X960254	-0.032875670349722816	0.015466900882332471	-0.011506973922341002
X960255	-0.025815827480236288	-0.018128020604551813	-0.01332167632505734
X960263	0.01042625643347909	-0.021708954968969577	-0.0009248085586251283
X960264	-0.0007998354154731881	-0.011149345301021274	0.003438940607963622
X960266	0.053938596784291484	-0.008009935072855676	0.003693846832600842
X960267	-0.0020604465326084795	-0.00287348351249095	-0.000976747033437137
X960268	-0.026638160214035107	0.003987775483834618	-0.008385994495077015
X960274	0.008804294992101435	0.0030918731471255927	-0.014779315625445953
X960276	0.0020723671130652662	-0.010383499502471912	-0.0184513468252626
X960277	-0.057109730945474835	-0.0065524726134122465	-0.04352299451511733
X960279	0.008095465195750528	0.06841292782919939	-0.054180458703721325
X960288	0.00013313793332248461	-0.007667487000063092	-0.006453509197184333
X960290	-0.03800062405092178	0.007120508076809388	0.006559198884820455
X960297	0.0012141245013368512	-0.008480156701577387	0.0015373666853938327
X960302	-0.0019563672930500466	0.035896114301273055	0.006858875012767388
X960303	-0.0036335508551564146	-0.01917721016016796	-0.019552635752145973
X960304	-0.010890698985556604	0.035108763867502446	0.029014112340021103
X960306	-0.017112494158627447	0.021219305442510033	-0.0007640510501814126
X960309	-0.08118872021820554	0.04166165158798709	0.12558762195378395
X960312	0.01517148652627749	-0.012035879664380167	0.02406656096273481
X960315	-0.025384571506972677	0.026785871687658735	-0.023164477970909293
X960318	-0.03298201745339558	-0.0013305830884992147	-0.030702583466012463
X960319	-0.0032432779090117688	-0.010645218252516088	-0.01917481223412747
X960322	-0.011557738081258784	0.01057188861427313	0.0006841435097276428
X960327	0.014966149757344923	-0.010567569437477711	-0.01841462419246665
X960331	0.01237411880296133	0.02952862014361795	-0.020856965252503856
X960336	0.006808761791716658	-0.0005057174011721952	0.006813135689580981
X960338	0.05929200909967826	0.05672592622722675	0.036197786590040075
X960339	-0.01125775810331469	0.0015100168846098384	-0.0009719965075702359
X960341	0.030539024154261893	-0.005185620798950062	0.013565945318917314
X960342	-0.004326862826531858	0.012586935262323866	0.0017429384839937757
X960344	-0.0005936931798269022	0.02688915223921928	-0.01638226415746967
X960347	-0.01684231972002742	-0.0009639066146215835	-0.012082773922563027
X960348	0.01542322044755958	-0.007830074576426023	1.7504949214001925e-05
X960350	-0.018943201735083195	-0.006156556897146014	-0.016508155414656032
X960351	0.012547667680131618	0.001671132677230324	-0.0034353132099510654
X960352	-0.020052063198526697	-0.01074991108965061	-0.01949565161386612
X960353	0.02990342654129995	-0.0005199645785631216	0.01557101090565924
X960354	0.10335078609231156	0.03647896814575509	0.038873000245185176
X960357	-0.0002234457084045366	0.027699285637526046	0.043158379111560216
X960360	0.10020208245620986	0.00965442354792234	-0.0029691996884052716
X960362	-0.006646449332538935	-0.005842715345761159	-0.01172393457485001
X960363	-0.01511482064066553	0.039248387114750004	0.009614013226327663
X960365	0.008951035736763806	0.0019636178556213506	0.0007395470164113995
X960368	-0.008082464788295387	-0.016927792754098395	-0.006247510635438566
X960372	0.045886356240345934	0.022125026207608627	0.01697989120028763
X960373	0.014623323837775858	-0.020142691806155508	-0.00493963127389368
X960374	0.05233127517812633	-0.009982799438246603	0.0402051901655828
X960376	-0.016601090216192122	0.01328777907998909	0.004720078111075064
X960377	-0.05268270730881195	-0.03377266269236132	-0.0154029506669007
X960379	-0.005237676951567008	4.9165416070126616e-05	0.00035957943948555185
X960381	0.024723024157945344	0.01556154389570439	-0.026729242412327867
X960383	0.00821737955129255	0.02388862346537577	0.04376336327260893
X960385	0.030317693854941524	-0.07540163788254964	-0.02450975302504575
X960386	-0.04875033768239247	0.020135450697921067	0.05228838701477408
X960387	-0.08858837302890203	0.02547597075063194	0.016349059409606292
X960390	-0.023441518080649364	0.0034121095941454173	-0.022355286060856187
X960394	-0.058750605106950175	-0.0017904276835596525	-0.038142408639686806
X960398	0.02213630110588035	0.0010750538700113243	0.008286832559994491
X960401	-0.008487554635553387	0.00630267662930344	0.07380238958874373
X960403	-0.0069896148155087585	0.024398171942959443	-0.01132577859964996
X960404	0.016636023209325272	0.0058692009564791855	0.0003313318796491648
X960408	0.06016562495210407	0.016892101175984317	0.030013155181101044
X960410	0.012632413540664487	0.006102960214358312	-0.03259553514300201
X960411	-0.033157901535758226	0.03805001251885393	0.010239462516312097
X960412	0.03784415493995304	-0.0034720401904787083	0.008179511091941658
X960414	-0.011559582760808318	0.01405093460460892	0.0019969238033255778
X960419	-0.011641681004113013	-0.01951220241797965	0.00220173249091688
X960421	-0.01807890232339253	0.16050493322891723	-0.11932389409000793
X960423	-0.03544192234366784	-0.011501933722525165	-0.005974914782807367
X960425	-0.01576627144222497	0.0006576778565384239	-0.009015765443558801
X960426	0.00236096090069538	-0.010159728580636237	-0.004111319262295464
X960427	0.0032505553839217312	-0.0013195751975011787	0.004356539287740336
X960428	0.0032193569618181967	-0.008673653731184342	-0.003279804599476147
X960430	0.003918532139486073	0.015354839387365364	-0.007536010119971548
X960431	0.03528932881442095	0.007980020659112482	0.00842417310560714
X960434	-0.03824831197472185	-0.01627709109012349	-0.02229519470178445
X960435	-0.011405142511492846	0.028974252997766212	0.0367357349290828
X960439	0.021024743228862285	-0.007077425064774563	0.0026485011118159993
X960443	0.027147840256196615	0.03580998460896769	-0.05344421938738931
X960445	0.001366381682344112	-0.004215105773281742	0.002179987826481335
X960446	0.011824639127895656	-0.002720516853650729	-0.0035315577117173026
X960447	-0.010902932790136162	-0.0007443373832553867	-0.02608236803812609
X960452	-0.03851565881963348	0.007518493585997563	-0.023923623768319847
X960463	-0.06353219111395204	0.04402212912173226	0.030815146884247115
X960465	0.013414538722148555	0.1681905393466771	-0.12136796274121639
X960478	0.023994585323065358	0.014856621247338516	0.0010029856220557442
X960480	0.010618973543818105	-0.015198937455653143	0.005436458070527774
X960481	0.04782461971327547	0.03009687250122477	0.0679392311928083
X960483	0.005922084934929493	-0.022757826474505728	0.0006258271749692711
X960485	-0.024636758407623402	-0.06306375556190869	-0.003140697401967206
X960490	-0.004864443775179409	0.005786839405590574	-0.014317628524919749
X960493	-0.016018720300575627	-0.02746380821599637	0.0006382481344540462
X960494	-0.009645677177635512	0.08099969610799211	0.07433951769555731
X960496	0.012006512999386952	-0.004828316305517842	-0.008285984174034628
X960501	0.0013162910039144799	0.0039760793229869544	-0.00870133354582483
X960513	0.041618823812551616	0.006782146038043594	-0.009110433260207903
X960516	0.004452709937978623	0.001068550092841096	-0.014839174082484361
X960529	0.01070249726354644	-0.00702323461555372	-0.00870183624139463
X960538	0.004662552851188733	-0.0012538549249384897	0.0005866491156228354
X960542	0.04843465241674499	0.016791935118140488	0.03976396081726781
X960544	0.02283953543531405	0.013295731590425698	-0.021754434884709378
X960550	-0.03915376514417249	0.012752645930300757	0.025643283672455025
X960551	0.02351680277009024	-0.009741799038645584	0.01120401044723498
X960553	-0.015144295165076123	-0.012348766821480082	-0.0012773027968726626
X960557	0.036504347554241146	-0.010846440069635054	-0.012537522242333251
X960575	0.005996396191755293	0.04992385749029459	-0.053503585303335745
X960577	-0.0011171765130669315	0.003139026592536807	-0.005765891308929172
X960589	0.031190299155560687	-0.0011781749555371504	-0.05124445664656384
X960591	0.056421722635889765	-0.002595285547104224	-0.07551291417333049
X960592	-0.0009064521033564412	0.08238614924885612	0.058658282560540786
X960596	0.0009783455548568031	0.0042034611554142955	-0.0038749566294343967
X960611	-0.04131634062250303	-0.01633507233983968	-0.017739730340779414
X960612	0.026316565552192507	0.03929442948472194	-0.0240209194858148
X960616	0.007046952227658508	-0.017479650796601735	-0.005531809954379828
X960632	-0.015561454120858085	-0.006321473406188958	-0.014746868682030302
X960635	0.028380381164630344	0.0010114814589383076	0.0018819750096049086
X960636	-0.0071292155973008186	0.004714015599218545	-0.00993599047165089
X960639	-0.011907126607998511	-0.016610994185266948	-0.04008107265200341
X960643	0.0011624281698683942	-0.003987372697977983	-0.007053691495795304
X960651	0.06981923626326805	0.04335682973682027	0.01349810698240085
X960658	0.03730200089019733	0.021931308334053507	-0.013619063089415899
X960659	-0.03563156498134664	0.007139074346184648	-0.03955673776320798
X960666	0.00024000319596941916	-0.0217570834376116	-0.005122382516782786
X960667	0.020824475383185787	-0.0014248387175025954	-0.0019756875323619005
X960672	-0.028767709808876312	0.01237444927251993	-0.008471707000533284
X960673	-0.009499677737560957	0.03787621277451152	-0.04901147804061798
X960683	-0.012326245412294481	0.0605801060225501	0.11526866513997644
X960684	-0.008642656513340093	-0.011322974233590744	-0.01729254063463683
X960692	-0.021005273844554986	-0.02214718282983859	-0.0012789828785484275
X960693	0.009853558645906434	-0.016470381288653375	0.003944210550567623
X960712	-0.00025104625566796005	0.04149680594414649	0.06760924646690568
X960719	-0.017216652243569948	0.004987294403774887	-0.017413336590914624
X960720	-0.017353090609978153	0.09319262751957114	-0.07736600258268862
X960726	0.01771104666993817	0.019321438984914525	0.00912906529252991
X960743	-0.01521635814964058	0.04343719872943036	-0.043648851057274334
X960748	0.0173104150710267	0.010590329541867638	0.005984918728665141
X960751	0.012852585118964002	0.017928616721778676	0.007368209546312822
X960760	-0.004535454265820356	0.008949058054742382	0.029427130647951112
X960764	0.03397109890955489	-0.06785325986549379	0.032269249439589524
X960788	-0.03233878190805879	-0.035905985549569634	0.014057071489450228
X960792	-0.015899080937953565	-0.0027208447678158487	0.019696557301172993
X960793	-0.03660513757994442	0.03761382839891386	0.14155179421006925
X960795	-0.025355407538730626	-0.006691293034752768	-0.022492350468255876
X960796	0.037730375793925665	0.027602399991833615	0.01857735246052272
X960803	0.0033664811422690036	-0.01933725346777589	0.003450355132891303
X960807	-0.007505847002296213	-0.01130402441176082	-0.0006974716187552305
X960837	0.006442574505364446	0.026112665370882682	0.04417307678639322
X960841	0.008258525485642798	0.043552664241868044	-0.04547150449110911
X960843	0.010770377504910332	-0.018416288635579512	0.01116153320659812
X960848	-0.03832704270683624	-0.011023997116457199	-0.029965550993655783
X960850	0.02023167167885032	0.03134311277446125	0.08378117121850905
X960851	-0.0322743558289749	0.03410820077619665	0.03928113593013751
X960857	0.032167064517360254	0.0005686342345624676	-0.008404302448366954
X960865	0.05367056096960983	0.009617684380914324	0.0456175216222616
X960870	0.021527673545432596	-0.007750370109962013	0.00634948542329638
X960875	0.06091906633599924	0.01473686669329537	-0.046183665859218154
X960883	-0.029668295929011993	0.0017056575290940858	-0.008209780317030797
X960884	-0.0005526361501638731	-0.006518137133502029	0.009143518350300158
X960892	-0.00101889167307184	0.014882841578596581	-0.019677591581100388
X960894	0.011491166051794696	-0.005400184075005722	0.00922629698162239
X960910	0.018040444616786992	-0.016436466368267996	0.0026806386892988562
X960911	-0.004126912553100678	0.0017092991702134565	0.0032810545315435204
X960920	-0.07170111372493049	0.024685596600441277	0.08936489237060843
X960934	-0.03316605042454736	0.08675090777222623	0.03451007864084734
X960939	0.012251776724079538	-0.015569772827237248	-0.0007781212350010687
X960943	-0.008790605041455821	-0.012376456063789147	-0.01750638843416127
X960944	0.04230911916419278	0.06392963631412536	0.15586049349840753
X960969	-0.008405615624626986	0.0078819311295996	0.005327724596682575
X960972	0.024171830342451076	-0.021145831914292892	0.00919795378535466
X960974	0.017189770996856722	0.00555311312390284	-0.0009293803179813115
X960981	-0.00567082075898147	0.004973102198451876	-0.008824030360590313
X960991	0.02399712072450269	0.03703396077294776	-0.034502364331662275
X960998	0.018225691745256976	-0.004950484915996541	0.01885357538967073
X961012	0.02858630419562621	-0.006236642075502957	-0.005493347392981861
X961035	0.01846978059706526	0.02208633905698635	0.07884363731679983
X961077	-0.020477660286879657	-0.009344376018241878	-0.022358747971499327
X961092	0.03860104467084647	0.02572524637715445	0.029617125455660274
X961096	-0.012277804984550786	-0.0050902664071022586	0.017988285026194945
X961105	0.004723625262690922	-0.0077245035820148284	-0.00830168055359521
X961124	0.0710292479738532	-0.002146184453734119	-0.011784707520920843
X961128	-0.030305979657951804	0.0045141928560785945	-0.009651674715695474
X961151	-0.027225229365423466	-0.02663392930642789	0.02019550056081213
X961177	0.03910730629481566	0.01537856476456095	0.0022308776733978987
X961180	-0.045588777389581815	0.07809998593106912	-0.07506650955897609
X961193	-0.0035305075317387615	0.007316341564746972	0.026390631236911304
X961214	-0.0015514296261813873	0.007605310061637074	0.0068114612441805686
X961221	-0.008068646120343026	-0.007825417465333205	-0.017746032004253665
X961226	0.027909907068177874	0.019436624371906266	0.05199808977979142
X961240	-0.0788931578282313	0.0036449547317155533	0.02634426021225553
X961242	-0.0028133483750441314	0.015908409985569093	0.018410607375163687
X961243	-0.013441708295951586	0.1606115167372362	-0.1190003642137197
X961246	-0.004523959325578115	-0.006139163164710975	0.006034215821888316
X961263	0.006863759461404902	-0.008374610085371825	0.009097719600250635
X961282	0.013235941471655837	0.006248995966514065	-0.004133702624835544
X961321	0.01934098822101541	-0.0022838125941862073	0.0004781406727622084
X961325	0.037019373628606425	0.08269740495291936	-0.07309645224226687
X961339	-0.02382212394834144	0.013001863453021473	0.022193987432461218
X961365	-0.013944813152649657	-0.014071369650564148	-0.016234806424244814
X961417	0.014053821793800053	-0.007241389782781091	-0.0033623332560348833
X961423	-0.007689025559967055	-0.029186906245944968	-0.02079325183328127
X961434	0.02902596193597504	0.0006786963348900725	0.010224860152833798
X961485	-0.04027529553243336	-0.0073081852587713846	0.04052795577616339
X961553	-0.02426065515920963	0.010101634090092047	-0.014031388328536487
X961577	0.023371519645764578	-0.006027320982119282	0.011013555228219653
X961634	-0.01865471507597977	-0.014590315067151216	-0.03302073013655885
X961684	-0.0033723346581421626	0.004857335737779669	-0.0013273129990003113
X961686	-0.0535810849562093	0.013134609268515412	-0.011546828608491867
X961738	0.012685253837359783	0.047715179757574874	0.008722244920760172
X961809	-0.008341007901753565	0.012721059966146158	-0.010443426294829129
X970002	0.012136512800513609	0.001154316177450865	0.0023970519506187073
X970003	0.017338223947882512	-0.0005672070922185469	-0.012826505313102607
X970007	0.011396168059726933	-0.01737601680131871	0.0049247434899366985
X970008	0.0056087684588847705	-0.01588000135476552	0.0049336118345682
X970010	0.011622102450867214	0.0012622482675439032	-0.0002934746069057414
X970011	-0.00813096424673128	-0.012089741444458773	-0.002837339576685101
X970013	0.005396007431050635	0.0007208037149222549	1.3844702797422756e-06
X970015	-0.019330418734451446	0.0321819230518059	-0.018436671259417944
X970016	-0.0063970156850416855	-0.016029149116360202	-0.00032952487565334854
X970017	0.010323425806609488	-0.055362366383751166	-0.022441670468293613
X970018	-0.011987673286757547	0.07186786926090956	0.01764819107072074
X970022	-0.0511650711612146	-0.01280453273539962	-0.007697679352673017
X970024	0.001261695608747105	0.0057581011002009784	-0.0024715129189460503
X970026	0.011740048310137153	-0.011711444514911662	-0.006006250419196687
X970027	-0.012647897521819	-0.008306372648858468	-0.006655808420313169
X970029	0.003042431494776659	-0.00020630955107747936	-5.9046302340811915e-05
X970030	7.440277621249106e-05	0.010388287862630692	-0.002881344118437274
X970031	0.08989480892263117	-0.010468658983592465	0.010205823123660765
X970032	0.03917823363412759	0.0011433323995589208	-0.0778186176067109
X970033	-0.019743984933370054	-0.02050079925415066	0.00024237809153045844
X970034	0.018398680569237554	-0.02629427944214683	-0.02074186794233373
X970035	0.01551691371602936	0.00462126794654988	0.0013989307633294895
X970037	0.020471813290719825	-6.647498769109295e-05	-0.006938396662158905
X970038	0.000887381459067488	-0.0019913526033726284	0.0006267796511716523
X970039	0.010160820763465094	0.0015213041578894591	0.0020908926521619833
X970040	0.02349381230176947	0.0041547700992385	-0.012398122551017318
X970041	-0.004146849156933618	0.002280684920716499	-0.007590211736738428
X970042	-0.03730479342613042	0.0018460855871700833	-0.004649511595822621
X970044	0.01726330844465894	-0.017944339706590432	-0.001650511340944981
X970045	-0.037459019926865636	-0.015275113348908088	-0.009104528186218104
X970050	0.027027192273761734	-0.0024143890378094655	0.0031380559691948015
X970051	-0.018036186722616938	0.010634228818602058	0.006010711416416646
X970052	0.012379255564577918	0.005293381618391829	-0.0027160153593020846
X970055	0.03102646478028801	0.002329387741501773	0.0040697432363112915
X970057	0.04277553104349796	-0.03147742127292606	0.006573999321198921
X970065	0.014895025919391501	-0.0007831253657884552	-0.010803815082870932
X970067	0.005597726172804212	-0.00747489532237321	-0.00900840822545338
X970069	0.08666519450399571	0.18094141359890495	-0.07738034014384022
X970071	0.015104958291510779	-0.008125690203349736	-0.0065142793326732566
X970072	-0.035112658276285916	-0.013931232453946833	0.005097893609761083
X970075	0.03866315744097852	0.019496039729972794	0.015626038007550885
X970078	-0.000531737672701903	-0.012169593440020233	-0.0030792607741126736
X970079	0.007746497342960633	0.012556931028699873	-0.0006054378081074052
X970082	-0.04728470884249552	1.890049326068479e-05	-0.014095819347375816
X970084	-0.013028568164978771	0.008831584483673303	-0.004525816925984155
X970085	0.0359961681004704	-0.01797276909843929	-0.012897543591080914
X970086	0.013107508753272585	0.023004666919532065	-0.013262681106684859
X970088	0.0026503519254155792	-0.004503760924665056	-0.001584160524472715
X970089	0.05018972468448902	0.0020305455109990243	0.012116576514376868
X970091	-0.052989977436694195	0.04035160870909117	-0.0012296439877415189
X970092	-0.12204633068493574	0.017073231214260028	-0.021123515950135254
X970093	0.02371869969616717	0.004099982576179833	-0.0087678383565806
X970094	0.053628346092133676	-0.006260050806916538	-0.014316525899888672
X970095	-0.01733525483691392	-0.004386988118596911	-0.001385315514465883
X970097	0.004648906298996388	-0.0022933493736721146	0.032940488480371476
X970099	-0.002899294701174908	-0.013059071213011511	0.005133895696195755
X970100	0.027598964409576515	0.11132975075217735	-0.06812349345647169
X970102	-0.008819904806323556	0.0474208145579076	-0.007940063499448246
X970106	0.06635976930440478	-0.015478704709158438	-0.017303886231932783
X970109	0.00572979666840007	-0.0013205256396871838	0.0002378424374240496
X970112	0.017641540156036698	-0.011557017002027851	-0.021258352923049673
X970113	0.059055312416365656	0.003840277408175468	0.023137366675739932
X970116	0.0009585790713631003	-0.010977623868334424	-0.011471055541657593
X970118	0.011888712580655438	-0.002686874752205426	-0.006359085517752829
X970120	-0.021303965249139422	-0.006091656379927564	0.0010534422201986388
X970121	0.15417664485090038	0.04884011678643366	0.06583464872158554
X970124	0.024518619676774045	0.004675329893120066	-0.060684487464766804
X970125	-0.013891946348373437	0.000879324053740349	-0.0038725887816526794
X970128	0.0651109055213598	0.013830954678875646	0.031106570341609074
X970129	0.01320933608670987	0.01516115720396915	-0.0042680298225317185
X970130	-0.01627510140651717	-0.015539748590697518	1.694312489634508e-05
X970131	0.11204103698363319	0.029766296537101	0.062081101815314704
X970134	-0.019636173908534157	-0.007526237125675205	-0.003308551929150479
X970135	-0.035075684766106216	-0.007524612216543223	-0.006340298331500221
X970140	0.019818580845505706	0.017312428975881537	0.001862349704852949
X970141	0.06288301838337249	0.007144610346439224	0.018100036166525387
X970146	0.007828742566222664	-0.01338590823542543	-0.0014074769758666314
X970152	-0.0019048912481212734	0.05511823695663373	-0.0027518049214568167
X970154	-0.014922335794036363	-0.003994816497793285	-0.022690211919514834
X970156	0.007381028488607915	-0.0016578386909674194	-0.012521800803978633
X970157	0.009464432353210685	-0.010413089661555604	6.963544395496255e-05
X970158	-0.021162237356681542	0.0030644879068843786	-0.0005839997461509106
X970160	0.009941394977561373	-0.007367281099569149	0.0030065157009143053
X970161	0.009969462863922474	-0.04103369814777761	-0.0017952854841101068
X970165	0.010316316294320088	0.002382971269640324	-0.0029162250395468638
X970166	0.008630229757193188	-0.0021192656101809604	-0.009038430198884187
X970168	0.03204691846829253	-0.0160413525818138	-0.014828184424200901
X970177	-0.03252717751845567	-0.017331762672568495	-0.013820210261440117
X970179	-0.03208422069606482	0.010337674669580629	-0.02304360380563211
X970180	-0.010116920505083435	-0.005024555646383709	-0.0009555695290690738
X970181	0.012986396400590383	0.022041000577647765	-0.004453956661579697
X970185	0.013429649630616354	0.00986734767257103	0.009993458410448519
X970194	-0.002754436821098451	-0.012032324087587913	0.0061744927239497874
X970197	0.027002141164544337	-0.00996770473522772	0.005190994541921708
X970199	0.030415044297275633	0.0007447100875216808	-0.004742082646670389
X970206	-0.0109846583838672	0.0031494396073639417	-0.010185366749340723
X970207	0.06341503153008282	0.012589352032913392	0.058461851597560524
X970209	0.015407116108489457	-0.018325860516677787	-0.003620049663587088
X970216	0.03436276105658859	0.019702290770141732	-0.036112124352910634
X970221	-0.00210359850585145	-0.005743049564194639	0.013912525840911507
X970225	0.02881786596984273	-0.0018331690852560994	-0.006629408427465572
X970226	-0.006512734983902892	0.006612430626215663	0.0052746160360446085
X970227	-0.013246026719608216	-0.004320647417596231	-0.013296189607265446
X970228	-0.02099501289546429	-0.018717850494295654	0.002950165855317701
X970232	-0.033750244491271925	0.010592851133932567	0.013048964600614492
X970236	0.0061419036623313805	0.000669468366859741	0.017325749404713726
X970237	0.002198299211113982	-0.005514608255701193	0.04190167501797319
X970240	-0.05476455070952362	-0.04633352573559569	0.04913746345520208
X970250	-0.024802401628801672	-0.0035673101176195605	-0.021651949533029687
X970251	0.06161420586510102	-0.017860871524672927	0.034189542455486374
X970254	-0.05677732463282803	0.022558223370309702	0.015338977941441565
X970255	0.041279242427772214	-0.029573096833078877	-0.006795153149101257
X970257	0.026873343060744428	0.0021747746263498166	-0.0037582573185654033
X970268	-0.0007019328888874256	-0.0069908913063054835	0.009206488124599975
X970269	-0.0028900250411788	-0.014295571290422382	0.010337349670579579
X970271	0.02441602356531654	0.0014287634219268765	0.0008065764382412493
X970277	0.05555981391893175	-0.009944396030259154	-0.010513503193513568
X970283	0.04304375843284009	0.06915450435949606	0.014468811525041064
X970288	-0.02423436010608546	-0.00957049073070302	0.025576969627368565
X970296	-0.01676721406850538	0.05193432164326811	-0.014573661659798847
X970299	0.052784818839662004	-0.004384390103916989	-0.01482377973833446
X970307	-0.009068562537041698	-0.0012873722452346097	-0.006844556167009626
X970312	0.054005926258228594	0.012780777827478685	0.008266795193308758
X970323	-0.005836621922526008	-0.005638834118374559	-0.014789984690691213
X970325	-0.020201699781688624	0.002885229792321025	-0.0035626170476530145
X970327	-0.04168759812751902	0.05289089510336173	-0.03514492679906677
X970338	-0.015986763654286282	-0.013213463813357357	-0.0075040857724020076
X970342	-0.04499810365624009	0.06293656004664896	-0.006383873871189004
X970343	0.010605504178927184	0.02880040185236396	-0.00874106284463453
X970345	0.021523562199789154	-0.01059693809892974	-0.0054738604040680695
X970346	-0.012169450721654151	0.04556608938062445	0.017906268671607734
X970349	0.01425296914710164	-0.01177537248164986	-0.0005468441768480762
X970350	-0.004269678307756629	-0.0020261821813527293	-0.024831573617088192
X970358	0.012850440587499977	-0.00848607636140151	-0.007294416352667066
X970359	0.018050010915813326	0.009345095369032688	-0.007706706848953448
X970361	-0.006197775227956491	0.05078491244412351	0.01697160291279405
X970366	-0.023009443331434707	0.014596517926050257	-0.05140756304951466
X970375	0.007556551222440735	0.018046539965230576	-0.012403835821894004
X970380	-0.022431613836837814	0.007467813693942951	-0.0012954771323673748
X970381	-0.006500499627648204	-0.004756635495071239	0.002214474101245221
X970389	-0.0362997521786458	0.0027967669336537116	-0.07688589718240207
X970393	0.019899120826203875	-0.01015382540377822	0.022134051555442735
X970411	0.009433791151284586	0.008070682856318753	0.010973953426685803
X970412	0.00802334256862704	0.01722430131689509	-0.007684097169795385
X970414	0.010187734875342842	-0.007769069455560647	-0.007587562998119817
X970425	-0.02533641013098844	-0.001883666235755001	-0.010262141116204871
X970428	0.004522753964899095	0.015720869409874032	-0.056277937430335614
X970432	-0.0072901404119259695	-0.01397526730301403	-0.006329357181312159
X970454	0.02272408789297656	0.003720948904953747	-0.0037866430656834913
X970472	0.02970180130872563	-0.0012750325058972962	-0.004662946847745736
X970474	0.030072279245735255	0.00943826904649571	0.005176170359586005
X970480	-0.006143538017023146	-0.0005771295574794841	0.00020893332132732037
X970482	0.07396407982106906	0.024641077437994076	0.049196834922533704
X970497	0.0008969484903149226	0.014801408668694964	-0.037529105607931004
X970502	-0.04076803114719695	0.042002650918163936	0.06349139647413861
X970504	0.004244432629760779	-0.060308455256613665	-0.019397786901021813
X970509	0.03945891430787784	0.0034198172565684144	-0.002298679024684328
X970512	0.010701254766185336	0.0009386744549516027	-0.0024759478080310154
X970515	-0.004006813283118389	-0.0056827268318722386	-0.0044285546806575446
X970517	-0.06879910413687894	-0.018833085133246254	-0.014974573532342165
X970519	-0.01300821270152232	-0.00531471018456992	-0.01956042125749012
X970522	-0.027447745576957568	-0.009033950571408055	-0.007999252878083112
X970524	-0.00017946952153905405	-0.009409811179093699	-0.015925897142538097
X970533	-0.0008597459005349688	0.00210960066932795	0.010625148413196613
X970536	0.005475641628240495	-0.0050954965717346775	0.005158115236001564
X970538	-0.002584636266585256	0.0016601169238080063	-0.002431102984287545
X970543	-0.01729186630689646	-0.009635202201060119	0.00267298075756627
X970544	-0.06582191887894692	-0.01760659328093082	-0.03100732957172308
X970549	0.04285059889094638	-0.06008456406699772	0.016006634302790448
X970563	-0.06639325166513892	-0.019345236627858836	-0.000286508392333151
X970564	-0.026735025171753732	-0.0026238095688304974	-0.015178657235798398
X970573	-0.03399061232555991	-0.027601724190881027	0.003153027611051062
X970577	-0.037485590210738516	-0.009032153045957789	-0.029331072032272403
X970587	0.02295693940060924	-0.0014927081812465845	-0.004860758045867402
X970599	0.0478363688754965	0.005009160805829852	-0.006521089251402104
X970614	-0.03222054706829471	-0.011075774810697239	0.0028962092817095765
X970625	-0.031977885724229556	-0.010089833563098007	0.005994465119993114
X970633	-0.04174800906332933	-0.00473842077920036	0.0015132166088652845
X970638	-0.0314578871061354	0.0408593535665343	0.01778152011953418
X970649	0.015768818563032205	-0.006581568518075229	0.008998212019045987
X970659	0.015127017157172833	-0.015113587994107365	-0.012230123642749646
X970663	-0.0027513819143871365	0.005849141241981237	-0.006609586952769558
X970664	-0.00038767247652571487	-0.0014215080603767842	0.0014957331605070076
X970677	0.005324583579676314	-0.019887480504530854	0.007635833122114367
X970680	-0.011543141649098101	0.031630226576321835	0.0005602864462208982
X970687	0.02082293776149886	-0.0019196805847556528	0.002106746624011157
X970688	-0.03818941817526242	0.004758051057535303	-0.019371022697595823
X970692	0.042735544658675004	0.012323619885869455	0.0006930467254067635
X970706	0.07567114784219044	0.04916141057224808	0.05312519461018354
X970707	-0.07551141325486828	-0.05272960933599736	0.020769438401723756
X970717	-0.012587821803112343	0.0008270406083065403	-0.0011790417149276928
X970718	0.03300761344013083	0.0051865105425122635	-0.00953508257809378
X970731	-0.016212265041881627	-0.00772971161406422	-0.006423135067695504
X970732	-0.015810606588720553	-0.012033264191956251	0.009176952709320828
X970737	0.01961566358434791	-0.01107080895894583	-0.003555842084164452
X970745	0.004985693309564949	-0.00849905583653711	-0.0068023281187132535
X970784	0.004273493215956625	-0.01200064944338519	-0.01166237214278206
X970791	-0.014206633413764859	-0.000555513301178743	0.02017827282552047
X970813	0.0018039454574821491	0.006920264051808574	-0.005507313160762464
X970860	-0.0033042199418843506	0.0006377507424234306	-0.005694124537633077
X970932	-0.012809888982840347	0.01097673433155242	-0.01962654178950983
X970960	-0.03425554708103285	0.020133284305041823	0.010742045311539673

Biplot	0	0

Site constraints	0	0
