Eigvals	3
27.631094569359714	23.874208811241925	13.77862278297416

Proportion explained	3
0.5011977553134308	0.37417168078830826	0.124630563898261

Species	12	3
Propionibacteriaceae	5.5244424867135695	0.14284855393630894	0.97871457286462
Staphylococcus caprae or capitis	7.062658725948442	2.0044504352726196	-9.588406973030455
Staphylococcus epidermidis	-5.180331939208578	5.901475738043656	-3.603366719169073
Staphylococcus hominis	11.77165443202143	5.584012933379474	7.6366477772147405
Other Staphylococci	4.548508054644075	-7.270896149559146	3.6994743185381322
Polyomavirus HPyV6	-6.210279858164077	-19.44441161852084	-0.2628434486662187
Polyomavirus HPyV7	-12.398919889136256	2.764212044806035	1.4209913476912364
Merkel Cell Polyomavirus	-8.726793816332352	3.3136650543961057	1.7345138679186676
Malasseziaceae	12.581233410369315	-3.546307562699054	-2.268646896307021
Corynebacteriaceae	2.388351613804069	3.712415163755128	-0.24377386334413526
Micrococcaceae	-5.684695263517325	3.9749553472130934	1.1258116058872298
Other families	-5.675827957142309	2.863580059976616	-0.6291155895977208

Site	1225	3
X940001	-0.003109383544669056	0.005221232047523681	0.0014085315076180266
X940002	0.008100681021802439	-0.004657907093380544	0.009384802896248233
X940005	-0.0017502361609551184	-0.021338706213639796	0.014890925750324401
X940007	0.014493063024649694	0.008624101511646377	0.011988988064210265
X940010	-0.049617224536320226	0.023218762541141916	0.023059058638431967
X940013	-0.003055700195663345	-0.0045316876034656095	0.006609077843000045
X940014	-0.014977472852157272	-0.11716998647353724	0.036838899508078046
X940015	-0.027267384386033933	0.0171360778991713	0.0038231301313479656
X940019	0.061119122773360804	-0.047362436008415054	0.03476039210960386
X940021	0.07377047645207133	0.015576966040420684	-0.04437557573896253
X940022	-0.0248225736689453	0.037179022378035956	0.005420362117313144
X940024	-0.012653802871733191	-0.018548600515578707	-0.004542645053898627
X940025	0.018818381511128243	0.0027328341229759428	0.021953863586909057
X940026	-0.018605605320066113	-0.043625333581562176	-0.0031585325757489025
X940027	-0.010304436764809466	-0.008807641938739735	0.004640427249689639
X940028	0.0064172330598524195	-0.007649870002173589	0.006974059473013279
X940029	-0.010295116032137473	0.0029507442855803085	0.00023796078030631127
X940031	0.005264188402455985	-0.0050596636324027455	0.007431685589068676
X940032	-0.0029073127005679682	-0.016143552699604435	-0.00326368418476306
X940034	-0.026290034716295853	-0.0009198540949824499	0.010485024473348252
X940040	0.03360173199096338	0.017671657651322906	-0.005831430510088634
X940043	-0.004247109049580749	0.001591462156414577	0.0013700584303095312
X940045	0.041350446381799244	0.006992332956381472	0.06520869390513045
X940047	0.0611074332147607	0.05524363120036091	-0.0488101143999015
X940048	0.017501076095172992	0.011133328806345981	0.008246790734905717
X940049	-0.004188324864323168	-0.010276473558143935	0.00459780891564489
X940050	-0.020376168920771518	0.02101967678204928	-0.014638527793835166
X940053	0.02006086799991085	0.0032167143193734104	-0.0036525174848251497
X940054	0.05758249577113875	0.05205532874603621	-0.007151939600066625
X940055	0.004753434886230033	-0.01019431525429048	0.0626495645529249
X940056	-0.07276796824270704	0.018423747147695742	0.009066722779395976
X940058	0.00452405847198135	-0.011410652068553372	0.01280008699713963
X940059	0.006446915766936918	-0.016358221632282142	-0.0008499193430813123
X940062	-0.026328640170874586	0.05973251974000244	-0.010065797554065885
X940069	0.0014845884140226272	-0.008660592475155219	-0.017420694220671124
X940071	0.013511853863565513	-0.016460718462919733	0.057782978728410046
X940072	-0.0015578359761408873	-0.010047222458088681	-0.00852490348932765
X940073	0.0748084005706513	-0.004883049805433509	0.013815231429798685
X940074	0.02351455027073054	0.0049321288798697465	-0.02146185352631617
X940079	0.04504379243064777	0.03305029474491146	-0.059516747392968285
X940080	0.00990811092303777	0.012996473240089106	-0.0008491244968489394
X940082	-0.0009900788555744625	0.07678202598369324	-0.00826809400740283
X940084	-0.04253684959826149	0.057527447193694264	-0.0025574897582693384
X940086	-0.035822244588630085	-0.028408887547940697	0.007034411068089608
X940089	-0.03550430721924932	0.0004570486839838395	-0.012605066721409037
X940091	0.061536889016945456	0.04576434628482186	0.10081964110042953
X940092	-0.05703893555395829	0.022812357928915276	0.0015492097048984408
X940093	0.005970301186159567	-0.004225031366109971	0.0021836846966351462
X940094	-0.08957681671529048	-0.04955257518663892	0.0528425943751216
X940097	0.013440296054741393	0.002339103336949391	0.012886429474717298
X940102	0.0071139240216829885	0.018631358614527208	-0.006826396263937179
X940104	-0.018654639924906954	0.0017687171410904516	0.0005368046602362448
X940108	-0.007765283400206278	-0.0035879202272956633	0.006951429261245593
X940110	0.003090859963692664	0.0480239198873175	0.005966803044998651
X940112	0.0467295038530917	-0.0018711317765883193	0.0422398474142354
X940115	-0.029261513008307954	-0.009500974887134979	-0.01973480451974937
X940120	0.0015712336409521115	-0.019717111147521147	0.0009060313508684357
X940121	0.009948556051563692	0.02606303937139512	-0.02501751355280943
X940126	-0.010185397353125741	-0.009848031308423493	-0.02105197536871124
X940127	0.0031533750729228873	0.024743220280975205	0.008654456420714022
X940129	0.010505943503642645	-0.049571550513455964	-0.0020189002218249847
X940130	0.016633408286261912	0.024774849059876255	0.037535335885383415
X940133	0.009351966500625666	-0.014064764902369908	-0.0031511944724011537
X940136	-0.01308092870303384	-0.01001599595891477	-0.0027901874173115768
X940143	-0.007704222308098186	0.016157628784922426	0.013420397174159314
X940145	0.0007090597586284199	-0.005580877652756189	-0.0037596633411158815
X940147	-0.03764426115201576	0.021789469509447535	-0.0007176849526330566
X940148	-0.00868377309457632	0.00036836954927761396	-0.01251052289854787
X940152	-0.022685379671157056	0.02841399886836167	0.007730252837086352
X940154	0.002579774914235008	-0.03884026967087384	-0.022818733164607655
X940156	-0.005306280964991162	-0.010905486884851205	-0.03398977364095776
X940158	-0.0073634069004665115	-0.005739977473403836	-0.04454643516987305
X940163	0.016692832359050794	0.010385634574288956	-0.04050424872692741
X940168	0.044373113275608014	0.0015435021923219819	-0.025739185539623528
X940174	0.08195022489276287	-0.016014766169687743	0.0590783925241253
X940176	0.008693400343301705	-0.006471915695446874	-0.026741415416755596
X940178	-0.0027895064923525725	-0.0008947089790055674	-0.0051881487264991335
X940179	0.027753147545596258	-0.0012963038398956844	0.011654078388886364
X940182	0.012727244971149307	-0.018795514810450824	-0.01409392523121603
X940184	0.04316108557908109	-0.006643059847058961	0.018192118135429407
X940185	0.02987152094413177	-0.039062160843919155	-0.04328210011572
X940186	-0.02179435264881708	-0.0013351471120597415	-0.019428827146958975
X940189	-0.010835806729757402	0.0024971435526678952	0.019287858361221905
X940193	0.008714842533349889	-0.004608436477086839	0.03024302968186908
X940203	0.011078079875573911	-0.0030207610810189466	0.008397414547556235
X940211	-0.0025856105020448	-0.008445276151805422	-0.0059106411226513556
X940213	-0.014396019893598745	0.020659611206875532	-0.02117844744187484
X940214	0.025699522060258186	0.020944641785767215	0.02080948745546777
X940217	-0.006287598083288938	-0.00655440982025487	-0.01871632321224187
X940222	0.010514300476089101	-0.00977543163394994	0.04612419518941267
X940223	0.06116669364323109	0.09790905430421633	-0.05491713268993755
X940227	0.05194047754764283	-0.03129165606464538	-0.01618342535738861
X940230	-0.03519698317076143	0.019239271205888565	0.005379397143691855
X940232	-0.01482123176411286	-0.008749263368730676	0.015771048479589787
X940233	-0.025824167216639247	0.004802680635502374	0.006015879183222822
X940237	9.298865014181637e-05	-0.015102672243079244	0.019722004992857492
X940239	0.17739996814537182	0.07998175582722018	0.11713815906950212
X940244	0.0202701838996352	0.01210091351416155	-0.00566571535102864
X940248	0.024739994619212734	-0.010684708293924532	-0.008235784877150156
X940251	0.019452571205431906	-0.03882249400087471	-0.0203685070240644
X940256	0.04158280333019545	-0.036083749108888834	-0.04184349122563387
X940259	-0.032111549908777105	-0.0012188939610766481	-0.009912155412222982
X940261	-0.002207272213829904	0.04167493850716075	0.030395681760472627
X940264	0.0036419213133166	-0.032977669759128074	-0.03510018212496543
X940270	-0.005518177926283644	-0.0050431022951652705	-0.013902727733933749
X940271	0.031086972665220675	-0.007546220598598817	-0.012133922437517219
X940278	-0.015602769918285058	0.01842142027637352	0.00620098928170502
X940281	0.03446897939231263	0.014081903925823742	0.010588510687922145
X940284	-0.015382472427166267	-0.01879815808287305	-0.03316745722610882
X940286	0.002916092999443725	-0.039925745440321306	0.03582166358082752
X940287	-0.03200182684519093	0.024265877523851145	0.006162453739411221
X940288	-0.0018461860995732228	-0.026375895146180932	-0.002642286151828817
X940291	-0.013908731500443536	0.005154588063539351	0.005223479087495836
X940297	-0.015242950077068256	-0.01402934198465275	-0.006770455714528449
X940301	0.004244821590007381	-0.016168263079977194	-0.012904816059276299
X940302	0.020146288607107165	-0.029969205634047247	0.0021363433077054143
X940303	-0.045658357331612706	0.00607979445473815	-0.021517888402185846
X940305	-0.0070117756915420125	-0.006519337160359508	0.008587358911429763
X940306	0.03581506375887632	0.021023535084782025	-0.004042392426864366
X940309	-0.014242504243713412	0.0009375583219836368	-0.0027293931937616284
X940312	0.0020641869591321842	-0.009671238064632007	0.014128351933583807
X940314	-0.0022224896704363386	-0.0018712438445659444	0.005209253147572544
X940322	0.011394278074174542	-0.0014416866585502482	0.041406965128705876
X940324	0.03673687417017064	-0.011719035833931994	0.013973416878715752
X940325	-0.04730681634214341	0.007560462320236863	0.014606962582069938
X940329	0.0447433161440747	0.03690938977700691	-0.039118259731263975
X940332	0.016150466110907223	0.02084823629622566	-0.0042829499693587845
X940335	0.032710272059388354	0.0017657681554181972	-0.04154276600914432
X940338	-0.019383220152706274	0.017775543384363556	-0.029898440408555084
X940339	-0.04343560925981539	0.011888667806055414	0.010221137471502028
X940347	-0.017753780328861248	-0.003589153189321142	-0.017419481706749482
X940349	0.002670470205189613	0.005438389976932668	-0.018904948571382023
X940351	-0.00022006321245306273	-0.001440474721572138	-0.014708540446051561
X940353	-0.02697537711476683	0.016679755219372323	0.02947764258021051
X940354	-0.0048239701425263105	0.0013485474134505631	0.006329390940051317
X940355	0.0233479576186958	0.04329273797240894	0.015066322746480149
X940364	0.006779773378158419	0.06201662353466262	-0.014384612208370139
X940368	-0.04047150020673243	0.028375863745922592	0.010069772650568846
X940374	-0.028444520202170417	0.005198858820152222	-0.0019319737586234844
X940375	0.0003210298246491047	-0.02075590627369864	-0.01759087096954494
X940379	0.005389359366267403	-0.012035075142771029	-0.004280729715623122
X940383	0.024783212690846528	0.0515303391567422	-0.008811148925722666
X940391	0.03352883974876921	-0.024496797516289033	-0.02687832853898728
X940404	-0.0017936311907349501	0.0040643111559616795	0.006663469755439049
X940411	0.017728350431864055	0.019952954825128683	0.03079271405289832
X940413	-0.004556782274251494	-0.051149144077284374	-0.021973503155876505
X940420	-0.009093018010164678	0.032090470600993716	6.1889506450388474e-06
X940443	7.216468433364777e-05	0.02811379684307609	-0.01056130003878262
X940444	0.04598491904957293	0.012154498543038962	-0.0290553765058842
X940445	-0.0012037416713704407	0.003625362649398444	-0.005687851463944006
X940450	0.017992015530044942	-0.0011492799069977573	-0.013458426115361547
X940451	0.06351246734690721	-0.02841919712101057	0.16113608954928754
X940456	0.0069327901659140545	-0.00666561670072983	0.001108237952471244
X940465	0.00565331006780935	0.0031583381960572647	0.017637808606325106
X940466	0.013775575641629206	-0.021683553562125108	-0.019631010918906424
X940474	0.022865706862752133	0.026223745367484907	0.005580884265581423
X940481	-0.005074186365691206	-0.033963839021246264	-0.0018048343279790384
X940483	0.017877148791768778	-0.0015467565097596146	0.006788506265978971
X940484	-0.03327094277297368	0.042924469623320444	0.022054460147152097
X940487	0.022495318362715767	-0.03096663195630013	-0.001269486704658415
X940488	0.08353803172557954	-0.016990613973234776	-0.007642712337163479
X940497	0.02452519156262533	0.007510105997574587	-0.017896569076341233
X940498	0.01857753990843599	0.038114108706919475	0.028260268386011006
X940501	0.004178342079735979	0.062487798786142114	-0.0158717579068426
X940506	-0.0162404473871613	0.04329657927216112	-0.03565259626960996
X940526	0.026158343158721585	0.02146203952736066	0.004068808018441463
X940529	0.12255926596865939	0.07168504267442799	-0.10268205602376962
X940532	-0.0038640318754172846	0.010303012180032137	0.015895074123770322
X940534	-0.0289818587494291	-0.016603090566484992	0.020846441527210588
X940535	0.02451530142226976	0.00048653394052257425	0.032835438062498355
X940540	-0.026024670472626233	0.009938661833753441	-0.0007906480651447328
X940547	0.01367003353622655	-0.021170135682876297	-0.020754227369794653
X940550	-0.03528044604202969	-0.006693892628838784	0.0043035556656312295
X940551	0.023862693357666866	0.011128652128425938	-0.013159878600719377
X940555	-0.015106098771623394	0.005987947182214783	-0.026538465616070324
X940558	-0.006454016920310007	-0.005540409372297446	-0.01113127505779246
X940560	-0.015622742031200301	-0.03445473582760464	-0.01573819625478289
X940562	0.029974190501409	0.0330747777281885	-0.027894450760721865
X940570	-0.05079391905188865	0.019169045365203804	0.006670471036768974
X940571	-0.05978761594918373	0.010689737871909797	-0.01036469144739518
X940580	0.003598959917402492	-0.01945543843954957	-0.02500506689336648
X940584	-0.005437100950531323	0.051559762064469175	-0.021622645995768342
X940589	0.009065530112133638	-0.002452328902379473	0.023673897384282088
X940598	-0.0054403409106503434	0.004460384257200589	-0.011750734596712645
X940602	0.09103810173455157	0.0494249234684754	-0.0757512040111264
X940606	-0.010113254525257121	0.01570667655112407	0.022593595322590445
X940612	0.01032057307572868	0.015309761293886582	-0.023245986146701064
X940623	-0.01729118197505676	0.0024131548489889202	0.0023128116329093405
X940625	-0.07757942614948768	0.05538699172298087	0.028235502202567844
X940641	0.01806476241935861	0.010311622415542163	0.010458433591573389
X940642	-0.034290981363172816	0.0040296349765271515	-9.654024003163737e-05
X940648	0.011308502595765433	-0.06006575453642998	0.0026418664839110216
X940649	0.009255413907966211	-0.012899302531229315	0.006831214665877294
X940652	0.002242783195942501	-0.015274412381660642	-0.0052556714650403335
X940662	0.0081753765642987	-0.0001785710805353795	0.01441087841018073
X940665	-0.021810259304736374	0.014492478588573564	-0.0026292064233640893
X940674	-0.00116799317539797	-0.007577754354657498	-0.003749588471362635
X940689	0.10292763014023174	0.03942560539119323	-0.07500866816659085
X940690	-0.006115695636160001	-0.026545960017773262	-0.025900453094360617
X940692	0.01388713294705498	-0.007953729820651966	0.00022446888716695846
X940696	-0.042225869170899405	-0.00513692385980627	0.0070111861861197194
X940700	-0.03457626385040439	-0.00952764679797049	-0.0401397734543278
X940714	-0.04520444560877551	0.028361418530872946	0.010496100743190294
X940721	-0.02573660286994421	0.014684620693233605	-0.008757234647437823
X940727	-0.0009483429921922752	-0.028024708275788995	-0.016277468560087043
X940748	0.029418034518216882	-0.02549936278669218	0.007449497793630339
X940756	-0.008844658140794298	0.010390707346885875	0.020796764036326538
X940761	-0.04970574359306712	0.01669658190063747	0.007455496223272758
X940763	0.004731539204087361	-0.026733428213424473	-0.013680809398578363
X940766	-0.05289902309502229	0.0021780171619130754	0.051794035710152925
X940769	0.038007094157170185	0.06088097546057601	0.005128400775797577
X940775	-0.03345652442385467	-0.001889206998844604	0.0011642960353010724
X940778	0.017684389242700767	-0.01913828435065434	-0.0017338379673994644
X940786	-0.00933210711531967	-0.011774941567658393	-0.022259894399403124
X940796	-0.01586663843570585	0.0324764142356402	0.01578975460285119
X940816	0.006243672759448065	-0.011694771738990223	-0.02577889206659376
X940819	-0.004799561328451192	0.007440334951694969	0.016544275629838096
X940820	-0.01315809536235517	-0.008004580910360461	-0.0013337277576669507
X940826	-0.029109836011012094	0.031154001679304728	0.053547143142355466
X940827	0.030690425088225844	-0.023589746726233835	-0.002486123394653672
X940833	0.0065270073819063785	-0.044438838970209615	0.017910438954951573
X940843	-0.016802040719632268	-0.0012526186172721002	0.006333769621387012
X940844	0.01763407898464157	0.020139471012892596	-0.016993529784776105
X940845	0.010828607892930676	-0.04307819240080715	-0.0037985885383229065
X940847	-0.020751559621530812	-0.031271589479930514	0.028650498375805248
X940852	-0.02676280934357456	0.030213636947993637	-0.002773689773584491
X940863	-0.01568361755383623	-0.016677717328596808	0.02361132869113811
X940871	-0.01678676749732126	0.015389688923130305	0.026271915494461923
X940875	-0.05228632820014742	-0.012505174728599232	-0.04870548406056402
X940882	0.0061732662767288666	0.00525837925358752	-0.025661837105697347
X940889	-0.012103800751972081	0.0014665393974207818	-0.010088546728783223
X940892	-0.013437491268365543	-0.04676201770578486	0.0024175485993874783
X940895	0.0004031605754889715	-0.007733769544918251	0.002732076900622631
X940907	-0.02585320531741948	-0.01679206837268971	0.028820067509037303
X940912	0.027721785815794635	0.006149768922333367	0.015962110872381727
X940917	-0.037514122912958595	0.02823852024639013	0.013539789587614936
X940925	-0.12792497379302434	0.06408075567995244	-0.0452914730491991
X940936	-0.08191985601701442	0.08402382344650175	0.016667517137546807
X940941	0.000664247044358425	-0.012593999690790057	-0.026217336748925617
X940946	0.00312184697682911	0.012539285715129894	-0.020985198697337105
X940961	0.0038115082795502817	0.004920497838821339	0.0035305936104856215
X940966	0.010660343418629658	-0.0062574969755820045	-0.004759014992618126
X940968	0.034649209274369125	-0.020432026478114228	-0.008116320237726708
X940984	0.010233586706361444	-0.0008405565777759274	0.047106347406821965
X941001	-0.05338762356910427	0.019291897598775466	-0.02600047886268165
X941014	-0.017370054791357493	0.015903228050467608	0.007555751934599481
X941019	-0.015620961608633046	-0.011613032800725424	0.020417177628781587
X941024	-0.011211678684344877	-0.0006036818206751905	0.007404318399566436
X941028	-0.013601837135203406	0.020719615058734958	0.008025812056633047
X941037	0.1294715993871954	0.08286078348607248	-0.0662914074362495
X941043	0.025933064274170935	0.014127551543753825	-0.03683645422391599
X941046	0.02092698890548776	-0.0201997791362809	-0.021193899959684646
X941049	-0.012435200812693593	0.03551644315432883	-0.00524955538785171
X941051	-0.029856083184510444	0.030729779194878914	0.01584466061306889
X941066	0.0038374267216147425	0.0133343421574731	0.020597114862158254
X941074	-0.032802231169489424	-0.00879069466814643	-0.008148300300024705
X941079	0.006303032286440327	0.003953398501316738	-0.007839531114613888
X941080	0.03846682981030564	-0.04516669040372265	0.11627125281894908
X941091	0.012415025866395854	-0.02773404287634742	-0.08421248023538902
X941095	0.02026127018094573	0.034940730601342736	-0.03314623510430752
X941106	0.024504225998096898	-0.02002475000899349	-0.00869199249701782
X941118	0.004571342913777553	0.019679248413828468	0.0061021329236245776
X941124	-0.055746401202059925	-0.02684726339472104	-0.002475849606285605
X941134	-0.017357872972369494	0.0004576785985672611	0.009393072833954083
X941144	0.028032663715550073	-0.003644072016711537	-0.021332647935218205
X941153	-0.0002877624762865922	0.006452474543242827	-0.009379593337941666
X941154	-0.014270411417640044	0.022167042076075054	0.006652277359140165
X941192	-0.03793544121226483	0.047723289688121714	0.04122865887142367
X941202	-0.016622885247689824	0.018501676129500242	0.0024268255436812242
X941204	0.021319047453362647	-0.006787575232495359	-0.024657502585307578
X941208	0.02491465055519921	0.05714259693139938	-0.03296403282121108
X941241	-0.006644945134536443	0.07830721853615384	-0.075808461399253
X941250	0.01882201023582789	-0.01582684607138972	-0.034634312554626706
X941253	-0.03204092644299851	0.01885706178419241	-0.005139676631742944
X941257	-0.05150753348313598	0.03328662949904509	0.0008350829039225298
X941259	0.021786928238132428	-0.012362014820662116	-0.01887139875657208
X941265	-0.04869568062444978	0.04585966993234325	0.014251978254455342
X941274	0.006193266417286719	0.007740660116102875	0.028784744550110156
X941308	0.023860515750603096	-0.004576144715987911	-0.017153028501361977
X941315	-0.026424920557358147	0.021582211088661592	-0.010622536282511396
X941320	-0.008017653687663977	0.006807931402667347	-0.004342145578754864
X941321	0.017612988481629607	0.006192196359557651	-0.020254169008729145
X941367	-0.012913701061476258	0.014945146700309594	-0.012728987499377661
X941373	0.0188311239549049	0.018295226161922366	0.01272101022229092
X941384	0.03822690913606383	0.007385613096081597	0.015119613101966162
X941385	0.014639890269187389	-0.001698914595524587	0.021931191569576226
X941392	0.02366964350871348	-0.07106743287088844	-0.00470681065796078
X941398	-0.04341468531993134	0.04226549820337227	0.08031559999927709
X941404	-0.010052242700552086	0.007159925936160265	0.01853285968676763
X941408	0.012921309087847945	-0.014263728129383495	-0.0215107832186916
X941422	0.008801082927253422	-0.008564877469718095	-0.026362076525817082
X941439	-0.007471426897219454	0.016464865358797525	0.0026871253668773183
X941445	0.07446488570875241	-0.0011239667607002325	-0.0059309841354940355
X941454	-0.0036720719966998735	0.007779268903940407	-0.0066540776700701664
X941460	-0.01155926993121882	0.03219708846799657	-0.01612946779737323
X941462	0.04593619200635035	0.013328321168017264	-0.009117323892192832
X941464	0.007251060850613887	0.003834876694660316	-0.0020376011580327848
X941503	-0.016580020950392155	0.025070075732873183	-0.014769188665938003
X941519	-0.00160432433317383	-0.0017470095388360477	0.008362208436534459
X941530	-0.03770901424241189	0.032734637261140634	0.004146674805314339
X941547	-0.003987521019697187	-0.012704316202984458	-0.009387255433209512
X941582	0.06477955893679502	0.004008258773542928	-0.04810243609082469
X941617	0.012694479593028638	-0.009021709293035638	-0.008488120155450784
X941623	0.02225338942694583	-0.010488075666399865	-0.02211819299422014
X941624	0.004323084934718658	0.0016921995776356669	-0.008688744399837814
X941639	-0.04586559647024424	0.01682455262054458	0.011905502149348105
X941680	-0.013647678613358876	-0.030988641705688977	0.011373764836566578
X941684	-0.0498535619850046	0.004142242441461753	-0.004107715202231388
X941709	-0.010947613576312598	-0.044763094324461856	-0.03611529123171564
X941714	0.03378728224791088	0.010413296718079772	-0.07181165154088301
X941715	-0.019748519882487398	-0.013372100104829943	0.003917399512185321
X941738	0.003767236809297814	0.013189498986963054	0.014482866458839854
X941759	-0.010741438708407654	0.013189619190168624	-0.027750963136048745
X941772	-0.04317754331909647	0.04156771314178316	-0.05772493971229778
X941774	0.0013047344087175517	-0.020380965126903784	-0.03732304649504309
X941807	-0.0012985647233679629	-0.053481774224226224	-0.013069201835885367
X941813	-0.06960496256393742	0.035341425156445075	-0.020799218604052254
X941817	0.00401406625290187	-0.03818224446122084	-0.01116073290871939
X941887	0.017456217006024857	0.018674728255268523	0.00863603337156969
X941902	0.03135563316329006	-0.013890076869546563	0.01663569512330344
X942011	0.012330578722699987	-0.0016082413674641887	0.012060914919014808
X942026	0.034906647816124896	0.010085724097300663	0.03582515529793833
X942039	-0.006445749600227698	-0.007937883256034409	-0.011411327938526335
X942075	-0.023193143310045274	0.012585496139801923	0.007253345682884278
X942094	-0.010907623253762528	-0.012427403854254171	-0.009437935027903119
X942128	-0.005172679365560464	0.003601385448509396	0.013221030031201486
X942191	0.03060243168370075	-0.050631321152142375	0.04075590693336998
X942237	-0.007481193018099831	-0.0045215009243596525	-0.05526883961776431
X942303	0.04068471880545382	-0.024537635428882425	-0.027144915328133762
X942319	-0.06944107401724085	0.07644539396435027	-0.006295329619358207
X942359	0.004471157779292214	-0.017964780391877443	0.008694147907676432
X942398	-0.011480155539988423	-0.0027745750610300617	-0.01895410972128343
X942402	0.017873992503896482	-0.05628696958333676	0.02531677254204108
X942429	0.031433758248215066	-0.019289402834528964	0.021824280755438855
X942467	0.03054344504128784	0.02862709157845043	-0.006078041967229136
X942487	-0.022801898262567778	0.01008013018334204	0.003619171046438999
X942489	-0.012311049964829901	0.018601491058759512	-0.006581879790588577
X942490	0.03697714809226608	0.00730109310682216	-0.03215763627371967
X942504	0.009527644115014855	-0.009980467019645516	-0.006666959510058642
X950002	0.024565045556531613	-0.002712174818771283	0.0019305549322514227
X950003	0.028559290461866095	0.01930230885795699	0.020664444687851453
X950005	0.008269290701897249	-0.002269817053233182	-0.005766076048597508
X950006	0.004683042854988958	0.012422791499037614	0.003209690258934256
X950007	-0.007670098627889404	-0.09272577305450438	-0.019684048793688194
X950008	-0.0025185360132473013	-0.016646366116683537	0.022638017450931903
X950010	0.010040334338436202	-0.01009864733266223	-0.022173682029343077
X950012	-0.03210035585402666	-0.057862634761957715	0.0012806971421610602
X950015	-0.001972864618507967	-0.007629026961658152	0.007441916211029939
X950016	0.007849408680831916	-0.011724709210492557	-0.009782470669706366
X950017	-0.006295872581968504	-0.001907740213440992	-0.00634729388839864
X950018	-0.004810807223058291	-0.010291755919859103	-0.008284115725939173
X950020	-0.010329304778532182	0.0004633751278461919	0.007697300401124748
X950023	-0.015627021841875078	-0.009629466518867584	0.019369517677013268
X950027	-0.005863313605457401	-0.0018661801221432365	0.007463264432544185
X950028	0.007608876118818705	-0.03137668592885144	0.04209720462301054
X950032	0.006361955156933236	0.007384620761609607	0.012986378935196921
X950034	0.011447006395218154	-0.005741722323723212	-0.00684837298390936
X950035	-0.0122474510836593	-0.007326493844776147	-0.015161566745206053
X950036	0.01247856332029473	-0.006859199300225816	-0.0031592982746942166
X950037	0.0017338995572015283	-0.015364878684914155	0.0027364144118834917
X950040	0.0035251907415850283	0.007573875010125155	0.016233693819200822
X950041	0.0011894651612531007	-0.005482755637300803	-0.004894259100814537
X950042	0.007533468827841538	-0.019103366053247393	-0.003671771640611214
X950044	0.002840166830747149	-0.0006576146645189178	0.023509672961420706
X950045	0.0009324306795170504	-0.005087835641462004	0.007146956108250058
X950046	-0.012453355622672694	-0.012025299273278549	0.0038787385626337574
X950048	0.019828604740472957	0.008922911686350584	0.010744368022905513
X950052	0.011735401073119912	-0.02452669009344587	0.02390992132187713
X950053	0.007700845645457743	0.0038938198726299823	0.026012770479764868
X950054	-0.004105969792455758	-0.00974713974931372	-0.0076764634956486616
X950055	0.013044743823822686	0.013296679103918008	0.011675476272719
X950056	0.002689004516949857	-0.013291427543085366	0.058085954702535594
X950058	0.04764032755814311	0.023208055717835043	-0.06064721844485491
X950061	0.0021542894670267517	-0.008633373303222183	0.019762345287926704
X950065	0.006806717715240743	0.01197577501279453	0.009127507261045777
X950069	-0.011255663572849454	-0.00988084560622151	0.002750251607742993
X950070	0.004716306481937284	0.008210665388791822	-0.010264790484506379
X950071	-0.004380918691699859	0.002965451256684719	0.020368179803760468
X950073	-0.008709846305306138	-0.05650598683649569	-0.02393000745799543
X950074	0.003048385868718223	-0.00468221853815859	-0.0054940671231566585
X950077	-0.009697404424295446	0.008495978319360943	0.009724310547907901
X950078	0.005508894717346364	0.0027496803072021383	0.016078245832739042
X950079	0.004364620471180162	0.004291790281229521	-0.0018161543741018527
X950080	0.014946588193451111	0.00759184482809597	0.022968435126548045
X950083	-0.0373838797859389	0.0024458013524331803	-0.012008787157020705
X950085	0.0005783204973410161	0.0030475468188596775	0.003458068491527595
X950086	0.00816212327744741	0.002473028089902891	0.012020712469762935
X950088	0.013906378995470434	0.007292731437454269	0.0052620307289223504
X950089	0.00011330252140740104	-0.029909741100691865	-0.020137882720111674
X950091	0.016161588061920973	0.011795150183059452	0.009538345977123625
X950094	0.08099143732283273	-0.005003887121375504	-0.038715317845479456
X950095	0.047452536254078324	0.02792953248558142	0.007869718773467349
X950096	0.0010950882316112392	-0.0003551424927360338	0.0036004918580385577
X950099	0.03274792380054687	0.03496505645785535	0.08166827715761096
X950101	0.02176302622849129	-0.00435760821208724	0.004913172420061039
X950102	-0.025075244867764915	0.025458632640047524	0.012254984516256295
X950105	0.0015360074261562115	-0.023043332374700982	0.00040424431712522593
X950110	0.020332335441536634	0.004091394094001326	0.020910721024920472
X950112	0.015024687866983718	0.00553214222200815	0.0027647279782786966
X950117	-0.0005328479119051296	-0.015533239283322169	-0.005208554204996885
X950119	-0.0007091318575592528	-0.007448891089073421	-0.014391967615311122
X950121	-0.019419309349526504	-0.00321975757630642	0.004151782181824243
X950123	0.03762656229347932	0.052389229367716186	0.008779628949272306
X950125	-0.017342215981412588	-0.0076156609072395055	-0.016045976750589355
X950126	-0.01507394493434817	-0.016600800141320333	-0.012224013757457864
X950127	0.03890206759542109	0.013330898145702295	-0.006769886516174931
X950130	0.020242528533662624	0.004348568534946377	0.000155172574519495
X950132	0.010411069238487735	0.00034913885607026945	-0.010764481283732606
X950135	0.023569743732870563	-0.013238923247813792	0.00489192952792249
X950136	-0.004808626066950116	0.03970783115438124	0.02524046572559988
X950137	-0.021309045384027697	-0.008636418128944433	-0.013642692535600503
X950138	-0.008559060197598185	-0.0031517234758980184	-0.002380229199122603
X950139	0.0011497155474175208	-0.028984628794827626	0.02311023026565181
X950141	-0.007606300740992227	-0.022242546543030275	0.018990624676912145
X950142	0.024372704082930692	0.01741196624215995	-0.00950914465201522
X950143	-0.022902221234541664	-0.010287916709330446	-0.00890019468097868
X950145	-0.011677891125402943	0.010431405618135851	0.012801284025421081
X950146	-0.0054621098969226175	-0.006098876146974105	-0.006537806706326269
X950147	0.01902325907736796	0.014788709323833062	-0.022577405150154894
X950148	0.04177971327304126	0.020571729409002502	-0.010870053075549994
X950149	-0.0007963799870197124	-0.0022866208442723908	0.026324917222560872
X950154	0.0010507187427952255	-0.0029039589584674923	0.006263935704881334
X950155	-0.01661822441658348	-0.010387113115945505	-0.00882943535214807
X950157	-0.0019296497631370727	-0.06367246883181922	-0.0012804755431652108
X950158	-0.0026421695073350782	-0.004623958545034408	0.0021690101081306844
X950162	0.003675757809763606	-0.007747742213178913	-0.015583854798422263
X950164	0.008962708883398807	0.00041567317993011267	0.011766920864524756
X950167	0.01770732771465554	0.03406466419532287	0.02078863768672588
X950169	0.0032710665179223803	0.0016026080323695384	0.021187657976519704
X950173	0.014765736728589334	-0.0417475435609088	0.04370766854528512
X950176	0.006690521045636528	-0.0003554461090697342	0.003408558686562478
X950179	0.023070249288518644	0.035762619485509545	0.040680005216532346
X950182	0.0040429882330513915	0.004469148352263668	0.004699745369608519
X950183	0.003472036295387101	-0.021781891245933892	-0.03550920221345579
X950186	-0.0025884158906596586	-0.03190169026327089	-0.005480648108087997
X950187	0.004252079622357419	-0.004599461515082163	0.0012387087991710892
X950189	0.0341451210061758	0.006830315284351397	-0.0031420788969580182
X950190	-0.0007695186574174354	0.005377336830605086	-0.029932603265085265
X950191	-0.0033956278980491173	0.0004938392959953758	0.00898056545682451
X950192	0.036889396927301366	-0.029528931850692913	0.03274596803264451
X950193	-0.004354281357866192	0.00996800158832786	0.04813788368745058
X950196	-0.011029885142991332	-0.021048933339461	0.0023910649754563273
X950198	0.005960084799816622	0.006357147877736866	-0.008667327618369735
X950200	0.002466027335731604	-0.0006577675661897633	0.021513191627895712
X950201	-0.013678523745052724	0.004703864271784978	0.006859345723963207
X950202	-0.0007322774203619538	-0.0007976055764580524	0.010169948854195504
X950209	0.005630540876973427	-0.0019282436919970836	0.0029924508547454092
X950212	0.006826958697741137	0.023221939377005014	-0.019752109133026465
X950214	-0.005964931206376875	0.009613723809329597	0.004842734562878724
X950217	0.013151368092521074	-0.012459251915056294	-0.010754691453792709
X950218	0.007765350187176646	-0.008748715262852909	-0.001851403943068401
X950219	0.009053342367727335	-0.0022592779339151736	0.017709282044829567
X950220	0.01315275201662928	0.010221913699796796	0.01608188739136347
X950223	-0.0017503531078273083	0.03072549524976086	0.006812727121394517
X950225	0.013776838407826245	-0.04234075913117065	0.026710184284887143
X950226	0.0005306713736298528	-0.012600192350049859	-0.013767223487308182
X950228	0.02030231699028143	-0.01867556971832872	0.011403770602870542
X950231	-0.0029865407421006416	-0.023489274613599377	0.0008273410297165758
X950233	0.00688473670377095	0.002885559878952276	0.0039885224386612085
X950241	-0.011981862052877143	-0.0010313133329270753	-0.007442031534667196
X950242	-0.020354028938791856	0.021101360100922156	0.00409870009631822
X950245	0.021536237675062096	0.004416496871754242	0.013870300829796492
X950247	0.007863409157869624	0.007296101171645903	0.010265489216675435
X950248	0.005956632983139449	-0.0012988237044913378	-0.007693659218666921
X950249	0.02514152452109841	0.016074297759389452	0.004268772786159373
X950250	0.007329184970625412	-0.023021259876842018	0.04816105104926214
X950251	0.014895287050949913	-0.0066865848156026884	0.005020449643572707
X950252	-0.0281396580647706	-0.0013254787333653304	0.0065248649813594226
X950254	-0.026393103673421858	-0.013646620675237649	-0.0007406793742047131
X950256	0.01877124149003648	-0.001826812620932605	-0.014979306865555039
X950259	0.00021158804588976	0.008513184126562528	-0.006355039355325323
X950260	0.0078337281060135	0.007806202692758123	0.0022192359923027885
X950262	0.017716735419679983	-0.04785024232004877	0.04643550866245887
X950264	-0.0023499244589718243	-0.019664515470058132	-0.0063007538087580285
X950267	-0.003409526461031832	-0.012685276716045734	-0.0002776669822154759
X950268	0.00485088619509902	-0.018458033946866518	0.0013442010980268591
X950270	-0.005519445748318709	-0.00925226454942093	0.008631663431380398
X950271	-0.015541435754853785	-0.009411616389096805	-0.005228928784466975
X950274	0.008228569066239493	-0.004942357406519148	0.02068408597653696
X950275	-0.03418812483081373	0.044457643892090844	0.04655773477868261
X950279	-0.02491427871099515	0.036272166125195134	0.014119677772833421
X950280	-0.016449205320593532	0.01022949934544383	0.003929820148095963
X950281	-0.02753804895164834	0.0023771950632970095	0.0058236398909429525
X950283	-0.0024593880052356525	-0.014272962599201643	-0.00774467602673147
X950285	0.007227312151126304	-0.007454557232968655	0.0043160322260454706
X950287	-0.018079650144201896	-0.002257887466705504	-0.011702403924412675
X950288	0.01777534085000368	0.005512757124847492	0.021058242856668692
X950296	0.015893947257474526	0.0006571527159670671	0.009692504732650027
X950297	0.02645425689908715	0.010845982014250933	0.02061267510713207
X950300	0.0062530949237342	-0.01808837681221081	0.012748060980642208
X950302	0.025470302974126453	0.0065065990670878674	0.01916402294238373
X950304	0.008260863659312863	0.00010000020131105415	-0.020017042912892802
X950305	0.0066692050178687404	-0.02103693298278247	-0.009984410423544277
X950306	-0.0041772811730334865	-0.015337133019089745	0.0015622046051946834
X950313	0.018345038006921544	-0.009074614734924286	-0.002009451754333491
X950314	-0.0012597475910179682	0.013925349263549611	-0.006180076559008295
X950316	-0.01522009717124171	0.013905526739268564	-0.0030229885295438704
X950319	0.006711801235162236	-0.005123972945009899	-0.009179008704650132
X950321	-0.033437869064221845	0.009931607687896433	0.0047627081619223514
X950322	0.018126314701881863	-0.004532651410595539	-0.016579527974497556
X950329	0.027594195176112404	0.008027224876394219	0.027623001704643987
X950330	-0.018806105739041692	-0.004865032347393012	0.0022960063962902794
X950331	0.003663576901740693	-0.010124298359903368	0.019288731759523378
X950333	-0.030408481498630523	0.00541887873423949	-0.008672304954469074
X950340	0.024064529557514158	-0.019641077944039464	0.001685342095334127
X950343	-0.003263087344395525	0.01030999750107987	0.005552255455211453
X950345	-0.03495223688442425	0.025814113456666062	0.015054483778542804
X950348	-0.006828556152146634	-0.012123139563698657	-0.02277310421256009
X950353	-0.006617885154455339	-0.001816110391635757	0.011909788880820242
X950355	-0.012319753703097678	-0.003750163215149151	0.009262321290259504
X950356	-0.0013722430400981663	0.029782400068525228	-0.014825704706037631
X950358	0.030740074863580734	0.022824159696773635	0.016374350392518392
X950359	-0.006128022333444386	-0.012944541929571047	0.0024680318419868074
X950360	-0.014171893039398458	-0.005630098830783234	-0.0034816317352228876
X950361	0.0017595784648701733	-0.010617469951087801	0.005921536355005471
X950375	0.013911416976383829	0.015109589341175766	-0.001272811089609343
X950383	0.005086526974712366	-0.02684480914444009	-0.0009434512017221603
X950389	-0.02879190015802094	0.024850236628346168	0.013799249642002352
X950390	-0.021340516814038896	0.006953850313446875	-0.0019728117262569544
X950391	0.00450170512363748	0.0016704105787053347	0.014527915614796653
X950392	0.0005216741912457445	-0.011341201877870686	-0.007067688568697819
X950396	0.024370177901518034	-0.05387601509198806	0.0475528438683695
X950400	-0.004653813208795513	-0.01753894878613106	-0.0032056870876163634
X950402	-0.002902432005718402	-0.01285877677127326	0.01122427200962537
X950406	-0.0034597962308672054	-0.05183970119497698	-0.17945368475841272
X950409	0.00514989421550711	-0.015159885129912948	-0.01978062305224076
X950410	0.01256254871400909	0.023351602115457924	-0.006014294465710183
X950415	0.06287523685680159	0.06064511751324749	0.10831110963703361
X950417	0.006262231201265841	-0.009996869015346884	-0.0025483767963586294
X950422	-0.01235879901619453	0.017434783713702412	-0.014030274971870003
X950425	0.012716494152570205	-0.005593357554756503	-0.011675379309236398
X950428	0.024916244444546962	-0.009634575786691092	-0.03854494103760774
X950430	-0.0257537428322168	-0.006718760752177096	-0.00025063077633449816
X950432	0.008600849201947916	0.00155974559479421	0.016532272995297248
X950434	-0.006589078669834405	0.006001189084084412	0.0037033148645961014
X950439	0.0018887934218650997	-0.006686369158837488	0.007798707490764565
X950449	-0.020950639302992315	0.024457647070864997	0.005220221836425573
X950466	-0.016386811422868835	0.0013560121846725086	0.0012327334217054067
X950474	0.019635063800597326	0.011806546492397185	0.0006737169717284892
X950477	-0.04451728714148743	0.021243758137910147	-0.0081267048812708
X950478	0.00019432293323376918	0.001133943246961602	0.003535186267185352
X950483	-0.007065244012885407	0.016479515495341258	-0.0011884034458717859
X950484	-0.029511501850545196	0.00047920887602593914	-0.009189161912285432
X950485	-0.004567551209121139	-0.08307182742706958	0.04555657483244525
X950490	-0.019594311225201003	-0.004306852819939451	-0.0005384357354482371
X950491	-0.006120354970535766	-0.010545615101025672	-0.00223410096093523
X950503	-0.002885632872795997	-0.0071653841061610265	-0.007590016423626343
X950504	0.002230635549632982	-0.01617414029499338	-0.003962581902867037
X950509	0.013086662125526005	0.0015546693670870507	0.00111674784246442
X950512	-0.02099992257042198	-0.0009504605123925471	-0.001579730624649282
X950513	0.00021029906167201957	-0.0014216373388626154	-0.0033194907243277033
X950516	0.013680375085881734	-0.007842034399275721	0.009150818235301523
X950517	-0.0028468918439441106	0.02648107251587893	0.0031113849320429294
X950521	-0.03682281776681711	0.01224744742275436	0.013067151462159554
X950525	0.002258384070345191	-0.005498076991431227	0.0045816845818777326
X950528	-0.007031946684648669	-0.011911259130311345	0.004511709908477534
X950535	-0.011419553092827304	0.016845254780661584	0.011512230378490017
X950536	0.00635121773682413	-0.01289876989756321	-0.013494224265947402
X950545	-0.017873056591489207	-0.004518819046599911	-0.0035586349959406526
X950548	-0.01565920631337789	-0.025347728158924276	0.0032127712120179944
X950550	0.006150335149647967	-0.012973645315816228	-0.012193803338003578
X950554	0.021550580527945246	0.0299041785683931	0.002366923433825942
X950557	-0.008590433769531045	-0.014027898755824627	-8.393582122248562e-05
X950559	-0.004364837895382789	0.005360775190967681	0.01071651849345536
X950563	-0.004743176351972498	-0.0017339822068432092	0.0073683035078818135
X950564	-0.023210744389227957	0.0055862395537456255	0.0036038719740360704
X950570	-0.024663505771580007	-0.00204883649410712	0.0025304617809891513
X950571	0.03936436795550527	0.003969667629079741	0.07450997578479991
X950572	0.004285419457269924	-0.010381814225315597	0.007842577852779701
X950577	0.007462921265893463	0.0008472746451123525	-0.00407391659723936
X950579	-0.004902823746710225	-0.004817352443090978	0.014954251334636034
X950584	-0.11777804650397128	0.06294428422662098	-0.033286448813384224
X950592	-0.0071427473458849245	-0.0006834112929543453	0.00412202986252331
X950593	0.006719277052725302	-0.003417524656095544	0.002807949838106722
X950594	-0.006251230228024416	-0.02361622062959392	-0.019479693192230703
X950598	-0.007475404246662619	-0.008754696963372227	-0.0038347918566782793
X950602	0.0032660801696691574	-0.0003191318728457909	-0.013571823748222696
X950606	0.017265107683428434	0.02416577969167152	-0.00404317158659706
X950607	-0.04387612465934296	0.005336308584306003	0.020496792879546016
X950611	0.006817633601775596	-0.02172205295283346	-0.00678077694774685
X950613	0.007851951973560934	-0.021559246668079145	-0.01167405185866745
X950618	-0.00044742464629922034	-0.009911475566346252	0.021635223859226747
X950632	0.0014516584811690484	0.0016026233571413975	-0.006225039852693247
X950633	0.037304230158886835	0.04398851444132542	-0.03986448713756014
X950637	-0.0017950364110817557	-0.01732293668138277	-0.002047273767378686
X950638	0.011697380725764556	-0.019135580084135056	-0.01686192874126113
X950641	0.007978039731140408	-0.019245257687298255	-0.02354677766713211
X950642	0.008279321782786894	0.0038568341618924144	0.0015923067680126545
X950645	-0.020117970369952207	0.006915924955213815	0.0038437549163113957
X950649	-0.0026754821526947217	0.003425185907750304	0.026261606178630048
X950653	0.008812044171329438	-0.007762120518112175	0.0010048149773228268
X950655	-0.020021794301797746	-0.0025701079219995894	0.008024462828897821
X950657	-0.0252401546100669	0.0015642509038396152	-0.009751061961884508
X950661	-0.1400983617388571	0.08148888918148188	-0.06747081710162094
X950662	0.00690410861578218	0.038314381420193167	-0.02378487421214346
X950665	-0.015498986045969814	0.014279470070051726	0.010315550758300733
X950668	0.006654932855631057	0.012296308859723864	-0.006096579399183812
X950675	-0.002765122364834818	0.009231174523668903	0.005792535056301958
X950677	-0.008592197059107522	0.00354543028278599	0.004732261033963117
X950680	0.0007495596258868513	-0.0061903090070831125	0.02727299321697194
X950687	-0.034922358550389776	0.03034529854516607	0.021474891287694517
X950693	-0.020929870622820174	-0.0021812490915541845	0.0007768202617272268
X950695	-0.0017840118389201	-0.005780061091261458	0.006608857231860141
X950696	0.012238055336745853	-0.008072692926279245	-9.661105449806267e-05
X950705	-0.00976365646402267	0.013438164343797849	0.0009415958279692138
X950714	0.035016542231708546	0.039145229378517644	0.00017368609483335245
X950726	-0.005434391880908724	-0.09532023466174494	-0.015318547542600099
X950728	-0.020298389222303485	0.052533822004861605	-0.03113948026135732
X950732	-0.00209909051005575	0.0016168581205241728	-0.011945837689850773
X950736	-0.0323803005828935	-0.0105484397832422	0.006962257868202769
X950746	-0.018307364980401523	0.013705442022937452	0.0025544806425245817
X950747	-0.011316993817435844	-0.013853591065599243	-0.005841422320023792
X950752	-0.021148878240065987	-0.008082184830415336	0.0031595096747849966
X950757	0.03852261738460836	-0.0007757180188112185	0.009822892002365042
X950758	-0.014822017885488783	0.0021128897226942865	0.004605073948732301
X950759	-0.002830246253430432	-0.006899573406974444	-0.019066444396599845
X950766	-0.008478810200866915	-0.002077611726347179	-0.0005821230563298251
X950769	0.0323583178719333	0.019518965943638732	0.02738334153581005
X950782	0.012472615449959777	0.011661054900805675	0.0012631968467476755
X950784	-0.01588732171601113	-0.0044251922944354635	0.00039883894389411813
X950789	0.010037040813654577	-0.007415307388839277	-0.0065967925125929435
X950796	-0.018254054467905772	-0.01665296454955074	-0.008449372657416816
X950798	0.007849679534740184	-0.023280933853136867	-0.011520579461729262
X950799	-0.028142337421309265	0.0012400477700353631	0.01370344827885735
X950803	0.0015638866883918995	-0.02618953705912766	-0.00638643100784005
X950804	0.006970555959396363	-0.014460209622760489	-0.004594854763020082
X950809	-0.006003502204076809	-0.013801520003061169	-0.008062016814897042
X950810	0.009668092876472923	0.002657432809220486	-0.019842095338331325
X950813	-0.028748856641414668	-0.001801780239963743	-0.021566091312407325
X950816	-0.005544701929272132	0.0333624912924652	0.042287103354891824
X950827	-0.008936178171791709	-0.028072826446852845	0.021541525855068203
X950838	-0.01662917276683095	-0.013279559941349498	-0.004560829049933366
X950841	0.002826592233608487	-0.016698677797615333	-0.013256781915002054
X950845	0.008682531798072941	-0.013882395154535048	-0.04436133577080264
X950846	0.008906074603024451	0.009128908453176434	0.004982590736950534
X950851	-0.06610527356182731	0.010356285299937856	-0.002986258142084064
X950859	-0.025489433177211362	0.026278502629548985	0.005701326223533934
X950860	0.02299166257427371	-0.02183491548409292	0.020529400650196435
X950869	0.006565484718098722	0.005564295560498674	0.010787490380966857
X950873	-0.0012859709866174548	0.005732038961530975	-0.003404851915287891
X950900	-0.007978485794936945	0.024708258978912025	0.016347054237767833
X950904	0.01360819778959505	-0.008988514531592077	-0.012368053481210901
X950906	0.013695598191807904	0.02233477546008274	0.01409381364645594
X950911	0.003137114575367925	-0.023665593906581798	-0.01627200138680053
X950914	0.007657657309830426	0.0025620962836058678	0.031461390906743894
X950921	0.031824982190762165	0.03751431871372424	-0.020572254093619003
X950925	-0.0007334740106412893	-0.04053328693272502	-0.011194060098441238
X950926	-0.04224683318132753	0.029407172874471803	0.026138135340822027
X950929	0.011475986510555631	0.01195019483450441	0.00841837876425217
X950963	0.019055568297303965	-0.005379232684469523	-0.010737990783098521
X950966	-0.017216975868810505	0.0033402407929192	-0.01660932104258423
X950968	-0.00900562893738012	-0.04085900382020431	-0.014263833604646864
X950987	-0.021011525854908012	0.006874293156064887	0.004852323913599336
X950995	0.03689792701712847	0.012731878868535247	-0.0008605796305180119
X950996	0.006720977331551203	0.002328964048250548	0.0012542953265223095
X950999	-0.010157108415696085	-0.028037462565017834	0.01588852767376994
X951002	0.0012812483755160278	0.008442971246654742	0.014061264128862154
X951018	-0.005174160356200824	0.025462628039840136	-0.00363564224846583
X951019	0.029999466945206495	-0.028569422513797134	-0.03284283256561038
X951027	-0.012334042053654402	-0.016919318600374194	-0.01155606097675301
X951030	-0.009764152502276701	-0.0217461550387044	0.011595471972857457
X951041	0.0038285796636764735	-0.007626438511464334	-0.021371321884421864
X951051	0.016924644291722565	0.013207239763076884	0.0011868866970470486
X951054	-0.004619379327973248	-0.0013555796298404523	-0.0015683758981562324
X951055	-0.0068974966021013995	0.0009278741407800902	0.003926694358949753
X951067	-0.0038285235913974943	-0.00640089491911131	-0.0002008992452069534
X951071	0.0033099955746739634	-0.01247379080504363	-0.01353056849395796
X951083	0.01604210569469152	0.01238699273524799	0.0024309371645160668
X951085	0.03646474378768434	0.0008378045649282041	0.020479205162066822
X951115	-0.00909545276485332	0.0002111928024127603	0.00012744089185392043
X951141	-0.009518300130852725	0.04296889740153808	-0.003446110892309792
X951144	-0.015237036684542347	0.027361895577475488	0.034593459353536304
X951150	0.026823430600524494	0.00869234271516772	-0.0051835169248514905
X951151	0.019700195609188748	0.004545853529487351	0.019312500100160262
X951154	-0.0033565968110550325	-0.006080708818954501	-0.02184572482756777
X951156	-0.00652952416427048	-0.010477417947570688	-0.006709461841680352
X951162	0.007242185033947641	0.003414420913660405	-0.0093166167131246
X951171	-0.007651897332637242	0.0010749706743314663	-0.01848318215373235
X951174	0.018283187611153315	0.015655570624872845	0.0082369035860537
X951242	-0.015593594223746387	-0.006716847299274438	-0.0006806124767941557
X951273	-0.016707469134227597	0.0021651275576916157	-0.0172219354899281
X951284	-0.008953347890191829	-0.0049432759686581056	0.0012676768969336477
X951317	-0.014264380145961736	-0.017616664077858505	-0.01573864801771712
X951318	-0.03189504920974789	0.002651326929792193	-0.0018135133238103784
X951322	-0.020823475360623133	-0.0107089305346689	0.0029115738208581685
X951337	-0.024880677362741077	0.007733436111018176	0.007180152202987798
X951365	0.020103974032750195	-0.023497863555072534	0.0266552493456942
X951409	0.02787137379953849	0.00883317232283148	0.0329930945662781
X951429	0.00168295396480132	-0.013997641297413545	0.0147762316984505
X951457	0.00029196121487495087	-0.01567834057785292	-0.005786400721647111
X960001	0.03436842704942601	0.0069022452974232705	0.016461214720710205
X960003	-0.0060855198130869165	0.003066873640714042	-0.026498615469703987
X960004	0.012048257946899196	0.0048760282544723565	0.03943634922046281
X960005	-0.006762709783146011	0.007207091989140045	-0.012283146966982404
X960009	0.018918757774000445	0.0043849389506434265	-0.04232053741523763
X960012	-0.0216832680023552	0.0052898232534251905	0.00272692371701003
X960016	-0.019949537381824558	0.02677585886718897	-0.0052038341986291245
X960018	-0.035069548069491405	-0.022182314418640083	-0.008435107790233895
X960019	0.0411294959826501	-0.014605422358769944	0.06950356488091261
X960020	-0.024777445121522922	0.03259029902351167	-0.003315146334755922
X960021	0.03691921962819474	-0.022981695755860086	-0.010707161906372836
X960022	0.0004847589621492169	-0.003746206050862117	-0.006227820447915779
X960023	-0.005515240548200649	-0.04717717416513369	0.00860953483538961
X960025	-0.01284408036549741	0.016439852456680663	0.02159042304072246
X960026	-0.024664934547600905	-0.01881279936853648	-0.012598220683753833
X960027	-0.015856091476267504	-0.012848616634464365	0.01162769799291195
X960028	0.035405083131642257	-0.033088947266921735	0.032996669577893704
X960029	-0.011762806909781019	-0.006983992348681933	-0.012458915206968403
X960030	0.016189523947305624	0.0038683485758974493	-0.03251540467608985
X960033	0.023062954841958916	0.013039835077772297	0.011175869438204302
X960035	-0.019015920890630325	0.0026581962103629717	0.005814170464705067
X960037	-0.012047701837743266	-0.04673495191921672	-0.003872690756685319
X960039	0.003371756714658702	-0.00089488095902711	-0.00929210545128838
X960040	-0.02758904571883763	0.03688743708420973	-0.0073890685355135965
X960044	0.008076863036769936	0.018772927542770667	0.012695205116574647
X960046	-0.08335419483470763	-0.03496116451025345	0.038966991384001934
X960048	-0.0370804339484178	0.022046948734630156	-0.06440048194822169
X960049	0.013031484744341685	0.03689982531026264	0.013506894577954493
X960050	0.03392279269722709	-0.011024244839007153	0.0077146809629981
X960051	0.013049625084543133	-0.021799186730778047	-0.012049999303617234
X960055	0.008069385135779551	0.017162355575838856	0.013972632777266158
X960058	-0.02661201689017924	0.010106701022772457	0.010854703425748376
X960059	0.011314870802792303	0.028077265662940762	0.03336760308098405
X960061	0.04049838857042209	0.028353795275788882	0.00011825373562913517
X960064	-0.009552709155935613	-0.010122326730581166	-0.001428727571396483
X960069	-0.007092818254365164	-0.01797412304063462	-0.014012964052293034
X960070	-0.01001335657772077	0.011446669504677735	0.000641025044193426
X960071	0.016115650690906737	0.00462934594335941	0.007716934679187278
X960072	0.028690996888336914	0.020311562660822548	0.010148313146857872
X960073	-0.010044916633882697	-0.026209869237764145	-0.009038607836114675
X960074	0.008786064607911185	0.035403792190793516	0.01906893485010223
X960083	-0.006703999387250068	0.0005551017686004007	-0.0004983691782899787
X960086	-0.0574098591877112	0.05918319453594798	0.06346162131956226
X960090	0.01933654537072206	0.010257384059306117	-0.00018085072235363947
X960091	-0.027318678948142404	-0.009875429187829717	-0.009016354825148464
X960092	0.03399556774340949	0.01896272732458941	0.0063924989798156764
X960093	-0.02402731208199473	0.008472681344808483	-0.0174804366688269
X960096	0.010526253998260295	0.04160462355824292	0.026120954927857994
X960097	0.007452393427304006	-0.0009510100679253108	0.008456335738460203
X960098	-0.0032411067491591415	-0.0009788658459807308	0.004268366072281795
X960099	-0.005758723754730297	-0.004298864920047565	-0.013287886806880856
X960102	0.01385566158123099	0.016840882951679684	-0.004161991288128885
X960104	0.030941445211224227	-0.0013610719756272794	0.008850754321203625
X960106	-0.012312734700875247	-0.0027392144840877077	0.005749355525975522
X960108	0.005540328821644052	-0.0021337095485746455	-0.008343892991948055
X960112	0.02646750443679674	-0.016010101543117737	0.0554773459608126
X960113	0.01995104058617046	0.020281769791330163	0.01195846581277309
X960114	-0.016027184768820816	-0.0016190199359491697	0.019440161468665836
X960115	-0.0032982278500089737	0.005574219688728107	0.018746594471104827
X960118	-0.002999447304592529	-0.07802436094970187	-0.018208520108982842
X960120	0.00034606714096850806	0.0041103964174085605	-0.0010741006163591431
X960122	0.044507016499299765	-0.00399160851451005	-0.01438873518005286
X960125	0.012144221905628428	0.02270975169125371	0.020173033803950097
X960126	-0.03887612804961274	0.00694544021688928	-0.022111718231131734
X960129	0.026716156493016275	0.0008071491807041727	-0.0029659829891538598
X960130	-0.022880426332662504	-0.00046605094571690894	-0.02103756826496172
X960131	0.022260322665459915	0.020902066426800505	0.01192088790623299
X960136	0.04131198236536527	0.0027208357860275885	0.021062210299495596
X960137	-0.009181799486475403	-0.006909425984325382	-0.014042054297746836
X960140	0.038581289236428354	-0.01157226005677637	0.007891990793235078
X960146	0.07074569658678219	0.05596607217202893	-0.07970427036791147
X960148	-0.01781251797874169	-0.009778778574894982	0.00874304445827002
X960149	0.005047952839227356	-0.008389900970865236	-0.003848582255815777
X960152	-0.049227272933975864	0.006225169305932559	-0.01499255379916531
X960153	0.002730263561136789	0.06904490221298333	-0.01800134409915466
X960154	-0.022171447250136662	0.04578341102917227	-0.0017541606550879607
X960158	0.06205713659143856	0.04842711651672364	-0.029761288336228226
X960160	-0.03581973075882212	0.03599748398320311	0.00577255236221922
X960162	-0.012480967869536095	-0.0010291840563994613	-0.011314093385104603
X960164	-0.005005410839100075	0.024675477009493667	0.00583399419647248
X960165	-0.0038578579165250053	-0.021036639676477356	0.043786551569260174
X960169	-0.012799839937222808	-0.00015539675700603772	-0.008497448412182307
X960171	-0.01260022163352453	0.01700118524389413	-0.018415956093886167
X960174	-0.035450127344234784	0.02545830623604019	-0.023585600763871225
X960175	-0.009853591846094412	-0.005221105310083689	-0.001899602317622874
X960176	-0.013046615372501725	0.0024520918500116275	0.02650851099210044
X960177	-0.010466517650189702	-0.05014651083368738	0.033568650756771554
X960178	-0.033946675817450145	-0.001747349161313795	-0.0123052998463694
X960179	-0.010410469945787438	0.00954307401920921	0.005253628698840333
X960180	-0.01837871779724199	-0.01743393185164069	-0.029870972235898
X960181	0.005479585723939134	-0.004429227134314569	-0.018249847320596438
X960183	-0.043446858109849766	-0.014661492839914901	0.005805438573503901
X960184	0.01684276175673872	-0.008824148064425451	-0.005059874886448163
X960187	0.014243656372997524	0.028985945170975122	-0.018449055433052353
X960189	0.013365884296022099	-0.03493312639101767	-0.07426179698215496
X960193	0.07980375438465183	0.12761863510811172	0.06076426681589942
X960194	0.0309519744245624	0.0076015116060617	0.06264337689916538
X960197	-0.0009522849069338455	0.013733127397399686	0.008648530172502198
X960199	-0.013279842819388587	0.004730177328511423	0.02190058609043504
X960203	0.011743391180439855	0.010124913920901576	0.0192236083343082
X960206	0.06175999106822395	-0.03272586277856233	0.057128295309702745
X960208	0.020402129392627397	-0.06307788747440404	-0.0780770450807614
X960212	-0.016070398544580068	0.019466233154634676	-0.0021256930237772147
X960214	0.040482758731962505	0.005808283183656528	-0.017992403444747524
X960216	0.007795319200086578	0.013674610854650137	0.010026145199493613
X960219	-0.026232868712158453	-0.06062090470081199	-0.024094961984668727
X960220	0.027108679553491794	-0.03869020956283847	0.0191621150318031
X960221	-0.005499175307071985	0.02528824794073517	0.026395677168133628
X960222	0.02563505495499507	0.03517189366831674	0.034448735180203555
X960224	-0.001623603311296089	-0.0033012964513075777	-0.011867142146663671
X960226	-0.0047832517380876315	0.08052185578134008	-0.10824884683171916
X960229	0.006205722592100568	-0.005921171332975838	-0.018246214749983343
X960231	0.024354776856058333	0.03375308641365629	0.016939042935242923
X960235	-0.0611971799362421	0.025885984860691835	-0.0018545046824785928
X960238	-0.02124919676914912	0.02331621458915121	0.042785165237406254
X960239	0.042964458962321456	0.039207183311350334	0.035888779545054116
X960241	0.011817482998240435	-0.011333545931889085	-0.013683347911232858
X960242	0.010412051781019494	-0.031297554624252204	0.03725688258886824
X960244	0.009129132224898516	0.0038110188522797145	0.018479338513272495
X960245	-0.012290822216049895	0.025475930268297496	-0.010607027974457707
X960249	0.01924467758547142	-0.021360411242771427	-0.016895110740128356
X960250	-0.019423916749591198	0.010454468032326922	-0.012082505150583034
X960252	-0.03425254280350622	0.005177806433133748	0.0026130819079124095
X960254	-0.00156606724373797	0.019333400306744034	0.03207974125651176
X960255	0.0034740782820797764	-0.0018087873606836406	-0.01944130258550973
X960263	0.006722170411143164	0.012333186061048574	0.003649922255019625
X960264	0.012343131147103588	-0.0021506807725658692	0.0033363428226588546
X960266	-0.029994974402457106	0.006032335072785809	-0.008482114088757398
X960267	-0.01589816809257804	0.01013523792565765	0.010832420301839264
X960268	-0.011687172733820724	0.02194946767324369	0.009827832475633166
X960274	0.01619063777621633	0.014762804340463755	-0.009349910732057268
X960276	0.029245586052330182	-0.01935517112740125	-0.008622194805775347
X960277	0.027844029356309866	-0.01767829638795229	0.015458554878877411
X960279	-0.010557165325258883	-0.002791762558393495	-0.03351536459664538
X960288	-0.005556514002563742	0.008422551945121554	0.007689929998420256
X960290	-0.012878550735595492	-0.0017602173692297762	-0.018194461600430725
X960297	-0.013996093222133878	-0.0026058055872360216	-0.002079995437059721
X960302	-0.016638868433125537	-0.05048021683522208	-0.005495859995618662
X960303	-0.025403352344430818	0.018477746714993616	-0.01978686028845858
X960304	-0.020321245924945726	-0.042328376600540785	0.04607149973878624
X960306	-0.07714528218754468	0.0454183512870155	-0.023822879942776234
X960309	0.002570391213027495	-0.0025279476034792913	-0.044675793974078934
X960312	-0.045135481525826304	0.02391472524708205	-0.010772806413073774
X960315	0.005871428099179256	0.015520383365880994	-0.0026030745212210047
X960318	0.021960563339638164	0.026468177799160657	0.052648892870891265
X960319	0.04041486222585966	-0.007165137658543719	-0.025658483659428553
X960322	-0.0033138298630102335	-0.017020997636602662	0.013490571848187197
X960327	-0.006725211698462991	-0.0022930910488844435	0.017740431264921197
X960331	0.0006520778534196593	0.01202745890132437	-0.012923456251132172
X960336	-0.04458526011560006	0.03078913989253121	-0.038920146363971335
X960338	-0.034861380571673456	-0.06444531897234011	-0.026070825352050443
X960339	-0.018603392003966126	0.018020865193617255	0.01281539298404219
X960341	-0.030121423986621213	-0.0008845470839765173	-0.04044994831089851
X960342	-0.03495280920176395	0.025487499063597978	0.006323226380699789
X960344	-0.02724036577614146	0.02185441211806855	0.028332091471023373
X960347	0.00012198146927658471	0.004215203494191411	-0.0014923918253073275
X960348	-0.005925180655459173	-0.0036149365520324415	-0.01514275039011122
X960350	0.0206145175580262	-0.013099451313746664	-0.004302790407511282
X960351	0.010744211011371133	-0.013802638190299322	0.003197064091755847
X960352	-0.01618857710188045	0.022194687198750826	0.014832486265296799
X960353	0.039479043480664895	0.0003212911873879793	0.013658108270704458
X960354	-0.02112379412509642	-0.08507113814689049	0.007959243295227885
X960357	-0.00815420983636562	-0.054056983279949254	0.012215986483496387
X960360	-0.04686385937330814	-0.07666153137118634	0.003939112472865896
X960362	0.017490542767030017	0.0029950454361898225	-0.008566191001446627
X960363	0.021696039200903048	0.000305791735930648	0.04229451062500267
X960365	0.0026296860261729054	-0.01517112972738292	0.026833346045475055
X960368	0.004693467547658109	-0.003697491199852202	0.003426418237557097
X960372	0.031011914953237497	-0.03136151780498987	0.012962093632481008
X960373	0.020185447814664408	0.0052261541964324495	0.003236775119319491
X960374	-0.06174379206773969	-0.025019065602772124	-0.00405070753471111
X960376	0.009405304651752693	-0.0650704888964281	-0.005898288731029041
X960377	-0.008340565989286787	0.030773570468299254	0.040027573397009575
X960379	-0.002988557036594608	0.01160238182748454	-0.007271786213890065
X960381	0.03429777672437112	-0.0013631534922123785	-0.007305613504334844
X960383	0.02122239206040897	-0.022261607886537922	0.002714767654775235
X960385	0.020198862529813035	0.030299204179244955	-0.017144579694074895
X960386	0.044682260136509416	-0.023495481175163247	0.05395558357719991
X960387	0.0053121517916759255	-0.0033647069563682904	0.012688993893997838
X960390	-0.025368150640080484	-0.0012869122514455702	0.0038207168279486043
X960394	-0.03378065635888355	-0.015145715304872975	-0.0026830251685809807
X960398	0.02432436378577541	-0.008790917478569017	-0.016298600840043607
X960401	0.0014045227875399246	-0.006184285109095352	-0.051421241361049926
X960403	0.01976354044853413	-0.01692017589500714	0.0054490242839124415
X960404	-0.02689830356342166	0.009822908279486887	-0.016281378922839675
X960408	-0.01246324262599484	-0.1191149406958927	-0.016384091731596103
X960410	0.05759263535377084	0.020513308007114477	0.0048435815748630396
X960411	-0.030709494791000203	-0.025708006861399475	0.0188437273257386
X960412	0.015177187486039896	-0.013386482699063671	-0.007759489888519322
X960414	-0.04046174042845826	0.03793343129239732	-0.009072319299748222
X960419	0.007049453846633133	0.010050744065201497	0.014822308595613724
X960421	-0.1045059416855393	0.055811013301561484	0.07454207688164625
X960423	0.0026309139394121903	-0.011275764098049212	-0.01423230498523873
X960425	-0.021083392736085144	-0.011842859490242472	0.0015569687677680238
X960426	-0.002112164658521653	-0.003601074927802086	-0.004729641119279778
X960427	-0.0036334151439444892	0.005111697660822013	-0.019980292677772675
X960428	-0.012994056662514769	0.0053187994447807425	-0.022974169010755417
X960430	0.003689329284302009	0.008071024846248004	0.00879121002075132
X960431	-0.015220035501260158	0.014201027627015894	-0.018166408288469636
X960434	0.006996768303880672	0.010734792279208517	-0.01752991636591096
X960435	-0.035059001290369804	-0.028926868332660137	-0.02203614331654071
X960439	-0.008637947524696835	0.00670419043677485	-0.017212330215007118
X960443	0.02460940421243071	-0.013106647915168477	0.060810508527825914
X960445	0.006669972216149709	-0.008551344826687556	-0.008668932164885148
X960446	-0.007829569993323916	0.0003462360743187567	-0.00528139576282294
X960447	0.042349388133932825	0.006843791965169422	0.020979552207807815
X960452	-0.011798797199788467	0.0024498248341728404	-0.00033086147319746185
X960463	-0.16637978008449955	0.09014931732667725	-0.013621911828649866
X960465	-0.1541397352685982	0.036677047138472474	0.009299137198469075
X960478	-0.021961262383639185	0.010924807070511178	0.013862340243394281
X960480	-0.00690926893444181	-0.020632708224995307	-0.02377377274855363
X960481	-0.031247303649182243	-0.09565963296478432	-0.012199022790017751
X960483	0.028014495216759295	-0.009047900258668194	-0.03882647153531559
X960485	0.00872109403094192	-0.10062988059071301	-0.16030077635631723
X960490	-0.043985223976097026	0.0007315719157963879	-0.0014510900608667898
X960493	0.04577456963639204	0.00838108003969702	0.028850462599527546
X960494	-0.03683318381845566	0.04849718679372929	-0.08169337242430974
X960496	-0.0021017372863746686	-0.00420272036990837	-0.01154194461865943
X960501	0.004686764988887459	-0.005037890259756276	0.023014840784742547
X960513	-0.022712382323805923	0.0051903017713830595	-0.0022280558238966996
X960516	0.011712738839770965	0.018029333152079354	0.02289321926576499
X960529	0.013474831382417332	-0.01053292856855258	-0.015285451294912865
X960538	-0.012998187573766985	-0.03275684064030173	-0.013842721550743052
X960542	-0.02354575979633678	-0.14485365705709347	-0.022601323453322643
X960544	0.011746449796604039	0.003060810581219191	0.0035815496347746598
X960550	-0.021393201372098124	0.017370265695179923	-0.010781026575807956
X960551	-0.01162235799115085	0.006273259796940317	-0.008154693846734574
X960553	0.002340365929176328	-0.01060569913918481	-0.004126532824299538
X960557	0.01918456559652668	0.053647474833038424	0.006377924386709652
X960575	-0.04523193842834644	0.06449570371521655	0.11842395247933521
X960577	-0.007552534034946357	-0.009752654145472986	-0.005574608899364681
X960589	0.025816108219637306	-0.009088438860718617	0.029464357291518643
X960591	0.049812979759165155	0.01705482450930557	0.051874136737331454
X960592	0.011061767211499665	0.05731536080626	0.11981822535631989
X960596	0.008094680254739946	0.020944049632200437	-0.024014132274738594
X960611	0.004061540759186502	-0.008575199379839965	-0.028556064407904178
X960612	-0.07044367350205277	0.004503719926747761	-0.005649832813633764
X960616	0.006949927737067993	-0.005231512650888956	-0.007798691141058373
X960632	0.00546845561261319	0.00026272740681193357	-0.001487217045153338
X960635	0.0035088143523196997	-0.00011610766861782744	0.002666438801301811
X960636	-0.010824021701923783	0.003755758814221007	0.0020355863067882634
X960639	0.02707460419264616	0.0033996813687707586	0.01815077971648997
X960643	-0.005210364458469116	-0.004679143030198963	-0.006079173657304399
X960651	-0.00600977473663441	-0.04998848404442923	0.003907446195703968
X960658	-0.009539954423940407	-0.05550126693942049	0.03177401601590761
X960659	-0.010661906040574454	0.05899809156495176	0.035839279765490534
X960666	0.0054268788722430725	-0.0006060011362186656	-0.020291918245113578
X960667	-0.004589781092676364	-0.0003355129742272292	-0.005057962683985032
X960672	-0.022708315181997892	0.04027260400743331	-0.0032238945306198065
X960673	0.03982548904195134	-0.005603711608711611	0.051524006683106395
X960683	0.010777509050473463	0.03093195524923653	-0.05642242953319266
X960684	0.020816058023965665	-0.0008025794058394476	0.00680070208636089
X960692	-0.036380541546982816	0.0295062029497181	-0.04121432747146161
X960693	0.006537310192682525	0.019891968912271244	0.012732743844021609
X960712	-0.01295640691203396	0.03339569230228764	0.04379293254815228
X960719	0.016047478269507292	-0.009104274833850425	-0.0028701337095262667
X960720	0.10034056842268839	0.027990269969310498	0.11814078296897514
X960726	-0.011147766391762534	-0.06543158640762879	-0.052396800774198435
X960743	0.07362012703914411	-0.01946575759453981	0.14050061368432712
X960748	0.02323791604731842	-0.019981676259900348	-0.006622674098488635
X960751	0.02091394247319164	0.005081020436208371	-0.0843614787005807
X960760	0.0018760276285470225	0.014443118092698536	-0.001561038527342067
X960764	0.08106900771862843	0.09755823751060622	-0.057766459764174875
X960788	0.013230718903385764	0.028829271776797623	0.07683347253814435
X960792	-0.012712317317412429	-0.013779276905640198	0.05304404268281553
X960793	0.007544932586042758	0.01861564774070774	0.018281928729666587
X960795	0.026226174859283875	-0.010813876223642818	-0.016459677474565535
X960796	-0.01916257312794435	-0.05363831996470848	-0.006641908523354462
X960803	0.006299972206882405	-0.0005217508373339264	0.012751633727883868
X960807	0.007827042225154898	0.048492326824966535	0.03094567623428949
X960837	-0.010302889041406861	0.010776574729886503	0.014325156406344706
X960841	0.016726059933246204	-0.03198834493301872	0.08484428616086452
X960843	-0.023815929654665932	-0.0028907858475729856	-0.024374839471911124
X960848	0.02419387086716209	0.06930023462171449	-0.10163655914059049
X960850	-0.018005416221743332	0.03212843386466898	0.08659712034603027
X960851	-0.0735675238608823	0.05226845727268415	0.0025176892997133197
X960857	0.021050749487467824	0.004883575060993995	-0.011239727568222163
X960865	-0.005911896633913721	-0.04547284320170492	0.035641504167462534
X960870	-0.024751462359464068	-0.011008653300461678	-0.01298509911210322
X960875	0.02215852364178813	-0.0069810713174476725	0.04212844514948737
X960883	0.004169183435706709	-0.03790839725296734	-0.001893828284539088
X960884	0.019734418271528987	0.012564688071272884	0.002263736101763973
X960892	0.009381722831164344	0.0448314814477414	0.009025062423619664
X960894	-0.006043153451047104	-0.023558824370650665	-0.015001718926240656
X960910	0.020957730370783915	0.00047888200592258585	0.006570430106375935
X960911	0.01307959468691233	-0.021702602410950022	-0.03206207836054393
X960920	0.02522508177422705	0.001391661147702611	-0.0121496586181533
X960934	-0.14417625982316357	0.06897583499622295	-0.06201600515377963
X960939	-0.0037577130567025426	-0.010461534844754943	0.0032380383199759723
X960943	0.017607345757552614	0.03126172569098826	0.0308367574417885
X960944	-0.0025639916297104035	0.02641286463102941	0.015673004310365772
X960969	-0.012824902440113426	0.008121219968353159	0.0071846091959576865
X960972	-0.017471016741113444	-0.03301459978313064	0.00508113643622097
X960974	-0.0033631280272771323	-0.002768897065991256	0.005379698406280742
X960981	-0.003068255639190214	0.011101256329488388	0.012949470802079626
X960991	0.03552996904778945	0.059099122848616355	-0.0430397904036893
X960998	-0.026254781883946355	-0.007997136232244977	0.004042428256952427
X961012	-0.003221253455917545	0.0017521051361798115	0.031207918289440244
X961035	-0.017123883201940266	-0.049642379462813836	0.09152206599873183
X961077	0.025063852903448702	0.0054262948559675945	-0.0022068018885099644
X961092	-0.01781090713783397	-0.04195968425614399	0.017816827164560574
X961096	-0.04357056347874806	0.02522561769310479	-0.024589448180849707
X961105	-0.012257695486075519	-0.0015879927146325724	-0.011180248775939351
X961124	0.04461357916490783	-0.0065225083337519365	0.01080422635193682
X961128	-0.033973941405083904	0.02268685142483808	0.016734145280613188
X961151	-0.008215103257979835	-0.008264732152488668	-0.08971697658302012
X961177	0.01426217407319359	-0.0034199476923974983	0.035732027109738634
X961180	-0.07974186211310715	0.04006353057470584	0.08907201521711021
X961193	0.03806056207754053	-0.028188588474098143	0.06473511141008072
X961214	0.01828432325357658	-0.01332589122030359	0.000926938479056881
X961221	0.01429118465857812	0.004593093395033541	0.005281009583928431
X961226	-0.0063029143895930026	-0.08206982994210374	0.005264465137153932
X961240	0.016592001165336597	0.0018275476811121392	0.04550306804538477
X961242	-0.02624958889482524	-0.028491971273420347	-0.008149760871458392
X961243	0.07944631341813334	0.1341067871437841	-0.2768087519360192
X961246	-0.012449547043264156	-0.013639176856826274	-0.014944161132394723
X961263	-0.014315483980660834	-0.011109860081400967	0.011932534684469946
X961282	-0.000170203432526337	0.014085137128136836	0.00898946947012551
X961321	-0.0023268380795686996	-0.013126718167523635	-0.0015782070061406456
X961325	0.12521118192009004	0.14117914685395902	-0.14293877908782843
X961339	0.00506335103159589	-0.028580922076359545	0.07649201906260532
X961365	0.009517567993830339	0.013080754529582586	-0.02216064421147369
X961417	-0.016877524684739673	-0.0036832757082955383	-0.008271630278710633
X961423	0.03160563174765078	0.00027798178508570067	-0.006327859516498757
X961434	-0.0516110875149138	0.016068589997717656	-0.015112926487957423
X961485	-0.0022277262828199885	0.016326701298639217	0.0003525432092086612
X961553	0.03201823521184458	0.011369170127222014	-0.0011089557803750953
X961577	0.005995079491961972	0.011593940371405287	0.03336543745182051
X961634	-0.019359402024211027	-0.010342638035782059	-0.02598267632098661
X961684	0.0014196373264997654	0.006735236194616906	0.0171799136900194
X961686	0.0035617916221998727	0.01802520920585941	-0.006138850711132147
X961738	0.004411784998048009	-0.026812820109485446	0.00876225673366513
X961809	0.014412839065968103	-0.028588819770756682	-0.01426271758084858
X970002	-0.02954034023996861	-0.007839826592693564	0.0005488357209660263
X970003	0.00618722922589584	-0.005836443517514831	-0.008262683287229644
X970007	0.00019958006904798116	0.008487611273839355	0.02812862217596484
X970008	-0.013248673071371718	0.005302257658878294	-0.003911104062936205
X970010	0.00079581935021511	-0.01237503091848381	-0.014974535424841659
X970011	0.0012799588272923983	0.02553450152912665	0.024303152220970903
X970013	-0.0168361072398122	-0.008454591366092098	-0.01719158132727562
X970015	0.0041009477497680295	0.04248012325931797	0.017496415593880012
X970016	-0.00975299538340393	0.014519293286191398	-0.002415095329470269
X970017	0.04930124611841457	0.015317483915149824	-0.037214903574336024
X970018	-0.11514843223636119	0.07600527168974029	-0.003012561778992312
X970022	-0.016142070716878648	0.01733360404179781	0.015379003748422103
X970024	-0.0075219619593600105	0.0006753722712355513	-0.004095340815252862
X970026	-0.002705358009921948	0.017955826210609326	0.004901408921751744
X970027	-0.013754099803373858	-0.0030380167385312172	0.01046287011049456
X970029	-0.0014334909912119157	-0.004491496179540499	0.001000925620301115
X970030	-0.05089669309467356	-0.061676391571015475	-0.013634773232798943
X970031	0.007178745108802858	0.0435380581578627	-0.008967303904256051
X970032	0.05266282182741765	-0.011203594002507254	0.019136249910269944
X970033	-0.0005813337411761381	-0.03944509819891757	-0.08528086452518517
X970034	0.01642784738215971	0.003929390562716414	-0.0052986100006697946
X970035	-0.027484959166222303	-0.0025505987415910905	-0.016880221700050508
X970037	-0.005163213995541413	-0.010274261235487607	-0.0031400780283318062
X970038	0.021190773289535777	-0.023247168993790854	-0.023512832467347138
X970039	-0.001592188575438469	-0.01306496202626734	-0.0054209036798788775
X970040	0.025291087028837183	-0.023585763897793932	-0.021927186759822845
X970041	0.006548578430234474	-0.0010472594697869722	-0.0038683525646816667
X970042	-0.04101917754875073	0.014681051797547338	-0.02154652867823705
X970044	0.007184368461029548	-0.02041412763691115	-0.018025098287959472
X970045	-0.03415305976170107	0.012613557311807593	-0.03630807911971074
X970050	-0.009393442523198996	-0.024718899864938457	-0.011253269139428914
X970051	-0.023617651291389628	0.03540119342163506	-0.002679278828975379
X970052	0.006544814850157593	-0.020417864701444435	-0.019252083585072303
X970055	-0.004225078361658718	0.0013955984347488169	0.011214359047628233
X970057	-0.012683186898145505	0.010629541309216407	-0.005989977414776251
X970065	-0.0066390674023185416	0.005560359452021866	0.003291509471125172
X970067	0.011697324988612708	-0.010019628876254195	-0.004810677476658951
X970069	0.020273467225202207	0.07946052616975975	-0.04748713132004036
X970071	0.005536246832040498	-0.005557749878229042	0.00624062717498928
X970072	-0.015479145424213442	0.01780700151710318	-0.007956465527547906
X970075	0.03844256101341409	-0.031920712816150255	0.024108441611439366
X970078	-0.002255565786011212	-0.0042222693382228706	0.011990931075787681
X970079	0.013444295388457185	0.017822235323472383	-0.007000238642098548
X970082	0.009738883584663969	-0.039824055151708795	0.004097698137587117
X970084	0.004594622323790659	-0.009200374168459478	-0.03866484303542763
X970085	0.04678439119562483	0.03880112442765365	0.003691074385579024
X970086	-0.02104534905086099	-0.0011079696474935953	0.006982677414443598
X970088	-0.004419380793672951	-0.007768903012495808	0.0061555525553759404
X970089	-3.887824820115305e-05	-0.10054554704201744	-0.02774652059965124
X970091	-0.02119022753580464	-0.04965798919437556	-0.011117281756534769
X970092	0.010948026227779134	0.027586619802162215	0.05056085094646559
X970093	-0.008706646589826682	0.00028502300961970995	0.0072639665654848735
X970094	0.02722118303162535	-0.03705932207238427	-0.013040409842539869
X970095	0.02138659693137683	-0.008209267039322355	-0.016830144624470616
X970097	-0.038508463442591685	0.006037607915514338	-0.010487177075942591
X970099	0.010760383407923308	0.01234594818084919	0.018452982566453616
X970100	0.09289241609722043	0.019545539687824465	-0.03792460434505571
X970102	-0.14041868005238922	-0.03992473579159619	-0.05565930747758325
X970106	0.014964867199519338	-0.01820596719159868	-0.0031262261262052777
X970109	-0.018166558263202664	0.005408664102037258	-0.005607744515464369
X970112	0.03435437456641408	0.006072559144361347	-0.02103974343676374
X970113	-0.001838801222511923	-0.0648030806440162	0.0313446093429484
X970116	0.023309142582868248	0.01659509278254742	0.00028022886064992913
X970118	-0.003962708022016377	-0.006649837773779357	-0.009585092445237801
X970120	0.004366895037886523	-0.0011162929484165322	0.03877290228611114
X970121	-0.0455264658684018	-0.12302110216900333	0.051498166422529565
X970124	0.025234395271535846	-0.019045358541816618	0.024159817656077588
X970125	-0.004386335461820811	0.007853848116235275	0.0015113831777935811
X970128	-0.020827691410336482	-0.10939806654697663	-0.02513460461541495
X970129	-0.004025663242067185	-0.012947537820348418	-0.005975027201097862
X970130	-0.020755896563598032	0.008229285591851557	-0.0029429834074631957
X970131	-0.03665381902347143	-0.1063098136010323	-0.014890888665894383
X970134	-0.011633902778191972	0.006798387970587094	0.002243954516846345
X970135	-0.02059895252948962	0.010843942966654934	0.02546543851658979
X970140	-0.003456667217648372	0.0072929150163721385	0.01616637385238808
X970141	-0.007352793190465309	-0.09401969778081433	-0.022213600601421645
X970146	-0.009522913015736111	-0.002100883468800417	-0.0044441184875624925
X970152	-0.057955478376824805	0.03019462022839979	0.01934791509402639
X970154	0.027256066704113468	-0.028137358050941873	-0.01435926396786828
X970156	-0.013707386886878888	0.01757407487098228	0.0038621287343701648
X970157	0.012999564169991394	-0.011867822567446113	0.007876044691554908
X970158	-0.007122914289863814	-0.014314518249707333	0.01915285421265192
X970160	-0.004565266847973256	-0.010962189885762549	0.0138528522089521
X970161	0.03236811983938239	-0.009924105215201188	-0.013053949421742955
X970165	-0.005926929817275484	-0.008483494150697372	0.004643998681857138
X970166	0.032110342023379444	-0.028623276117424885	-0.026220218693711977
X970168	0.017353252947957473	-0.012855773075245639	-0.010673679608687356
X970177	0.01184942856786033	0.008911736671888774	-0.016339849807959776
X970179	0.024057906774400763	0.004903127896715619	0.03832523958680117
X970180	0.0011989872134319944	-0.005222982913144749	-0.005008237639454017
X970181	-0.013190474996319201	0.016344768027215344	0.007158734857891031
X970185	-0.0015859928466729325	0.02428909471499996	0.028258759153168934
X970194	0.005142583384999865	-0.011721521577255726	0.024952294486577972
X970197	-0.005674494037906284	-0.003902485227520712	0.020858390717458684
X970199	-0.009101095605024229	0.00045725047180429965	0.006676340285755795
X970206	0.0077494411351192016	0.00792782447038765	-0.04071621337234409
X970207	0.012892306624943367	-0.005054287513853656	0.039101693328644334
X970209	-0.008711550534705717	-0.00430925280935023	-0.006617993734720873
X970216	-0.01829242607074605	-0.05034019787497585	0.04264173690523889
X970221	-0.03608080245225197	0.009363591974723097	-0.01728019054042322
X970225	-0.00012493282632483645	-0.01094710732687001	0.00022515703027961313
X970226	0.02926312534673913	0.01022816457619087	-0.02670662634975099
X970227	0.018822055232967008	-0.014600274177054659	0.006192872530357136
X970228	-0.018825615589617515	0.0012225670068171024	-0.0013634649928938665
X970232	-0.07792644449193256	0.04342939435343547	-0.051329966997174764
X970236	0.014658553717455801	-0.05411072031394491	-0.029386196615708987
X970237	-0.022630486559688905	-0.03021420991497514	-0.01887790802730829
X970240	-0.06136874918063147	0.07790693176744354	0.1010831343916379
X970250	0.026870626204522113	0.001076273377057762	-0.007052954926364015
X970251	-0.037518498299242156	0.02764119136708452	-0.0036106107814964507
X970254	0.012790689855555959	-0.09208789397969036	0.04771402864977881
X970255	0.014155782277623315	-0.007754247690673839	-0.010615480174851985
X970257	0.016567180424744938	-0.09129306369355504	-0.04095148048062783
X970268	-0.007507299451378758	-0.012512590117788356	0.015443013969160169
X970269	0.02952440257921712	0.00968005389785092	0.021393933201982688
X970271	0.024887011496352036	-0.024933499041449366	-0.06904780435947239
X970277	0.024469276922335203	-0.013036929601224987	-0.004806265133585035
X970283	-0.019098720639694238	-0.0010776566886217004	-0.010204931070526387
X970288	-0.009633302151890994	0.0024567898971794818	-0.009072163935757353
X970296	-0.09229165135297948	0.0022297249488358413	0.017279248247391833
X970299	0.011751923877116295	-0.0007948051396392003	-0.007336601143654254
X970307	0.0012611777227181733	-0.004841130211857198	-0.005211477299620156
X970312	-0.013245929508084528	-0.03718001264476359	0.003244837964771354
X970323	0.0194153202178842	-0.007104418224545046	-0.01035139493507679
X970325	-0.014340928002390008	0.012509993397140385	0.018623365297846018
X970327	-0.07319201321815998	0.04779989000954215	0.0015616945481797327
X970338	0.00985310533742036	-0.017836097812838996	-0.04143693161652731
X970342	-0.07603647481482982	0.03421277084909768	-0.009976586289452449
X970343	-0.051619021061302846	-0.00514467939020505	0.031256456216624616
X970345	0.011230465103684672	-0.012137374622308867	0.006975120266543487
X970346	0.009901989857650896	-0.05993976836279628	0.030183358946567606
X970349	0.010677775780555919	0.005406967971690212	0.0029167103644529195
X970350	0.029672257233830795	-0.0009710428656175104	0.00039662754400763515
X970358	0.010740247323514671	0.029833290687097704	0.011067729677108883
X970359	0.00913299807385198	-0.032180551269365386	-0.02346786908919506
X970361	0.05840682130514158	-0.03403333419715046	-0.0023282205605452476
X970366	0.058933410209826176	0.004911462951458917	-0.11383315572020666
X970375	-0.005001123114052865	-0.00912725179549481	-0.024278510676598072
X970380	0.006118279261830664	0.06017965031438058	0.07258280416133639
X970381	-0.020652822050332476	-0.0030579855252645537	0.004160700983552579
X970389	0.03077107820969957	0.057276512142363144	-0.0027910533544876406
X970393	-0.014232177802982521	-0.0006282857215439145	-0.035477589965627186
X970411	0.015111605014271697	-0.08498361385074762	-0.024752656215809
X970412	-0.0005093541400734782	-0.008443458314514525	-0.03146894319867482
X970414	0.0023139156414107164	-0.04797532050746197	-0.02567747800847434
X970425	0.010947544884627475	-0.004385581716743398	0.0020974131743172523
X970428	0.07333960503855919	0.039701987732090174	0.032850839270263714
X970432	0.009274727561040263	-0.00024701165937120883	-0.015520989392703367
X970454	0.00426602248079298	-0.006173433638196661	-0.005000854016340482
X970472	0.003795312531488993	-0.012666540090489377	-0.01811519169171661
X970474	-0.0170111687866983	-0.010404510914930738	0.0015947137615519055
X970480	-0.015477712486299589	0.00232027531488427	-0.011771232817148234
X970482	-0.03207438248417723	-0.04123399626718132	0.006487052712816779
X970497	0.01767777180044001	0.043471086314526834	-0.04061111087775961
X970502	0.017189441277576396	0.023787080585444705	-0.007132316705874252
X970504	0.04978630803068341	-0.002830688063213598	-0.037581991448613836
X970509	0.0235552607821381	-0.07881139856272419	-0.026503772425614074
X970512	0.01128435380871099	-0.021007609209937	-0.011909508332027287
X970515	0.007924763893838683	0.012642382697933224	0.00974071159067799
X970517	-0.004358536935153919	0.0088250943155884	0.012951292144868332
X970519	0.012990734487928082	0.010330012476240356	-0.00021758060754611063
X970522	0.004527296041188312	-0.013616294993532337	-0.01762511564612297
X970524	-0.0028656170330837714	0.00892171064343434	-0.014830304037076868
X970533	-0.012732197841794446	0.0006494901388664081	-0.00526285918657215
X970536	-0.019134150330851925	-0.007597227978492949	0.007977922885817855
X970538	0.0031216497773350633	0.008015702632259395	-0.006520148823629398
X970543	-0.00471914856312854	-0.009279440308713553	0.003141515648760247
X970544	-0.03376699872539416	0.05305350368258666	0.013746324338996892
X970549	0.025920778072343845	0.06347529737458653	-0.0037989433993872515
X970563	0.019625389417120276	0.0003268187666129882	0.017322138874572193
X970564	-0.002058319472790075	-0.0017559921612107056	-0.0023883860757399765
X970573	0.012567094224548075	-0.027918301519717678	-0.031036266617028845
X970577	0.0457375346705983	0.0272808751953974	0.0017565388630238154
X970587	-0.0011028540360030665	-0.005767588492868246	0.008838726290898023
X970599	-0.00024438463314304716	0.010004641779916114	0.02802424059011032
X970614	-0.00041825408288411977	-0.010060959526075726	-0.004188038632696928
X970625	0.008418162139577388	0.02227226365620015	0.022779414662574833
X970633	-0.01677927357019098	-0.035424900214646074	-0.011234265027638303
X970638	0.004784140638900503	0.018668532905108153	0.030416063542799274
X970649	-0.02195174179997724	-0.10829838732129111	-0.0362211667046995
X970659	0.008292570682500333	-0.0066123116462834565	0.024273527483215224
X970663	0.015611332162790746	-0.010773594172489956	0.0036774399201450828
X970664	-0.016665853713105597	-0.10028776584498936	-0.039381597420878475
X970677	0.014062810151760656	-0.016003382219994686	-0.0025384555479143365
X970680	-0.0018965841270382029	-0.04827333115863856	-0.036990834373843276
X970687	-0.0059113983292486665	-0.027659793685841053	-0.01747496210593453
X970688	0.026983412085788073	0.020039381728841288	0.026311487337283408
X970692	-0.00023111073558219303	-0.0006437729962308462	0.02153895591469188
X970706	-0.04267587105450825	-0.1453934493701694	-0.052656311878833933
X970707	0.011820563124865595	0.02081432508603557	0.04820984038133253
X970717	-0.02280084957456041	0.00527205577616197	0.00821522020512598
X970718	-0.00421930942981619	0.01204410023288996	0.009254680017059652
X970731	0.002847334746868929	-0.021437241310493908	-0.011289025645697484
X970732	0.018818338490516548	-0.007273187386300696	0.027817308608349443
X970737	0.013091997985847646	-0.012004541414570906	-0.009472907245081654
X970745	0.021717575085081327	-0.05231852766805984	0.003306230712938991
X970784	0.028999131360862993	-0.017148956047306724	-0.0029134423698362853
X970791	-0.01263688710969912	0.012605438473006195	0.022860264118796287
X970813	-0.017047007882262002	0.02623784125344054	-0.029858203594271982
X970860	0.0006110516551719445	-0.008887214360369081	-0.005217307195688114
X970932	0.028499546970689307	-0.005188003899433229	-0.026629293280196205
X970960	0.03282170597897623	-0.018141364882734903	0.008550012248409082

Biplot	0	0

Site constraints	0	0
