Eigvals	3
24.578059840870527	22.444090450010265	10.369153664812787

Proportion explained	3
0.4970479319935337	0.4144833573929214	0.08846871061354482

Species	12	3
Propionibacteriaceae	-5.959942152253033	0.6661408300894395	-3.0871211636470957
Staphylococcus caprae or capitis	-8.351466713552712	0.8621590871559516	8.167688552352228
Staphylococcus epidermidis	11.45754094680633	7.600469661922695	3.4472343920742086
Staphylococcus hominis	-5.140936728387133	8.800736393326746	-3.498747434490481
Other Staphylococci	-4.768800662001108	-3.596068243235095	-1.1233078424301046
Polyomavirus HPyV6	4.5975650697483985	-18.24219301367769	0.2458272941188759
Polyomavirus HPyV7	9.070074008476663	-0.4433527643691511	-0.5765718182865315
Merkel Cell Polyomavirus	5.982649537735331	1.0138271526879254	-1.5153655511496333
Malasseziaceae	-11.842975964592222	-2.546355586095381	-0.8423510307390089
Corynebacteriaceae	-2.868656081723547	2.7813189464536903	0.7430339343669687
Micrococcaceae	3.723976777572807	2.3766928400441225	-0.8823440699728013
Other families	4.100971962170227	0.7266246956967375	-1.0779752621966199

Site	1225	3
X940001	-0.0030959281544556266	0.0022661574184453352	0.006866146601941875
X940002	-0.010510554769391747	-0.003374102982995427	-0.006583605473706734
X940005	-0.0012008997230624548	-0.025504447626829217	-0.009935393736348521
X940007	-0.012739434974418314	0.0142866956696048	-0.006551907483909814
X940010	0.02770411099466432	0.009952895812188764	-0.027834672800418202
X940013	-0.0032050953646985294	-0.006825424043187669	0.0034971490790405373
X940014	-0.035652748926435315	-0.1549459671285895	-0.055455259580616534
X940015	0.01242007596849855	0.007059909813959171	-0.0005262417590020446
X940019	-0.05282938523366263	-0.035951034034802466	-0.054732420886985385
X940021	-0.03978457040683108	0.03501422599946765	0.004628396144582194
X940022	0.010737953581900711	0.02477203042907452	0.0005742118662357465
X940024	0.0012064381987750869	-0.02242803606414263	0.019665824304216945
X940025	-0.014191045514408526	0.011688278194651144	-0.013240762566984542
X940026	0.02569950251065317	-0.03621709203758811	0.0355818849219145
X940027	0.007320717219084127	-0.009040787633296061	-0.006434011377966274
X940028	-0.00851748030481684	-0.008005345413337788	-0.003923873461568071
X940029	0.004805552648937251	0.0011741182655961074	-0.006195604229328237
X940031	-0.010653430185236188	-0.004056861991211081	-0.005082980566430481
X940032	0.005075410659256504	-0.012030505422141862	0.013369923393601693
X940034	0.012775289210071466	-0.010991134470928563	0.012529690193833171
X940040	-0.023458985482191216	0.022989366096474673	0.005734261196962553
X940043	-0.004150114334345067	-0.0008375688059559368	-0.006175906465627541
X940045	-0.021056780495282666	0.0016838920828499526	-0.036222871859568004
X940047	-0.03248965774710634	0.02695066600429442	0.020036255083661546
X940048	-0.017840968067278917	0.013321504023227609	-0.005803601345567421
X940049	-0.0012954483042029355	-0.01382719840457647	-0.006330598560382869
X940050	0.04514855574643801	0.01950773069569431	0.01607928983485804
X940053	-0.009523468208590773	0.007814508523440126	0.013687893246082066
X940054	-0.05028143934480055	0.044023941178984324	0.00973405703991365
X940055	-0.0018700186507877082	-0.0035379003480069016	-0.05832562417609757
X940056	0.04818250732382282	0.0023279254021600286	-0.011208536262079197
X940058	-0.008572388172638036	-0.011877932465959728	-0.009570621640769885
X940059	-0.0026994932175442845	-0.014045841522038173	0.0034910965898883456
X940062	0.062153038941753384	0.02012436049463709	-0.013417071685450458
X940069	-0.007608097849508113	-0.01073344843899517	0.013006645886475557
X940071	-0.02169116573192927	-0.009379261020499912	-0.04731775795254605
X940072	5.696154022811736e-05	-0.009171042214929575	0.009158856173806079
X940073	-0.07519944219077243	0.03354570303447074	-0.020783219620805773
X940074	-0.016921988628930424	0.009577023792526188	0.014672976156331879
X940079	-0.05692465283824232	0.05159092176651646	0.059522608314244704
X940080	-0.015142820142100163	0.010375164571465962	0.01570779169085897
X940082	0.05664669849947895	0.01818013387312065	-0.0009526731093516879
X940084	0.015971749053094505	0.04069268276956689	0.021723990884579922
X940086	0.022357259207473893	-0.044752263878427866	-0.019721030887484555
X940089	0.02527122347836025	-0.010718879201814878	0.007885638646812146
X940091	-0.009750198255945189	0.045306192193031676	-0.05975460122951471
X940092	0.03672315270054598	0.009651407175999426	-0.005723100848042255
X940093	-0.008539079631183983	-0.002257727634753227	0.0012247117352211698
X940094	0.08947973629386839	-0.06604229540388325	-0.10243794057580731
X940097	-0.009472655445460318	0.010615784927791194	-0.008609942042506476
X940102	-0.0020975380354442156	0.024521015926294527	0.01886424680151502
X940104	0.004820670038951808	-0.008338800739680376	-0.008932779406502066
X940108	0.0009092081907418233	-0.006794913445011303	-0.002657697639527974
X940110	-0.03153979411109279	0.0578581038055834	0.020260621596678244
X940112	-0.07868327736370899	-0.0028120487693085354	-0.05612249722470608
X940115	0.04131037155854565	-0.04015679926252436	-0.028880164879089936
X940120	-0.007874858333703631	-0.02888244127408444	-0.01682896768788389
X940121	0.04519521064228471	0.0332553460945518	-0.022898602119421532
X940126	0.0021120613003897245	-0.012572737053825122	0.014810246938013782
X940127	-0.010308397941005505	0.007484502941358055	-0.04570106629025799
X940129	-0.0049881544064077285	-0.04679129309982205	-0.0036596661957186962
X940130	-0.020200661765948202	0.028728046365608655	-0.035008855734417914
X940133	-0.011699823920379137	-0.010295797676176813	-0.01387455109108185
X940136	0.010266220753499158	-0.016297305013934192	0.008677603561966887
X940143	-0.0030513109851166217	0.010380519286570933	-0.008004640920770526
X940145	-0.007538750969648398	-0.005064612935469716	0.001785591123391669
X940147	0.030042463878713278	0.00507176234610725	-0.03402321677128739
X940148	-0.001985665728320542	-0.004127484874150003	0.004154608220914215
X940152	0.007830088970975967	0.01497868659970084	-0.016967316437009904
X940154	-0.01049171623050288	-0.03985010584588203	0.015967415620788107
X940156	-0.007564580737880057	-0.015179665908256715	0.034873582772499696
X940158	-0.0030078068967418687	-0.008287099005773716	0.031229565408345834
X940163	-0.016848195922127905	0.0474001925970275	0.04088264142095206
X940168	0.013291103260908665	0.023213841076993664	0.0017185907644086983
X940174	-0.061438339073076755	-0.004543705205453515	-0.05740627656551462
X940176	0.03590237473203642	-0.002258013140386609	0.025860089553285042
X940178	0.000169612521792543	0.0002273200590875647	-0.003549472891960038
X940179	-0.02163706946269324	0.00994402183502491	-0.006347177673706844
X940182	-0.019776635162945304	-0.022468504637840718	0.01357462555094313
X940184	-0.05050390952430271	0.008396857066811907	-0.047794478121118325
X940185	-0.02752151800295579	-0.037617682793372784	0.02168462244288824
X940186	0.010148920335957812	-0.008731080165855824	0.022766702225585536
X940189	0.02919243394738152	0.01816781228875765	0.010267729068555042
X940193	-0.008754904830406434	0.00809802666901458	-0.036192859273167594
X940203	0.06134225479976392	0.045386214508672536	-0.020754860511731154
X940211	-0.0033310988227365545	-0.012047478753283226	0.008353505519522578
X940213	0.01582969827623753	0.0014514653981452948	0.013818214197243828
X940214	-0.025704517835213034	0.029634477771165218	-0.00931359084834683
X940217	-0.0044690453328551875	-0.009593604417932129	0.006535694352848811
X940222	-0.010924277035017724	-0.014874993143478031	-0.04358298654899487
X940223	-0.02534043631341095	0.0381948919119787	-0.0027862321159873274
X940227	-0.04742377351921672	-0.017891265367172664	-0.009739018523215685
X940230	0.01591729258185471	0.006188415157561538	0.019427768095846936
X940232	0.012689842083758033	-0.00959389528266535	-0.015569559223545396
X940233	0.008553690096356308	-0.005493178300549449	0.028045725800873316
X940237	0.002549861705164569	-0.01234330033238377	-0.02419216508445922
X940239	-0.04475246959145208	0.09397853689359188	-0.04621250594790792
X940244	-0.017348111859917144	0.011875342698950206	0.010104838931947984
X940248	-0.026885093721731892	-0.01003525039741134	-0.0029384540344281197
X940251	-0.02083336036455312	-0.03341986135717218	0.018654337354874744
X940256	-0.03428708742326008	-0.025016073438888828	0.018536245354637933
X940259	0.016685907721265596	-0.008124529433339947	0.0035254900891622675
X940261	-0.0072403650972601786	0.04136642177815266	-0.026457114754274837
X940264	0.009339741324467144	-0.022990213052541442	0.028341709787349387
X940270	0.01459088695183365	0.0016043157338708582	0.013985668717532285
X940271	-0.021073579862679062	-0.00047223005308671463	0.0017262781992163053
X940278	0.007219166170916657	0.013760408371939991	0.00631598440608639
X940281	-0.02316111790173898	0.02452494842656836	0.00839502389248502
X940284	0.005407372697977345	-0.027764694203183317	0.013226068725962286
X940286	-0.05288657033386623	-0.02070944895168546	-0.041158920631188804
X940287	0.014639221659292982	0.013387449373861132	-0.002964556295139036
X940288	-0.004590527364725875	-0.02846153214051582	-0.004991476696154041
X940291	0.0018943476183253573	-0.0020759592245350876	-0.0029207730324223324
X940297	0.0070933733084603675	-0.02046785293813514	0.011692803780581455
X940301	-0.009671763380049117	-0.01489113583200327	0.007338959231808238
X940302	-0.014801537455572427	-0.027711247403427567	0.0005413523783500756
X940303	0.01811599975581084	-0.012466582530397067	0.026746281171636205
X940305	-0.0007218162941805628	-0.010360454837630446	0.0006793320127971812
X940306	-0.03666994099010647	0.041816351164462404	-0.003937825139454893
X940309	0.0014814685876521506	-0.0061280609971779455	0.00010775707669070571
X940312	-0.0028669516327705	-0.011156503019545065	-0.009896247399205294
X940314	-0.0038074862776141805	-0.0043361001821059664	0.0006493738377102237
X940322	-0.021185388692273457	0.006354165680605768	-0.0644898550062466
X940324	-0.02325973456944999	0.000799938689387239	-0.005272427407382135
X940325	0.03259809367127515	-0.0035808029477213633	-0.0026915424341734866
X940329	-0.04439291059357026	0.03665788506296026	0.03985103107578789
X940332	0.013807318377758499	-0.01468309518908162	-0.00651162025586637
X940335	-0.022125441269357712	0.0010557806920196043	0.0060053722997637565
X940338	0.007277843556708812	0.007781423153933235	0.0037913786470483973
X940339	0.02559351229304683	0.000904655060083099	-0.01751619622445191
X940347	0.007497666470695823	-0.014323215119254913	0.00624997994114524
X940349	-0.01210463128974609	0.004051188265808042	0.014197427729389079
X940351	-0.005545027381396349	-0.0001431036284050798	0.007542651534647086
X940353	0.021054006078961456	0.0030500061517041966	-0.012802159824272956
X940354	-0.0014200510538293389	-0.0008029487085496035	-0.0016541894263054457
X940355	-0.03469597836744966	0.05904452454480421	-0.02341945889400536
X940364	-0.014943262602681126	0.0630556491840346	0.0093313118843715
X940368	0.025777453528278434	0.015400605636561438	-0.0019279409987624139
X940374	0.04748495409956732	0.008469707925613598	0.013233211859483826
X940375	-0.0076677133528299255	-0.02183299493931239	0.011716018929705327
X940379	-0.01234870249093036	-0.011982324156788288	0.009814365444432127
X940383	-0.015166281388547243	0.04600990273743854	0.0247610245806729
X940391	-0.029176295809023943	-0.016531306986303094	0.019731865876450677
X940404	0.007255662806210399	0.0034184767278844473	0.0026180445075119803
X940411	-0.0056383046388154175	0.01957596234903633	-0.032224148405197814
X940413	0.043096593474625154	-0.022807383340316588	0.06524910112899689
X940420	-0.004392141502041028	0.027712610962052655	-0.0030471168374831214
X940443	0.03062207221725118	0.017254971933562048	-0.04617108030644418
X940444	-0.023257117736988686	0.03268126944622189	0.001163068049977374
X940445	-0.00134722008543278	-0.0019179956902329787	0.01700313326202513
X940450	-0.017925044279924366	0.002328074762795929	0.023531591034458888
X940451	-0.09158605100447462	-0.010910801983094742	-0.12395201009939587
X940456	-0.010797474591478793	-0.004105230669306698	0.0009980378856040552
X940465	-0.0032100788028445377	-0.002907498594620426	-0.02588626741308344
X940466	-0.01807652242440261	-0.019594002813801577	0.017463450643730432
X940474	-0.002309379912564697	0.032590471190880335	-0.0023716929230237697
X940481	0.015086335154464631	-0.02822024619240757	0.010699944664749708
X940483	-0.015313015630287021	0.009838727195129338	-0.014520944932183567
X940484	0.0254723052410966	0.0328325832449636	-0.01034102571157037
X940487	-0.012734583680534069	-0.027667976354892987	0.009399112150736019
X940488	-0.06659112473598376	0.008961901394828579	0.04111265148879522
X940497	0.03070045135185307	0.01728273615227454	0.00598238830748585
X940498	-0.016961537150229043	0.04062251988572564	0.04272323615917619
X940501	0.06391128972720013	0.049127338696967324	0.011035306298451163
X940506	0.11052040749471273	0.05339485270076367	-0.002309968492932838
X940526	-0.023240882194999854	0.025257084858766418	-0.003500149980916112
X940529	-0.04344388142995658	0.03528004076431544	0.019815189997971466
X940532	-0.009960759493288512	0.008494545285314466	-0.00519311809080809
X940534	0.02404349364452732	-0.022313522761831652	-0.018545550800694047
X940535	-0.01901863361593598	0.014537762390956699	-0.03393906161574658
X940540	0.012810549488660006	-0.001920729569619366	0.003896303207342828
X940547	-0.014942688667013461	-0.018070645979434637	0.021856107570979787
X940550	0.03632052783768052	-0.002513660378106079	0.02435858928767002
X940551	-0.018633738735208575	0.017722551983629493	0.006520458379525098
X940555	0.011108074869898793	-0.0217967565197238	0.028096575810042296
X940558	-0.003748933716616307	-0.00915348373734635	0.002380934414822743
X940560	-0.07748058486973562	-0.004937991029768815	-0.0467171115632885
X940562	-0.014395819705287364	0.03540026747379242	0.016265718481191453
X940570	0.020736126874790768	-7.564706634555715e-06	-0.007930104537175716
X940571	0.028934457120046147	-0.006418330357407902	0.0448517690475273
X940580	-0.01287263743438507	-0.02160892000583612	0.023157696958713198
X940584	0.05901823044134061	0.026771235005107374	-0.001778445141133058
X940589	0.10188423887926583	0.05800187925003098	0.01147628043474971
X940598	0.0012393986257607757	0.00021331391285560436	0.009281360283160893
X940602	-0.05586184488587367	0.04010355795631817	0.014418572424299603
X940606	0.0052129968541714524	0.016255343581571012	-0.027614731917755722
X940612	0.07537296813980718	0.04388667792173234	-2.592306130503555e-05
X940623	0.005544929590747969	-0.006121152206800423	-0.0074360040950458735
X940625	0.049362695011967744	0.02876210593600878	-0.01861482785807056
X940641	-0.016497677018079415	0.018225929973179865	0.005421020002439729
X940642	0.031281294266371266	-0.0038941719210116967	-0.009440720732670885
X940648	0.010745246319325951	-0.0504675174965895	-0.010749569185807578
X940649	-0.01538263990032818	-0.02920050374380592	-0.02923977513898708
X940652	-0.008130572937666274	-0.017204611379547378	0.00014076009629867335
X940662	-0.008281141995365995	0.00373529102073699	-0.010900030532814266
X940665	0.012903840126267125	0.009865755861833837	0.01699445177765667
X940674	-0.009222641589906596	-0.008883495593232957	0.00022481912685005874
X940689	-0.05685798767959021	0.0026697598433246495	0.0006219981378676692
X940690	-0.0030426279154662137	-0.03213346564766985	0.023284982369814192
X940692	0.024575255583661686	0.017273129473940836	0.007573723680442438
X940696	0.02172239481427335	-0.01712817645160002	-0.01533837518996235
X940700	0.026488958244562738	-0.026723047919701013	0.02953338069824598
X940714	0.023952288580135553	0.012801770107398495	-0.007186406108160243
X940721	0.014481518016842656	0.007401529086699809	0.004901711806284052
X940727	0.02320345695699148	-0.009109235269039822	0.028750842021631903
X940748	-0.020312033093238303	-0.017919107541007246	-0.010224765862447607
X940756	0.0005718389501529026	0.009123296024763455	-0.014746457988478574
X940761	0.04067106523090757	0.0018369638470639622	-0.018443351686350615
X940763	-0.015959014685016856	-0.030751648019185285	0.012957115047557576
X940766	0.026690639788461708	-0.020557820540068356	-0.041466644697334076
X940769	-0.02107497394935693	0.06261040377648552	0.009566946981884542
X940775	0.025720581265700454	-0.011124570777916985	-0.007550694195211751
X940778	-0.01633547902823787	-0.01690687437445296	0.0075277490470926365
X940786	0.0010155185615805886	-0.018171811360369907	0.015673622639956804
X940796	-0.008353392579876011	0.0365784983185038	-0.015562143592335398
X940816	-0.0122253127334626	-0.012768043416512543	0.015413067459176413
X940819	0.02162677628969716	0.0017622494736310008	-0.04195940234749053
X940820	0.00303292125577559	-0.012687128764215494	0.0020622873555738754
X940826	0.026992825704473013	0.03217053586965183	-0.04970485087028822
X940827	-0.03691612200002882	-0.022282905207915364	-0.003615305672441977
X940833	-0.006102927135918381	-0.05631830290982101	-0.05164967154346298
X940843	0.005675897237304539	-0.009244756127300566	0.005254376427567031
X940844	-0.0024645390424499116	0.017467783345089832	0.010003498128387037
X940845	-0.012189488072543218	-0.04112804697589433	0.003538951104657076
X940847	0.01239690354205423	-0.04019501008191907	-0.03793553176495497
X940852	0.010123444278118236	0.018232991164211045	0.007912091772888498
X940863	-0.00204311007740414	-0.019585338093527683	0.010048571364693913
X940871	0.01881342996941845	0.021765395103182993	-0.02154234918514419
X940875	0.03383119059690878	-0.01897195044447741	0.04179755122779533
X940882	0.01580988518079952	0.02036758020989701	0.02851118802105454
X940889	-0.0005707107822942529	-0.0012119749816851513	0.0019690702637902664
X940892	0.012961082253678416	-0.04992546984973692	0.009381444257179392
X940895	0.007571077326326794	0.0013818516272055353	-0.009424974266632406
X940907	0.015207452785667316	-0.027616256075953277	-0.0303575521102293
X940912	-0.020181161962444755	0.01886814899107601	-0.010999085150742046
X940917	0.017908265478176824	0.013058200455611652	-0.01899586551728035
X940925	0.07309881386537477	0.026111399742760985	0.07825437278971596
X940936	0.07385180617851647	0.05871218629444961	-0.019054058654904563
X940941	0.029460657203224515	0.010462904900684343	0.018697137810313052
X940946	-0.007365495525905584	0.013172772146026857	0.020227008978443907
X940961	-0.009812648670307527	0.00326824396422058	0.0021799088497656046
X940966	-0.01519572103218112	-0.004241217691653729	0.0016678214628600098
X940968	-0.026863132605891637	-0.011956180792872069	0.004450751891445813
X940984	-0.002444797089690869	0.004139601217325771	-0.05807230619206589
X941001	0.033866002437808025	-0.006063439926838483	0.03141071376775903
X941014	-0.07971496477824398	-0.01737367088179406	-0.03339157550242148
X941019	0.006025622672983233	-0.01819491735251918	-0.00802301803288232
X941024	0.004113169478128971	-0.005706106890674498	-0.010176288057758437
X941028	0.002204270554273858	0.012021264353360915	0.023041852597904307
X941037	-0.07274727752695702	0.060769071207907824	0.003123263309351936
X941043	-0.03195985525549049	0.018517951626875074	0.03572228059516352
X941046	-0.02329129978785793	-0.018581943956183875	0.012768226010877097
X941049	0.010952658934070766	0.029462234113569772	-0.026570264349403364
X941051	0.012858637111178184	0.022291574688060988	0.012048479541308407
X941066	-0.0019899887264991003	0.021738949814822592	-0.015325063446168453
X941074	0.024632913424777542	-0.02168567124512774	-0.013351357812830872
X941079	-0.007812285022454136	0.002199812140847847	0.0014586721497099938
X941080	-0.009887052021923245	-0.031099231376788633	-0.08882447083689475
X941091	-0.02743100110482361	-0.03455745355788955	0.05676885281286076
X941095	-0.013206923667648196	0.02539319725546102	0.0022256516277103285
X941106	-0.020908433133191403	-0.017058130093845096	0.004235549282337461
X941118	-0.00848661936059407	0.015844615192853823	0.020064581653487987
X941124	0.05870557436454244	-0.02845994096491493	0.0018089305558770096
X941134	0.005638762665736947	-0.006172125802258301	0.005969638283332231
X941144	-0.0273499528510071	-1.4769222717622414e-05	0.017013224366536583
X941153	-0.009351934974598419	-0.011414089698681079	-0.03552097124563503
X941154	0.007385727731527143	0.011984532004620359	0.00021617756512081574
X941192	0.017694197498322295	0.04297344218908279	-0.05398380601393225
X941202	0.005374668196692579	0.015817162654957324	-0.007355598317443207
X941204	-0.021982081114371933	-0.004605715337035053	0.01703825954260092
X941208	-0.0027540095964834095	0.040729656876003065	0.022727839537220303
X941241	0.01541269498813535	-0.001556338252814215	-0.0260192374714111
X941250	-0.016082110267874327	-0.013831916791310865	0.03068397913349695
X941253	0.015752855216038898	0.007308822732394437	0.014244290696795316
X941257	0.025522780912698773	0.019336709603810783	-0.009952484574332253
X941259	-0.02215714823745628	-0.008596722365517267	0.021072807905451796
X941265	0.02430741689841597	0.028475885095825652	-0.008688635308397898
X941274	0.003213166946131739	-0.0023790763305311857	-0.052446254387197085
X941308	-0.021191105480734107	0.0008526029364090271	0.018739694618638135
X941315	0.012943487994275152	0.017980836915496977	0.0191362132231252
X941320	0.0011944357263989913	-6.535047310295539e-05	0.0028327594240899314
X941321	-0.028894922293171844	0.0013677285350152425	0.009615478858862334
X941367	0.03958835652517252	0.0016995946742644004	-0.009373683593344232
X941373	-0.028070132119263246	0.02482592299863495	-0.02289691942579654
X941384	-0.06120135358717423	0.007689812628431016	-0.06354463244741124
X941385	-0.016247120568683732	0.0049288583090441665	-0.008231593116773054
X941392	-0.0986269332961385	-0.004906301573841246	-0.12623937784905043
X941398	0.013022667987094942	0.043158273335939065	-0.07761725034808843
X941404	0.0005643311122543764	0.0024972193018418776	-0.014284068154369035
X941408	-0.013272610999732539	-0.01001718441946105	0.017285975295936975
X941422	-0.012886032330981142	-0.012525157288375032	0.013707043897514884
X941439	-0.0006086241268550237	0.012645282703496796	0.00035140689844450425
X941445	-0.02914153931631707	0.02769033202115861	-0.03224191318804735
X941454	-0.011173935932954857	0.0058981278046175605	0.016893695497479655
X941460	0.0915152077627926	0.03256834263873701	-0.01668708784415957
X941462	-0.03080655781220138	0.024590352153741234	0.02290116157040593
X941464	-0.009145880801576915	0.00281218947673545	0.005230459424553122
X941503	-0.0006082589273088558	0.017958398372411668	0.01835871799236175
X941519	-0.004309726546041561	-0.003614672298883357	9.970984033413723e-05
X941530	0.021635535551046695	0.019908786488142174	0.011545945977760258
X941547	-0.004699571936183067	-0.0156832042708325	0.008894609040788886
X941582	-0.03422269215062031	0.014423554822997153	-0.021937787697723303
X941617	-0.017182333535587	-0.0048559919427667055	0.003905872487905699
X941623	0.055427073378898684	0.03987620417062999	0.011722825358384674
X941624	-0.008214725635414805	0.0015475853818081866	0.017231851627129337
X941639	0.01814950696334455	-0.0007823701959276293	0.013641265656885641
X941680	0.006383852174408157	-0.03800101113694838	-0.009302121585599737
X941684	0.03700675217936121	-0.015306545066217859	-0.004943436763681219
X941709	0.01763099697072543	-0.042232335306645157	0.03660575270548663
X941714	-0.010023650075629685	0.013982540432675062	0.02559464560601892
X941715	0.009565746406171196	-0.02061870353428906	-0.0012892047584866838
X941738	-0.010086362582780945	0.008569040999911664	-0.003618069364421726
X941759	0.015782520747178664	0.01489363283773448	0.029131809476420883
X941772	0.016817145306947317	0.04214361254230622	0.05707382219855255
X941774	-0.010311130449626555	-0.021537492248915487	0.0322368573934679
X941807	0.013421245532783744	-0.050613180672096636	0.006690741839876411
X941813	0.03960641839668379	0.013581670965982636	0.020635257969810205
X941817	-0.008431537830858728	-0.03610626729353989	0.014537666501877027
X941887	-0.023038565154820043	0.02769708603248328	-0.008972185474687913
X941902	-0.029617186262749888	-0.0072741271957807935	-0.023390222877321693
X942011	-0.013306679439795308	0.004607801910527002	-0.009553110440860981
X942026	-0.02008430901583056	0.026688217535254598	-0.03741468276103695
X942039	0.00014345256274562388	-0.012211294953282579	0.017319519812873458
X942075	0.022141945315808653	-0.0015465914803405622	-0.011454606857361905
X942094	0.0014886793791871866	-0.022625413534207377	-0.00836446976470411
X942128	-0.0002904273102002748	-0.0010204380127162656	0.002516836733323234
X942191	0.11040232131088946	0.04916983305700412	-0.024750940341706634
X942237	0.05193546563952813	0.024880207148844584	0.02728786805917443
X942303	-0.03472529294503813	-0.017943827139922763	0.010175419598036398
X942319	0.06263572915485388	0.07252151120783827	0.0032804796868287087
X942359	-0.007572729329156465	-0.016048086756389173	0.0017107453100686512
X942398	-0.0011530639190428797	-0.008713431719385389	0.01301574612445728
X942402	-0.02836144569555165	-0.07111730537647136	-0.040124317454504836
X942429	-0.028251224594506016	-0.009930127889442732	-0.029957300796384586
X942467	-0.013092476309840635	0.03428020428929354	0.00037531838979950276
X942487	0.04029099669457758	0.01661978930322627	-0.006719926932183579
X942489	0.0567300106443993	0.02295881417136744	-0.014876080789958376
X942490	-0.035373415691864585	0.01285315811378021	0.025754561164361464
X942504	-0.02133807865652579	-0.010892847229316415	0.01799122617828133
X950002	-0.017212661327298796	0.011270483348472464	-0.014089045233629714
X950003	-0.02732857054439343	0.03066431142280183	-0.013278441776298071
X950005	-0.011707687403705166	-0.0011568876431084368	0.006981614476368371
X950006	-0.005842894447853004	0.012185637524466131	-0.007421063200422799
X950007	0.01586467942899357	-0.09099988853393855	0.005584157722199665
X950008	0.0015745865704919937	-0.017952531234335104	-0.012281585928505449
X950010	-0.015152016959261548	-0.010532571382830876	0.009463789119108895
X950012	0.03254814687880142	-0.06572547690059174	-0.010864960023015777
X950015	-0.0017281465852767755	-0.00953377439761764	-0.006771328704766034
X950016	-0.006927175010353404	-0.011003447391454488	0.010528408901239168
X950017	-0.0035899308165162954	-0.006249174284052646	0.006442650485724993
X950018	-0.0025953737535643266	-0.013354458219561036	0.009904713460440317
X950020	0.004709139869550251	-0.0037143215429294345	-0.002940583508646504
X950023	0.11040194625490751	0.056152528791926205	-0.015447638370689961
X950027	-0.0008540946173346833	-0.004570531978107219	-0.00041582957660474485
X950028	0.13694703272065542	0.035196442774055536	-0.008525526430242101
X950032	-0.0021399359560381774	0.008849114037630397	-0.005541105081204148
X950034	-0.011771102834678583	-0.0038724927423630876	0.01069444239229813
X950035	0.0018444035180818165	-0.011670376823391084	0.0102229304618802
X950036	-0.01232873489854829	-0.007607010976619233	0.006381920919607482
X950037	-0.009107661710246427	-0.017419716166557422	-0.003168681794478225
X950040	-0.007657085540513027	0.007269766415241276	-0.008708384291591188
X950041	-0.005278888570152848	-0.006985316680407999	0.009735111505242984
X950042	-0.0074234519307516	-0.016648028633528333	-0.0013361360562983181
X950044	-0.006160988669377089	-0.0024484447358913124	-0.014018494260922441
X950045	-0.009437032550533067	-0.008304956916169497	-0.011335634663105217
X950046	0.006829545759776925	-0.016959344950992893	-0.0013008059979060026
X950048	-0.02324467133471765	0.012650168945776134	-0.0054485750064535935
X950052	-0.05731406414462182	-0.004835911379062429	-0.06945458677297062
X950053	-0.008930858217494524	0.003316858392815895	-0.015437919388688518
X950054	-0.004577284928992033	-0.013376399771523361	0.004236334973041716
X950055	-0.013194671681836077	0.01762670546829889	-0.01391402735611374
X950056	0.11652745609368455	0.033318457720126406	-0.020419158349215673
X950058	-0.03727121978320948	0.017815373342453575	0.03697737698213491
X950061	-0.0022259507981737424	-0.010065342412275607	-0.011930075793409937
X950065	-0.011866728802415629	0.013179285786613072	-0.006871461500781502
X950069	0.0044903675308370855	-0.013154561307603415	0.0017251823957806847
X950070	-0.004695849479080229	0.0056973540436162035	0.004938415522449581
X950071	-0.00033946084855877173	0.0011920805838641353	-0.014156801008058072
X950073	0.005366053940458069	-0.05870627237528056	0.02974728351759832
X950074	-0.002746738776032457	-0.002977057548756374	0.007434987000422613
X950077	-0.0006898512211834372	0.0032335797007517248	-0.01220526333686597
X950078	-0.008880070007843528	0.0029840575809650335	-0.008384145208666895
X950079	-0.009714565846610807	0.002293263411732959	-0.001440828153751241
X950080	-0.013341491567263396	0.013312723603914495	-0.013469120244921732
X950083	0.01867211149631871	-0.010465926508095382	0.01748285715674609
X950085	-0.006391819047868667	-0.0007352093516609678	-0.0003200410585385604
X950086	-0.010522015092343922	0.003068822308186403	-0.005709903115783311
X950088	-0.006640953223765165	0.006833039551456547	0.003139010551653023
X950089	-0.005691511711349978	-0.03135226261892983	0.02324699407322344
X950091	-0.008226516181913548	0.029452734832295394	-0.016059097882016846
X950094	0.008305034334914344	0.014739760533940176	-0.05460135311384767
X950095	-0.04578108684034745	0.04057640937037535	0.0007404496541032112
X950096	-0.005260993056500934	-0.0013347153977628689	-0.008099611433003879
X950099	-0.007012489407811817	0.03812204405689553	-0.040708214533930955
X950101	-0.01966414064565372	0.0023729024358424443	-0.0014268921765320964
X950102	0.011433257434824002	0.014880625798584592	-0.007638243810549495
X950105	-0.005502568113282266	-0.023788503287592085	0.0018298780616471304
X950110	-0.014521299531812562	0.012299638629200041	-0.011018239114554958
X950112	-0.008844751435158112	0.011192631209182999	0.010142522256985366
X950117	-0.0036707262477843135	-0.015898102533686842	0.012176683443539865
X950119	-0.001037149629169303	-0.005741843268151838	0.022518892771932503
X950121	0.009031966540132648	-0.009854229118440212	-0.0018417306875661858
X950123	-0.03994017221936254	0.03315446675822481	0.0010888168528279223
X950125	0.007057814453698618	-0.013511744427492579	0.022288040203489477
X950126	0.005473611631329891	-0.021171427854497077	0.01625779492565965
X950127	-0.040486411570209185	0.02084742039022493	0.009548606912043489
X950130	-0.00655765284625475	0.028494597380488786	0.04106765161229947
X950132	-0.012285796440964737	-0.0021440146742177407	0.016577194075058404
X950135	-0.015571213018662962	-0.003771903125859611	-0.008147747247419452
X950136	0.041678307429078264	0.06671020553338364	-0.0007600329215256288
X950137	0.004615635443657709	-0.015505893452668581	0.026880538045439065
X950138	9.423623653848137e-05	-0.008263441266425992	-0.000740346798582679
X950139	0.004630194868827101	-0.030788395528966044	-0.018365893461029136
X950141	-0.00620255470069866	-0.028579018254336935	-0.019468704430892114
X950142	-0.032616290959704475	0.025237699703940544	0.00032599853448662334
X950143	0.011146389735535603	-0.01762051974859534	0.009046226175778438
X950145	0.004947439132269904	0.006762118822753369	-0.012407036445126675
X950146	-0.0004954240447879429	-0.008366006288013482	0.015447863565502188
X950147	-0.02093728244346465	0.019743130895095492	0.018163639624368292
X950148	-0.04729312097943722	0.029702090797076336	0.008578001230464172
X950149	-0.005231751143090008	-0.005623011796656948	-0.011899263494010227
X950154	-0.006968317578828188	-0.003992704794726519	-0.005140266926257337
X950155	0.01048270158194796	-0.015600671066017762	0.011653297654774592
X950157	0.15020658765441217	0.02336517696614676	0.020900187392888334
X950158	-0.0029080575317116343	-0.006805284808300991	0.003636487894024265
X950162	-0.0074985048716524885	-0.007743867133718526	0.011599516743715626
X950164	-0.011642950430579594	0.0020724256231489436	-0.005202955058704572
X950167	-0.020067878556362422	0.039405824950056956	-0.013217976094970713
X950169	-0.0039636699163983396	0.004936674730920273	-0.018285981425100833
X950173	0.08632096560856552	0.02028632855027485	-0.005480529647674909
X950176	-0.002972676990181277	-6.529757754991511e-05	0.0072547236942842
X950179	-0.024883686475797424	0.04334291866158084	-0.037528770403044
X950182	-0.001424484297147926	0.004000236069963681	0.0027386483401147586
X950183	-0.006450315658659464	-0.02265078188834551	0.031014663728454937
X950186	-0.0029159303346083633	-0.034231488598275336	0.01748812966160745
X950187	-0.007859198903647084	-0.0033667524846435577	0.0034999480602861295
X950189	-0.03562157920117916	0.013221834647532947	0.006165034996989388
X950190	0.056978005767073354	0.04809785742819461	0.030977910789307776
X950191	-0.00039825252422415864	-0.002245126139057858	-0.004920267347459683
X950192	0.054995131798881484	0.03360200272952508	-0.01566233579885338
X950193	0.07284755316384509	0.05627722203032607	-0.019763404518728954
X950196	0.02708737799317388	-0.011834337035363674	0.005251294395978553
X950198	-0.005675746776704841	0.0053413920241152145	0.013178237123127254
X950200	-0.008563583280390908	-0.003886766833981002	-0.012877276479626788
X950201	0.00788407864227638	0.0011392604198542755	-0.003645479191150986
X950202	-0.001963101887894718	-0.002177980454296574	-0.008529042983466899
X950209	-0.011605484486086795	-0.0006523078049547218	-0.004974851157481468
X950212	0.0185962236764773	0.04588407080348189	0.00453143873774365
X950214	0.0015183321375555692	0.005236787374892326	0.005994404651483117
X950217	-0.013789965857567097	-0.008823445787905613	0.019496720248978267
X950218	-0.007634411633483942	-0.00616375299399668	0.007786394631205518
X950219	-0.007988118698004651	0.0011564908922452085	-0.020920035851237834
X950220	-0.012030186843714727	0.01461774600002105	-0.014101902109375071
X950223	-0.004423998786285578	0.024158572448287726	0.0030128349992743705
X950225	0.1457501207832708	0.03924514693709385	0.0001265882197009756
X950226	-0.0048618046903044065	-0.012890122770617947	0.009666607761751092
X950228	0.11921095826848613	0.05697077336891242	0.002041485594308264
X950231	-0.0013133382167791014	-0.022848886469378948	0.0005887419568652421
X950233	0.05439395474325149	0.0438573662170989	0.0080568335345628
X950241	0.007275263822909555	-0.006230919383955625	0.012904672127331077
X950242	0.0093013438608872	0.012994029497017558	-0.0067557493768371415
X950245	-0.025589964305102086	0.00449531280424461	-0.007365645324024558
X950247	-0.01031396948755265	0.008984374297905603	-0.01089045025245339
X950248	-0.011626176067878526	-0.0018048205830262765	0.00223742155117804
X950249	-0.011325206512809471	0.021636739736692757	0.01790443819960576
X950250	-0.001037574348839803	-0.019590246796743527	-0.04424689666267825
X950251	-0.008153055370629598	0.0010587863937649867	-0.007631381426006459
X950252	0.015193142935315596	-0.01054020409035661	-0.0012752231380824
X950254	0.058614657797143775	0.010617441740635038	0.02793969299632016
X950256	-0.02422106498962505	0.0013211403279829756	0.0019503627507897398
X950259	-0.001788435650056935	0.0057014519693704135	0.008745128538406
X950260	-0.013284831824881112	0.0030910637109882303	0.0033251068671658304
X950262	-0.004452378376005845	-0.044120829496552466	-0.03713271508133962
X950264	0.00608498317623114	-0.015255878552072293	-0.002981835854730128
X950267	-0.0014459636117294206	-0.013951286330617674	0.004174096122050825
X950268	-0.007240141365960482	-0.01991562060541426	0.006037934194885126
X950270	-0.0008293517905511419	-0.01094961800392569	0.009219674593295736
X950271	0.005143322159098198	-0.01623466650552156	0.0056392863157906075
X950274	-0.006616646970112559	-0.003427352004596557	-0.010235193955327336
X950275	0.018371531069141737	0.031103885931645744	-0.020256833490858637
X950279	0.008055124635546293	0.029645247187222407	-0.017596886707024712
X950280	0.0053175150461885114	0.002767891445334452	0.00594740755625851
X950281	0.014086019566700376	-0.0069117944348953695	-0.0011014585707820454
X950283	-0.0022961433438517366	-0.01735556612564238	0.013610495911325382
X950285	-0.006900002544175202	-0.007876664459737724	0.0032946666663427543
X950287	0.008536095621217038	-0.008117130764420758	0.002565056809940346
X950288	-0.01400793507192665	0.012350271778087079	-0.011203791048048712
X950296	-0.01632746765417761	0.004063130920712384	-0.005768539378078344
X950297	-0.026629988684347364	0.019021658445974046	-0.015062490012173793
X950300	-0.009159756981805886	-0.01996152211229516	-0.010633137872077354
X950302	-0.03181392761248302	0.015290805572802251	-0.03750206895775236
X950304	-0.010936939179814692	-0.0009354821388790588	0.02155435671938353
X950305	-0.008549742565955896	-0.01989759148627792	0.011763465089626285
X950306	-0.0032531225967203812	-0.018655045050606212	0.005863234084936729
X950313	-0.012381574615006526	-0.007060884453244256	0.006473586263724591
X950314	0.012213013494485503	0.02090855504642799	-0.003853934676969773
X950316	0.013838986732616671	0.003930025947239572	-0.0015430970047021408
X950319	-0.00911774701200066	-0.005829536820686191	0.01742638912893592
X950321	0.016554166797613172	-0.0005038685660588569	0.005688654349030486
X950322	-0.02442755867524972	-0.004201818128768382	0.0035734153189707057
X950329	-0.02125427676467932	0.020267474340009996	-0.01522208524063487
X950330	0.007352768328469497	-0.012667055624134711	-0.0002889885223413326
X950331	-0.006137205151388215	-0.010343091585875994	-0.010316761497089136
X950333	0.017248596944441787	-0.004612494503070639	0.013748848034622396
X950340	-0.024929839803683563	-0.016575637274211092	-0.00035078818570233235
X950343	-0.0032747991387187016	0.005549415944188194	-0.0011485099016497898
X950345	0.016244831528858396	0.010959478317323025	-0.011875125756528968
X950348	-0.00039794989136406923	-0.015383950427121259	0.01671733903338435
X950353	0.0010744234872873595	-0.00790605895656109	-0.0026583796720678265
X950355	0.0032274770951584804	-0.010542194139792935	-0.002372994935352979
X950356	0.04635958638412402	0.026373498021844535	0.008865266107004357
X950358	0.008310620977502717	0.05033409539661945	-0.008385192260065278
X950359	-0.002937261852320646	-0.015186406564851344	-0.0016388451415158445
X950360	0.005454705484634375	-0.010070027611228417	0.0026630147123991687
X950361	-0.0019471693770575947	-0.011159200966375663	0.001231998171284935
X950375	-0.006083664792472019	0.017925684663167497	-0.005167848346683419
X950383	-0.007853623740347338	-0.0313587390531308	-0.0018961050830651573
X950389	0.01291483962540189	0.010847517586385292	-0.00681527946962531
X950390	0.009211214099162137	-0.0011972519879041427	0.007206008912290565
X950391	-0.008023988953272753	0.0009786289401784464	-0.005454405974604918
X950392	-0.003980159753312636	-0.012327465327422899	0.0019576947036037905
X950396	0.17391953278801456	0.051925064404254574	-0.008389274008130181
X950400	0.002759584845555455	-0.019976193766944608	0.01135985560798556
X950402	-0.0011232662808197482	-0.014279564185667667	-0.012526466924302962
X950406	-0.027396409839755935	-0.03356029810819693	0.20061936724465537
X950409	-0.009830576991239294	-0.017033090941734975	0.014441904243883625
X950410	-0.005746596455691296	0.027079884225250175	0.01630117387620225
X950415	-0.0026847509302310568	0.11656374360766261	-0.053220486559791065
X950417	-0.009948759797575264	-0.010541497324536029	0.006085369200177851
X950422	0.0012802616316851608	0.011845419643910933	0.0188772148474352
X950425	-0.014699778649021996	-0.003066157757771978	0.017700163679510952
X950428	-0.03173243287014067	-0.01573784419009562	0.007655132357793537
X950430	0.013681667872612525	-0.014119714930100028	0.010194218479807782
X950432	-0.010557799002117054	0.003013289616889246	-0.007656856988806754
X950434	0.00025456273692624784	0.0032235499327673833	-0.002045431465735414
X950439	-0.006593465706440044	-0.007877381294623531	-0.005710898711987562
X950449	-0.001385968094622036	0.014918123527230228	-0.007259225351094858
X950466	0.004708498285422317	-0.006535416646417476	0.0010865078187918004
X950474	-0.01872028977288235	0.018649723829231683	-0.012857166939837883
X950477	0.0261675283484385	0.005375536582264557	0.023294364818571313
X950478	-0.005691241655300955	0.0011451976293645667	0.011981823773037206
X950483	-0.0009341351348100338	0.010614553472770485	-0.0030559597841419406
X950484	0.011422587514081511	-0.006905225105665258	0.012381056751275465
X950485	0.09916543491603425	-0.020840616067311343	0.011667544640603015
X950490	0.008629074082462777	-0.011076249556865734	0.003519168318743549
X950491	0.001305341653223717	-0.012801012491556357	0.004953899802020542
X950503	-0.005364004736803348	-0.011657410320731832	0.008094173427351619
X950504	-0.005155588243688243	-0.016925494012128797	0.006529132695695425
X950509	-0.00911010311538575	0.0030552507613350664	0.004273332108638201
X950512	0.00829091235095856	-0.009365202451450663	0.0017761760457955988
X950513	-0.008498199813000302	-0.0022722299072817516	0.007397004460121512
X950516	-0.008849866565991148	0.0007651845797118599	-0.006371352454964303
X950517	-0.009325420909491454	0.020704237863446828	0.0015560233276419747
X950521	0.019934896094273107	-0.0008040329663062883	-0.007953975271916916
X950525	-0.007191171556898029	-0.007367465235504797	-0.004146805573705002
X950528	0.003345609766004121	-0.01470689795683024	0.0052483047163249105
X950535	0.004482607811101268	0.010040315321606772	-0.003437340798339208
X950536	-0.012603782037510891	-0.013517307395565668	0.00580822045834072
X950545	0.007546205862760436	-0.011657404348930901	0.0036231627343647414
X950548	0.008646810046325277	-0.02917435984880563	0.0005262941460240019
X950550	-0.005548374086444327	-0.009158936419980524	0.015015862939609667
X950554	-0.02228759482250694	0.0435070657513439	0.001230824372347751
X950557	0.0037176213077996694	-0.01660610116484086	0.0007776548979410802
X950559	-0.0016361275382421184	0.002178103984209746	-0.00511227116875556
X950563	0.0029132929574286637	-0.0024716413564396184	0.00212172138210224
X950564	0.013541722251321418	-0.0019206754234931034	0.008481161807100271
X950570	0.009679897284822535	-0.010674486902671178	0.0034772905631993618
X950571	0.00032989818233300386	0.03416814557821605	-0.06688548781904008
X950572	-0.007585011050929521	-0.009684206581204622	-0.00126537453188185
X950577	-0.006698093858307188	0.0017756287329592272	0.009655972770709816
X950579	0.03405756257797966	0.01440143513841755	0.001239356369672323
X950584	0.07051913146314563	0.017699249347985543	0.06463785986779588
X950592	-0.0007171661799373961	-0.006702764118883216	-0.0004179929603972959
X950593	-0.008213071187481397	-0.0019283000413852366	-0.0026818570460992283
X950594	0.0013936577607343813	-0.025365195739340318	0.023330613242189296
X950598	0.003089899870987947	-0.011311316365560086	0.006972477231115766
X950602	-0.009335712627213088	-0.0026787559065671986	0.004107345620854191
X950606	-0.016527855695535283	0.023304449815131363	0.0024621900329188065
X950607	0.030611901976551618	-0.012666416068907815	-0.012417626386802667
X950611	-0.0047889193159446775	-0.02418685933573936	-0.0020680339159960676
X950613	-0.007486777705836417	-0.022700718909624603	0.012233444896382801
X950618	-0.0027596799950334694	-0.010962876792456763	-0.013403716143346275
X950632	-0.012358622464472427	-0.001828570127453785	0.0002937158015335697
X950633	-0.03820725990089952	0.047671907749507435	0.04334155561793489
X950637	-0.001743278468147289	-0.01737387226218171	0.004589307991175224
X950638	-0.010077074510784129	-0.020255003278317158	0.016721116024698158
X950641	-0.013998582558899159	-0.020234892229615005	0.006161377886348864
X950642	-0.010083372835784591	0.0026464748210841605	-0.005068203842843048
X950645	0.010623207760398842	-0.0015012828792413068	-0.0013948385515813457
X950649	-0.0016761183720310445	0.0008817287252471708	-0.011723138556595509
X950653	-0.018700234400422018	-0.00969774186016379	0.010042651301543486
X950655	0.009313822710625502	-0.011172816042875738	-0.013282193261752192
X950657	0.037237933586386295	0.0006004116193953472	0.017183037218244077
X950661	0.10201102682903508	0.0710665019045742	-0.025758115423531135
X950662	0.03845830719569828	0.026158110524865195	-0.013323429996905334
X950665	0.00513337594694775	0.006823203815375221	-0.005560832503383205
X950668	-0.00506670855244267	0.009783204490417368	0.01609382191597121
X950675	-0.0025733625998255404	0.006505331845830209	0.0059013976408959804
X950677	0.004300096623183204	-0.0022215351757481996	-0.00371444028965012
X950680	-0.0004973709842796751	-0.005641033439068597	-0.018671031504551565
X950687	0.01792180224264275	0.018185090208848318	-0.014712076417257995
X950693	0.012571134247902864	-0.008141961337196586	0.005054051104005162
X950695	-0.0003200400824868349	-0.005605741851924603	-0.007974025707209561
X950696	-0.008491288043913586	-0.008741631906921902	-0.0008971962337525606
X950705	0.004984240368495927	0.008378932903526167	0.007957869829207324
X950714	-0.06028923442047178	0.03831770227314948	-0.05030438540022628
X950726	0.030027961352881695	-0.0850190255073541	0.005008530544216331
X950728	0.019597104099981714	0.035420187303770445	0.013444352437493744
X950732	-0.007354629744505278	-0.002650140168208862	0.007359857582886906
X950736	0.019738320474724205	-0.020772548770811673	-0.007030515573203562
X950746	0.0026472938975794884	0.005513995366467944	0.001581673670487849
X950747	0.006816066462655569	-0.017080182179430616	0.00479754155723115
X950752	0.006977832993578416	-0.018163336724008525	-0.009687895253675027
X950757	-0.020433650703178884	0.009235887210673801	-0.0026729094058738365
X950758	0.007085151506677555	-0.004539402864790745	-0.0005708421734078264
X950759	-0.004618769704641728	-0.01016707888505273	0.01550196841000311
X950766	0.0029950823778491197	-0.00517442130071419	0.0016699154353648853
X950769	-0.03469643378448101	0.021720463727785078	-0.02253720649751228
X950782	-0.009830834904637849	0.01201792463362659	0.007219548235081677
X950784	0.004868226915043365	-0.011393986973840926	0.0018374996456332936
X950789	-0.011559860153028633	-0.005351544380522547	0.004099306432124802
X950796	0.00941655129627068	-0.022493998375413892	0.01389606126790811
X950798	-0.01067276321751739	-0.023137983668418818	0.010659701050992386
X950799	0.015267657018493194	-0.007065608044700851	-0.008932827780005486
X950803	0.002355373681513708	-0.026301367391942984	0.006634229292544235
X950804	-0.00920401421480012	-0.015574287615512994	0.010703514099409867
X950809	0.0036299498314733628	-0.017300237421187123	0.013995097773156034
X950810	-0.01333887914675503	0.004311679167182186	0.02893431235445369
X950813	0.013213574623627988	-0.01442987005799518	0.018966911314217294
X950816	-0.0017269405864423805	0.021842122037555395	-0.02458508918310808
X950827	0.033510516006190184	-0.017535077271216344	0.00047490370362462573
X950838	0.007535441835976373	-0.019076145595722214	0.013713460774375881
X950841	0.0071867705694591295	-0.016631052159207953	0.01610274353772257
X950845	-0.01181218336662244	-0.015176987472607378	0.04988173533065071
X950846	-0.011214670137022572	0.00818196878542231	-0.0029693380530332884
X950851	0.03913159436979547	-0.006301991538400535	-0.004526932154987309
X950859	0.013223833846760728	0.015699019042359104	-0.01111776763155411
X950860	0.03724048222408335	0.030646959027229286	-0.014794515043454507
X950869	0.004261399843013247	0.013237879863113948	-0.008836913717830637
X950873	0.007718478529182827	0.004238973291455012	0.017708530441854713
X950900	0.01979793538203056	0.032457572642017304	-0.006109928816658445
X950904	-0.01168127368965291	-0.0047820567224185866	0.022708372234899275
X950906	-0.012217360922568237	0.021605417793247136	0.0017856463395613566
X950911	-0.006324409038348208	-0.024427903434377923	0.003380315381866098
X950914	-0.009390506692172	0.002082915718062387	-0.024517729031340623
X950921	0.012311270185220975	0.02809660178652916	-0.013390094248606843
X950925	0.0017477894206981643	-0.03822215000692425	0.008753843572942217
X950926	0.021317901976408014	0.012979519144752616	-0.019913651982429996
X950929	-0.015169490422294239	0.013683858087396401	-0.002725430193238255
X950963	-0.015257033612598227	-0.004080932248695938	0.020015228637910387
X950966	0.0020406806644493987	-0.0035651499448579606	0.015544696454824541
X950968	0.0048420848462147285	-0.04379599538255698	0.01096189178966288
X950987	0.006799514009720378	-0.0009475979156500365	0.001899924379175725
X950995	-0.03801209630381578	0.01904498572250212	0.006330199187687417
X950996	-0.01674241020491817	0.0002814881189305459	-0.0045694211280691635
X950999	0.07987196591041518	0.014183644075008925	-0.010007028358350295
X951002	-0.0036437166719372	0.008851382951131899	-0.011953512916142736
X951018	0.0005967194755976129	0.01930605623288049	0.008653008060966819
X951019	-0.013139836733893037	-0.01647623303922397	0.045463485724738184
X951027	0.010206459424381769	-0.027531249064705755	0.015396214453652145
X951030	0.0030476307507544893	-0.02507924365760557	-0.015228170042305793
X951041	-0.008887850825258926	-0.007976900233898496	0.014121741544931447
X951051	-0.00980575995540043	0.01590391267468709	-0.003568947210295411
X951054	-0.005612308894133691	-0.0053406212410954034	-0.004688555645057864
X951055	-0.0025463678518181073	-0.0021941917993604683	-0.0012120283040517985
X951067	-0.0029594960136349385	-0.008940886181476426	-0.00018425002228459185
X951071	-0.006881717633301569	-0.014603245267316189	0.013436427622571145
X951083	-0.016390559930934263	0.016107496194518393	-0.0032639816917896932
X951085	-0.02026030410071287	0.013450437783403348	-0.010970813195022822
X951115	0.005189003024490821	-0.004866269894227466	-0.003567181784203515
X951141	-0.0004232505319235066	0.03629130487804016	3.173249582456297e-05
X951144	0.002233783797280953	0.021933651692246953	-0.016820008907898334
X951150	-0.011478194573576087	0.013495892067015867	0.0026623203762293976
X951151	-0.01338580161070771	0.011354876567428033	-0.010196069735543042
X951154	-0.005026489023478547	-0.008279914580145133	0.02082996816846839
X951156	-0.0010275261960527985	-0.015737488799332525	0.0061535582476790855
X951162	0.003931671765242439	0.007736722913924041	0.00870563053638298
X951171	0.005808387482944765	0.0002720540453492299	0.009046121388755553
X951174	-0.012427673372678272	0.018336622015718368	0.005928913872440043
X951242	0.006710451266766313	-0.014783420341032728	0.004475642380020568
X951273	0.0022209520838943155	-0.004294887379392649	0.01140503137292369
X951284	-0.0004717434064176389	-0.009984014731549995	-8.082210293394745e-06
X951317	0.0061057744093365104	-0.02117235873305501	0.016485922553463248
X951318	0.016104290507092174	-0.008499005884828633	0.006013227330757142
X951322	0.0071347970150516336	-0.01804705036662735	0.0022533343776684014
X951337	0.01383821851999393	-0.0009873419467016998	0.00033668574801734374
X951365	-0.01984398852721911	-0.020938939293948383	-0.015382698652789855
X951409	0.022758651843703587	0.04763789322859971	-0.023784926564626746
X951429	-0.0033296426348063545	-0.015295192013290623	-0.006124160039748871
X951457	0.032088759093373026	0.005746835312288952	-0.0007542184759924251
X960001	-0.04302912822051	0.019007454670758688	-0.03750974679021612
X960003	-0.002069069172253363	0.0015374102584464289	0.021666065962413408
X960004	-0.0016200935053071316	0.01574921170799966	-0.03428382306321212
X960005	-0.004771441230820726	0.0011823245389816685	0.007500055841681166
X960009	-0.023426567225065555	0.005668203657206446	0.041656849188622364
X960012	0.006634699839043294	-0.003914556503033464	-0.013312769909379499
X960016	0.004655859303962915	0.016400689261562795	0.0019666156072295346
X960018	0.01588442110089172	-0.030796895750853932	0.01631528076657534
X960019	-0.05726382490203073	0.006294551608670935	-0.09122533774847856
X960020	-0.002049437350186572	0.026173793244938074	0.02169366181659264
X960021	-0.02742156492306167	-0.01165730693561359	0.008385038286280448
X960022	-0.007571383286891228	-0.005359976122177964	0.004558871424483088
X960023	0.010811417227356328	-0.06018105898598908	-0.03594348353382714
X960025	0.0015238350086292974	0.006662193028529979	-0.01052784835712093
X960026	0.005770251234524503	-0.02093520693038182	-0.0145687276582262
X960027	0.01138738765320539	-0.01622069812165426	-0.00666922161043349
X960028	-0.022073069581695328	-0.03335533054536799	-0.06242649853558862
X960029	0.00798720387016844	-0.02271001458680408	-0.038557543335749005
X960030	-0.023877636415070517	0.006682181247646956	0.02430627758152965
X960033	-0.02340597607441461	0.023992082187465808	-0.008743590737879479
X960035	0.07812861792262799	0.07552768222472137	-0.0030928120397712
X960037	0.02906890295123806	-0.03781400439478443	0.00581443611088619
X960039	-0.011430358415278782	-0.001567915504260252	0.01489592955789512
X960040	0.016870043748799125	0.028391696256443076	0.009785210084707499
X960044	-0.01147053747376733	0.023871722839320736	-0.0077577640424323895
X960046	0.06690145631369987	-0.0551487808723724	-0.038880029756396754
X960048	0.022615357993000705	-0.011255587877775	-0.04955450287523361
X960049	-0.008867575563872394	0.03883840126915188	0.008742624670414118
X960050	-0.0072418355276748225	0.004050107972970876	-0.010739739228341682
X960051	-0.015854062223140265	-0.019154514627547164	0.009744833870230342
X960055	-0.014548091087712914	0.01655745420253121	-0.008571655371429643
X960058	0.003176792984267394	0.003037038140259483	-0.002126869228164295
X960059	-0.014943628452373195	0.03139412053139331	-0.02714343394534197
X960061	-0.03205374818450399	0.03767865816267649	0.005933476446343469
X960064	-0.002543641525771829	-0.01447098836026505	-0.005032904450081848
X960069	-0.0006368721271263584	-0.022524278833854248	0.001496598446492133
X960070	-0.0006360715625503508	0.005696709594709451	-0.002511065579045642
X960071	-0.017420913342374507	0.012510836973668626	0.0007422415657477842
X960072	-0.032045540417375167	0.021479857267669145	-0.005501467768788909
X960073	0.015071485190755208	-0.037648969939907455	-0.017774774453645316
X960074	-0.01359135716892676	0.03317248102252464	-0.013118613016432707
X960083	-0.003975633370746772	-0.002641026111831397	-0.0036211713223178376
X960086	0.03812703147640775	0.03201491091970564	-0.0505506744631201
X960090	-0.020665132114617134	0.014836996514012785	0.0047633836749303915
X960091	0.013301856480807837	-0.017648534976830832	0.012536447918950585
X960092	-0.028460782458341518	0.026832587662203655	-0.009509820456297051
X960093	0.006482895769476912	-0.0009091146055755775	0.02367581940249897
X960096	-0.013929484398359806	0.041682825375651524	-0.014797795117412365
X960097	-0.008535263322819375	0.00014441727340716942	-0.004604364989970712
X960098	-0.006925480607729697	-0.0021838718362572956	-0.009929788683228236
X960099	-0.0029810496115102343	-0.007829361836375698	0.01610060864339898
X960102	-0.016273999589074946	0.01580292097989996	0.021781711554366243
X960104	-0.021200464923204206	0.008964300602862968	0.008366530201149113
X960106	0.0001756343490657583	-0.007864748508695415	-0.013275799647066657
X960108	-0.005335077106659223	0.0009110291311250294	0.009519014389288264
X960112	-0.020355082087413698	0.0047525365751661655	-0.057186689723401976
X960113	-0.02025635376009553	0.024183945922292487	-0.002105029993347857
X960114	0.008649144725574131	-0.008291991988302187	-0.018062078559078286
X960115	-0.0017894721254182117	0.0044711000034689625	-0.009116902572586407
X960118	-0.002514707143441615	-0.08391222322646992	0.00983867261592026
X960120	-0.008382536179602986	0.0028289318178973126	-0.001532483161197434
X960122	-0.04424616283602649	0.002677559731873663	-0.0019865189580229687
X960125	-0.007921928146265177	0.02639116865478716	-0.028023879996145407
X960126	0.019796200290438302	-0.002982358325051917	0.01708100388482595
X960129	0.0162091487457515	0.033079323207995746	0.015743947790285207
X960130	0.007071885798385006	-0.007463975356154681	0.024892828221725817
X960131	-0.020302317452409548	0.03318355780216878	-0.004368633371160583
X960136	-0.028307568888938688	0.015414961651236224	-0.008013159832014834
X960137	-0.0020784440505650296	-0.010375942623807206	0.015488471305733678
X960140	-0.012205414620165375	0.0036098187275562118	-0.017776720665182277
X960146	-0.05413786652341931	-0.02149628401385645	0.14484441843834736
X960148	0.007907677493217875	-0.02141777356937482	-0.04591842726558051
X960149	-0.009216156375932094	-0.005633309193677303	0.010634940333222015
X960152	0.02376810979266369	-0.007175226117930868	0.012917546253767193
X960153	-0.012469865508353661	0.0334422980690365	0.029521143151253298
X960154	0.02430958976533371	0.04480091992268216	0.006216588540849189
X960158	-0.011070550203495004	-0.0027282291647007678	-0.028390341459316282
X960160	0.018392602071503086	0.022450906742006713	0.01190392868875566
X960162	0.00032680587533134533	-0.006683022302333754	0.013902135109416163
X960164	-0.010357504812487806	0.018160398222851107	-0.008718823895059886
X960165	0.004108292458779117	-0.02027002828139277	-0.04316219935776471
X960169	-0.004123195362691361	-0.00602463723561568	-0.0014966216640776907
X960171	0.011703288854303964	-0.0016666903551009078	-0.017313344151769505
X960174	0.013810365337291361	0.012985751826985071	0.024663225482227973
X960175	0.0031146487962567066	-0.007453831492938872	0.00673254930339781
X960176	0.017927557175087212	0.004965093217934854	-0.01971122524135651
X960177	0.00917101387552692	-0.054767626530845936	-0.03326404806458141
X960178	0.014670693808558732	-0.011797942257015031	0.01294653283115487
X960179	0.0007996134836701515	0.0055790713995902885	-0.0019147706545348247
X960180	0.000891166250712983	-0.025077161407278326	0.04240266896106552
X960181	-0.011527464412775947	-0.0006403696860693861	0.015228417318419413
X960183	0.023711574547651812	-0.03142677082465768	0.00031314455856465564
X960184	-0.02229786289889955	-0.0070221847793147385	0.011937288263109556
X960187	-0.029179945225802847	0.044426501087316175	0.0065256638900118395
X960189	-0.024943207783215196	-0.034402999771655875	0.10290387126052515
X960193	-0.017283417567678223	0.0842766733727325	-0.04711554244531296
X960194	-0.025149163931664425	-0.004069359223793125	-0.0605436100845801
X960197	-0.0002191421738777773	0.014944247591495458	-0.0010564699266304293
X960199	-3.037877940949131e-05	-0.0015476593619066388	-0.0029888741669025724
X960203	-0.00028576391210351074	0.010487477199533	-0.006855595516639504
X960206	-0.06791486750022128	-0.043285706156407	-0.05616764378161042
X960208	-0.032859117441458516	-0.06266141109807735	0.12181066521726147
X960212	0.0048266356550623005	0.008500900231256018	0.0027517321795516797
X960214	-0.03213726955791097	0.016654199180133476	0.038458023695584535
X960216	-0.008266850170998775	0.018900580716713813	-0.00020394835606616418
X960219	0.02812749671713296	-0.05534669288555919	0.002937194958824856
X960220	-0.009341517211501019	-0.04118150315898534	-0.061345274202283896
X960221	-0.0045643176310534396	0.024757744582609344	-0.0378446171064757
X960222	-0.029071631656003464	0.040900148204594394	-0.037463376379642394
X960224	-0.009758139413962275	-0.005338802319141359	0.004446352794346973
X960226	-0.044681627244989953	0.15933693860810594	0.10381010384669961
X960229	-0.013643325430692433	-0.006798414047420596	0.008991403438612378
X960231	-0.023907335059770933	0.04633474142558655	-0.011153280420114367
X960235	0.02202393939353149	-0.0012063260734300415	0.025099847630179584
X960238	0.013392436910805872	0.014926664320027913	-0.02294089083216967
X960239	-0.04538311731373878	0.05737500442646424	-0.033731825804466396
X960241	-0.015341432919021989	-0.009391940962006485	0.011285731079972482
X960242	0.15502240458003913	0.0727825478031701	-0.023320070066514414
X960244	-0.009393489105112523	0.007560258745501367	-0.01573820726642554
X960245	0.03703807296865995	0.005816798813670498	-0.012232474048470532
X960249	-0.016223719314732335	-0.014966477237286637	0.0207914198618573
X960250	0.003149122296733571	0.003775944152384376	0.019300515801299236
X960252	0.0130514221631232	-0.004032865976550411	-0.010962485479537648
X960254	-0.004383695943181515	0.01804503973826839	-0.023400696076309506
X960255	-0.0074472181414999535	-0.003511846018490596	0.008947370779196502
X960263	-0.010837277417814201	0.014637395913754219	0.001650218125586388
X960264	-0.013453336007466558	-0.006198609299402371	-0.008253755555504517
X960266	0.010929605827944697	-0.0017503592597440058	-0.009100405607002263
X960267	0.00024269301894856555	0.003476262944036655	-0.005615500980476899
X960268	0.017283207832037448	0.030582168859750642	0.014219013138971235
X960274	-0.025591388847407623	0.013703572774830287	0.00262432127383718
X960276	-0.015444936383929108	-0.009070280115839296	0.01672772904010969
X960277	-0.03393803968579347	-0.033421221204085715	-0.042938124436670604
X960279	0.0308863042747935	-0.025926094117182788	-0.0028676035663473386
X960288	-0.0030021754764619794	0.003867292079382683	-0.004941571185330894
X960290	0.005529408621625001	-0.010186692709941363	0.020448031040426393
X960297	0.0010472379185258553	-0.008264290646880685	0.006256091436598088
X960302	0.009523565790337224	-0.05529636258296347	0.0007840511425102748
X960303	0.007170921373071112	0.006404984566063203	0.02065515695460041
X960304	0.03336914414943886	-0.03230558845914892	-0.008951196365510419
X960306	0.046484710646026405	0.018353082824566432	0.0321483345937064
X960309	0.062300871393348625	0.019261345336483108	0.03210173607190988
X960312	0.024617025028615087	0.01138434791657055	0.007897798392827528
X960315	-0.017552116313419606	0.014062236719094278	-0.004095381326366669
X960318	-0.0055590422779851845	0.03013139623408337	-0.03566385708077003
X960319	-0.038748814352065085	-0.0018643404189398805	0.025398484058232567
X960322	0.005408962237480389	-0.019348551777795146	-0.01420107731017345
X960327	0.0027783558170798627	-0.007199751770551581	-0.013192590505021853
X960331	-1.0318175470866671e-05	-0.003178406753785894	0.024885058495918346
X960336	0.02192247774173912	0.0170065548871873	0.03981550524037234
X960338	0.024088485751396393	-0.0835163932410253	-0.03132451567043935
X960339	0.0060209175375082035	0.00828941162454108	-0.0020241253231407306
X960341	0.008677011478884928	-0.009862735055137144	0.03857147394529882
X960342	0.018226542065447694	0.019032262168476848	0.004987847303173491
X960344	0.019717550461603103	0.012375366328817696	-0.013724607060256034
X960347	-0.008081667905704528	0.0015870526134616697	-0.005502154891852521
X960348	-0.00547538015875932	-0.007106381863136457	0.011843348686839528
X960350	-0.014161285058005162	-0.0070400243558155365	0.010246107009263266
X960351	-0.014498561371078234	-0.012548907822863433	0.004962738132570062
X960352	0.02053850308624626	0.021177878138887614	0.004281366211112619
X960353	-0.04547132197550823	0.021124278385282396	-0.03520207506218042
X960354	0.020885004181585343	-0.08550966120351094	0.0046101336445878325
X960357	0.00993786748110701	-0.07440373592967342	-0.04881267635977219
X960360	0.10789125321179828	-0.04254655016429223	-0.0066457199491850956
X960362	-0.019788708422069767	0.005780048757960512	0.009589803931570664
X960363	-0.02959602024578635	0.0084713279015136	-0.052772373969948924
X960365	0.0035584907226318256	-0.010496189586057445	-0.01968331413507132
X960368	-0.008027650666042408	-0.003200882987289255	0.006517978112252823
X960372	-0.02213084915655883	-0.014201775445860704	-0.03766517403361264
X960373	-0.01604285227966703	0.011976393581097979	-0.0014599351666372401
X960374	0.06362685362412229	-0.012698156487924609	-0.014879763524705356
X960376	0.05218704896299658	-0.025869132918688177	0.0026802621363329264
X960377	-0.01016237885086269	0.02811858682768594	-0.03458914581021591
X960379	-0.007392935769747269	0.006171201347737785	-0.0006637313601096646
X960381	-0.03475202006993281	0.016496519002280323	-0.0039044967555427025
X960383	-0.03263494940297346	-0.008643705305446163	-0.03759116839153607
X960385	-0.05191302729502558	0.060938308941363734	0.01319663994628822
X960386	-0.035637329911545036	-0.014409601349626875	-0.059754460094393246
X960387	0.014440727015691426	0.0014608110931512252	-0.043693015217734485
X960390	0.005416801299105367	-0.011572391563287843	0.004314093644698752
X960394	0.029928055707655356	-0.031845738684692725	0.003796321529346608
X960398	-0.03249808705297837	-0.0024457646888148958	-0.007616845063028701
X960401	-0.012647806666721648	-0.014009030627391169	0.051377604267506365
X960403	-0.011942295473147907	-0.01087768794264803	-0.005724408871312141
X960404	0.010212302264977748	-0.0005621506616418736	0.019968010820774998
X960408	0.020668050398754398	-0.11740138410620973	0.0037814824637443633
X960410	-0.03382843486926198	0.03925370119580862	0.0038449836552148986
X960411	0.01581912571306399	-0.03423083146957345	-0.0034512044800071046
X960412	-0.020002095141034022	-0.00986180597570534	-0.001692832904932557
X960414	0.019061202944198042	0.023624660817731565	0.015603631751799242
X960419	-0.011733908363179248	0.01222443268845049	-0.005444163582721632
X960421	0.07089146114455386	0.018700072293805756	-0.04321369322756773
X960423	-0.01334300900372013	-0.012173092866533427	0.02621913844944362
X960425	0.008112204586573357	-0.01795693406305683	0.0006104516582214204
X960426	-0.006078542682175801	-0.005103195086454677	0.008946615891908467
X960427	0.02010740597744375	0.015772915535989158	0.024332426548971015
X960428	-0.004103180140283584	0.00027078262481411566	0.03695596803696056
X960430	-0.01284564209526534	0.008491826575082649	-0.012788671125152773
X960431	-0.00036435091240630057	0.009727307042312314	0.005712637064601303
X960434	-0.014024713582979416	0.008679895229503418	0.02640177707454973
X960435	0.06604075013092608	-0.005161653420547588	0.007287767138857748
X960439	-0.004136493259226902	0.0013924489109120378	0.013493723159522441
X960443	-0.017103794657112887	-0.0071853467002315164	-0.07351331499029551
X960445	-0.008244207762420096	-0.007648228593599797	0.006344263822465136
X960446	0.005261732872453847	-0.0022124789638201573	0.0013632099984226187
X960447	-0.008862268586000893	0.03053515968558464	0.003966393098097018
X960452	0.010254952402520898	4.2823062800715366e-05	0.011032728270664514
X960463	0.10006186708002758	0.06778731614308449	-0.04745267283868719
X960465	0.07502549747426324	-0.006093519750581561	0.023438489212349985
X960478	0.00941640260541527	0.0018361347143222484	-0.01857137020521699
X960480	-0.005683209306618666	-0.02605479548764282	0.020985035972254963
X960481	0.014173845887737391	-0.10846659264477161	0.011994635103681308
X960483	-0.03395532368941185	-0.010350868418911034	0.0221717705791966
X960485	-0.018823357053557137	-0.10446020425753506	0.1310978351406529
X960490	0.019283894772515405	-0.01748176603517465	-0.0031902737338876204
X960493	-0.021322937268149558	0.03612873631045288	-0.03499512424539698
X960494	0.047411874774787366	-0.027669105057150808	-0.03920014982632974
X960496	-0.006821524732729151	-0.007055714947271926	0.009249780569535916
X960501	0.0021612838107259546	-0.0016381672360771323	-0.019139663809240794
X960513	0.009767322250395914	-0.002129972517408437	0.002780336132428218
X960516	-0.0076657105348120255	0.025229899245028324	-0.009269665437573685
X960529	-0.01642954007282072	-0.007138513812127923	0.012913509465855089
X960538	0.0011940277463414167	-0.03766521410455795	0.0028641163571155857
X960542	0.06010506567629836	-0.12679800351026202	0.01832755493005198
X960544	-0.011445283929323816	0.0057560568518038565	-0.01524473781987967
X960550	0.015694809514733576	0.01392579723600099	0.020108795881039407
X960551	-0.0005282936013638799	-0.0007521704467959792	0.009315890597325781
X960553	-0.012830830179037602	-0.012644879502509834	0.013490616277546172
X960557	-0.022351531899814626	0.06047500477882734	0.00012319295451456604
X960575	0.03282253142711372	0.0736163211633877	-0.12705867281802574
X960577	-0.0015229282931561914	-0.01192568900439864	-0.006982268017569233
X960589	-0.023111041303923552	-0.00961923342440316	-0.04307368007248219
X960591	-0.06777937633733827	0.023104551057739696	-0.059791860955647376
X960592	-0.06346533079182831	0.038004928137829276	-0.13856039637349368
X960596	-0.009819029699528678	0.016580254804371235	0.02563780262962665
X960611	-0.01485949469478462	-0.011281066174130902	0.023691969867742507
X960612	0.04576921496112671	-0.00956784146742101	-0.0128110330994136
X960616	-0.007056929474220335	-0.002482844846658105	0.011943929874349965
X960632	-0.012531595935704137	-0.0002775246507650825	0.008866441750427322
X960635	-0.004942379668329526	0.0007844166819039961	-0.010420601733475914
X960636	-0.0005723277930932065	-0.0026555233331801795	-0.002395150760610331
X960639	-0.024417779484106106	0.012911465458993425	-0.027885562613417694
X960643	-0.0012088478661561979	-0.006045147384064989	0.00853871603559576
X960651	0.00481951900840087	-0.05967796034075944	-0.0283075016129681
X960658	-0.0005548231855993694	-0.07226566010627905	-0.04491699430365131
X960659	0.009526374430697714	0.04811601095239211	-0.007899959344943072
X960666	-0.01357185326906407	-0.004192099063420021	0.045729254858113424
X960667	-0.007973783643081435	-0.003538216247037631	0.006100011640659683
X960672	0.007360018891505501	0.029089447600036504	-0.006930090725752889
X960673	-0.03992970020239743	-0.02636499217312387	-0.08401790887385123
X960683	-0.0038708583366356547	0.03127117987453427	0.04008290637802398
X960684	-0.01773608215116674	0.004345604267760065	0.0072250928583366325
X960692	0.012416058545593736	0.019230348362274375	0.040742445705341385
X960693	-0.011732778048322337	0.023598188502268372	-0.002559440393707471
X960712	0.014862717308130099	0.05521313329639177	0.09703536937808087
X960719	-0.015465383073352188	-0.003175840453865164	0.031527588132872174
X960720	-0.019274663433845707	0.054172926907835234	-0.08658784960305582
X960726	0.10071564054722987	-0.00540666859865393	0.059024613074865534
X960743	0.003901917473280699	0.016180943889109407	-0.0738105553139382
X960748	-0.00624401124276593	-0.001226333959901659	0.026353166077075975
X960751	-0.02336527802050873	0.014865344235297924	0.07671084714603692
X960760	-0.014968672782964902	0.014239133012054785	-0.016805961830547677
X960764	-0.05338114818875851	0.14355418367269732	0.10248645289407893
X960788	-0.01378355339937748	0.03435582050120214	-0.055737148397021374
X960792	0.016119721809653452	-0.043053421926933094	-0.009136323741695363
X960793	-0.08464587544103648	-0.008581443651020239	-0.10872800403461363
X960795	-0.021884501483308845	-0.0036836415408982907	0.020805523311938873
X960796	0.016888323954430882	-0.06774944602947491	0.018082847874445647
X960803	-0.006786362354295938	0.0009996916609705427	-0.0014864418678893127
X960807	-0.01121855961442747	0.04985407309690663	-0.019145595586297755
X960837	0.0048903891778916825	0.00590948028922316	-0.005312490968380555
X960841	0.005584550315319353	-0.03346471266781883	-0.0658573390026474
X960843	0.0054568567591791	-0.010258118648017192	0.025697041859830398
X960848	-0.038819766363245904	0.05614344461025856	0.10683597127241651
X960850	0.011106904119157539	0.03156560111781384	-0.08389185252037572
X960851	0.03335553732432467	0.02080774142538868	0.02193594346334766
X960857	-0.02653759413868063	0.004580948956285631	-0.007751288136216426
X960865	0.00865802745538906	-0.04989303399924615	-0.028825740267020363
X960870	0.008369771931145548	-0.01928926292141042	0.019043513304812985
X960875	-0.024031321800862572	-0.0020938649032233455	-0.044208733405421516
X960883	0.0030845765836919454	-0.044184247664477566	0.024928326449564615
X960884	-0.027089433488278712	0.013216327234489735	-0.0425616574352751
X960892	-0.010208103199528105	0.04842644922845059	0.002461586261794329
X960894	-0.002697009164284901	-0.023116597409785992	0.022077872932509828
X960910	-0.028014089462365697	0.003288828098460265	0.009148769708509509
X960911	-0.01714938556338155	-0.015967463296104878	0.02086899014487917
X960920	0.03323214857196445	0.011449171060847375	-0.03038972703871234
X960934	0.07332464841281269	0.04134132656719589	0.09391856132600551
X960939	0.003938740834758989	-0.008311656028204259	0.002737123309185636
X960943	-0.0180693859555759	0.03531475836273863	-0.01990561194148398
X960944	-0.06334554722058251	0.003873522400739857	-0.08270333054848211
X960969	0.027559903506755554	0.02257186217147961	0.0021183942787227445
X960972	0.01226968034945796	-0.0347306738536923	-0.008077685446049981
X960974	-0.0026774773613468025	-0.0019480762052960727	-0.002774187686482213
X960981	0.020323853644188178	0.02321928373107128	0.00345086150870263
X960991	-0.036492527656702516	0.016245320629109387	0.050178708003380035
X960998	0.009646269569786696	-0.014738637478696314	-0.0019424649794243167
X961012	-0.004399559915724938	-0.0024215660813113773	-0.039950464087168396
X961035	0.014261037262305019	-0.05692969286734543	-0.07008622079178964
X961077	-0.016517043355278045	0.012020040953177892	0.021331165874852107
X961092	0.051468118004288264	-0.024033569609840294	-0.015363655167994514
X961096	0.02080424804284712	0.011393428208069746	0.021930608902962778
X961105	0.0005741532393917538	-0.006223940248837695	0.011727453929207658
X961124	-0.04044925681543723	0.004799411063405034	-0.020365661111948142
X961128	0.013303574667502082	0.009042552894969452	-0.015561448868555478
X961151	-0.02072194388334423	-0.011106454195085859	0.14006913517883163
X961177	0.03848026904419519	0.03435849152474576	-0.021527040875683637
X961180	0.05238454429696622	0.0022701155949867565	-0.04999697765302829
X961193	-0.033534935882715534	-0.016333485601893228	-0.06644045235227584
X961214	-0.01679555369895275	-0.00962016085744668	0.017460706821101478
X961221	-0.016096610801134704	0.008428259865446975	0.007536476786457204
X961226	0.004622248632324177	-0.09272378537595584	-0.026026958706494362
X961240	-0.014963273661253846	0.009230859576397443	-0.023582968747360697
X961242	0.018776923040732314	-0.04079024271232884	0.004533434698266205
X961243	-0.12277359971559709	0.08630570007158804	0.2634944096946245
X961246	0.008370873895352788	-0.01766282425806508	0.005175479560281342
X961263	0.008855335388546182	-0.013040472455001279	0.003459800539868404
X961282	-0.0028796696836660036	0.015474628323372906	-0.005737768718625714
X961321	-0.006388049237678009	-0.015761181799258294	-0.007593406782823467
X961325	-0.09877425062477971	0.1191658966390324	0.15501401468552523
X961339	-0.006224683785811318	-0.025390848927352553	-0.06486008918364383
X961365	-0.012087004173889292	0.01175884136875811	0.0220902856786459
X961417	0.004021318211156616	-0.010134327739580042	0.0064372714343580275
X961423	-0.025744569302877312	0.00723906405175847	0.006989695123067736
X961434	0.02741942483468685	0.0023323836763836257	0.00164969751113576
X961485	-0.014175252213629544	0.011794398505509273	0.0026459831266901525
X961553	0.0590293724225294	0.07891112316268784	0.02001000270642209
X961577	-0.013101510325620404	0.015457682831871435	-0.030974567715114882
X961634	0.014323039844064089	-0.026456068905420835	0.015785070264101093
X961684	-0.007791568777974589	0.008720347149077112	0.0009925963647939426
X961686	0.09377713654770434	0.061155606202363516	0.02011244502733949
X961738	-0.01567458548714009	-0.03695880827549553	-0.004841766727029044
X961809	-0.01550376010373539	-0.029231882805767016	-0.0002519507051178446
X970002	0.014187504167235238	-0.019210409659380548	-0.006184878720771561
X970003	-0.013470211352716033	-0.006539443676674709	0.006691639620898009
X970007	-0.006246201019913965	0.008416262568950903	-0.01331901267716666
X970008	-0.0016410192634788588	-0.0016146862088043342	0.008181596277200203
X970010	-0.006614929195801643	-0.014233856819110388	0.004770523756946121
X970011	-0.006958824516362046	0.024292321406971934	-0.019635977511566233
X970013	0.00395979475633564	-0.014997913717024415	0.014458865183672806
X970015	0.018065935777647816	0.05644928083061423	-0.010290957616574843
X970016	0.005875058521318733	0.010503915692390899	0.010417405199379167
X970017	-0.05028431081847263	0.020231542454947737	0.03169031187961361
X970018	0.06637257581083066	0.03213569306992182	0.02509353436554388
X970022	0.012071247823079124	0.010221247764690158	-0.0091961021282418
X970024	-0.0009071181625459212	-0.0041934255916030155	0.0026581789500055185
X970026	-0.005641161531854678	0.014224143841932393	-0.0034391044715024284
X970027	0.0032595216986285687	-0.009325108924977368	-0.006690808698480063
X970029	0.0027735064706327895	-0.007770534687350086	0.007878302571668156
X970030	0.04297228044785667	-0.06750264429316279	0.015623582256264396
X970031	-0.014512692866763885	0.049316143344299894	-0.01107177730420505
X970032	-0.037121461262600554	0.007090830587880584	-0.027589640815177112
X970033	-0.01495127557228497	-0.040327311584146305	0.12233402057283847
X970034	-0.020749307948023644	0.00462205489468491	-0.0028612281811604776
X970035	0.013660752522449134	-0.011329068686852732	0.008910817688688837
X970037	-0.004308534452477348	-0.013326751584106206	-0.00543710387325142
X970038	-0.025034461084055576	-0.02198050397925272	0.0121304170273458
X970039	-0.0053174232953968415	-0.01586752198274782	-0.004233218947340365
X970040	-0.01988587101223415	-0.019561677068351657	0.007744569119742786
X970041	-0.00041206646006403656	0.004459978898513144	0.0048205645993558794
X970042	0.02765336379768876	0.0015942631507377702	0.03347597770971113
X970044	-0.00847068519291334	-0.01963920089879415	0.01523763979273757
X970045	0.017402256561336066	0.012841289328247685	0.033642603333584535
X970050	0.0005699001317073873	-0.029901757503266076	0.004205755434984218
X970051	0.01463900717939621	0.026300641634948153	0.005402043195471777
X970052	-0.014925679027722372	-0.022686683192935785	0.008397340487288947
X970055	-0.0034872240307990345	-0.0026180150110404685	-0.018223158290719667
X970057	0.0041226455952555864	0.007535459933297354	0.005766200216530276
X970065	-0.001359646099064297	-0.0004571321316608228	-0.006481422904926741
X970067	-0.0144074243526473	-0.008084981359293432	0.011841134757487638
X970069	0.008983469743998364	-0.008263442676670814	-0.004115468472054811
X970071	-0.00923055353806521	-0.0043775176529552325	-0.0024455170908485977
X970072	0.01571270710528041	0.014634961700826623	0.008801412634108014
X970075	-0.026764890317746565	-0.022764440161607613	-0.010135250364438329
X970078	-0.004343469713827673	-0.005934575913037308	-0.005925099782739127
X970079	0.004140266270739807	0.03560545368338213	0.009686707108956449
X970082	-0.002899035771494943	-0.03861622156495001	-0.00302849322622228
X970084	-0.012107691266215284	-0.010695332764154346	0.023078730891780794
X970085	-0.047715649419627464	0.060069937976879005	-0.0043796031413582594
X970086	0.010649287075962289	-0.00548816608663741	0.012306714205342984
X970088	-0.0044014461835935395	-0.01136076175901597	-0.0030455867912783565
X970089	0.0050926036072217375	-0.0990901726684113	0.012144060789456517
X970091	0.11974625267427219	0.01647376679466672	0.030517771625667846
X970092	0.09353528651448628	0.07213259710560108	-0.03466425477559329
X970093	-0.0005731349384548806	-0.00452852903932164	-0.0036962287262478017
X970094	-0.02322200354499816	-0.032770963498537455	-0.013109085959413428
X970095	-0.030151514335113486	-0.006970545843680641	0.02926008848999962
X970097	0.02180573158043096	-0.004280491324336068	0.006891573399147441
X970099	-0.012802194382286603	0.0139305664323808	-0.013297944660774037
X970100	-0.027949992125807357	0.010451167745049048	0.02994392269302613
X970102	0.08636360773903297	-0.07028309732551778	0.02262810808316132
X970106	-0.012995094379910126	-0.01505910229928337	0.01210134464358312
X970109	0.006904501786232974	-0.00176179183781126	0.006121441808870733
X970112	-0.034182968962074456	0.013241503069881998	0.016631494800993265
X970113	0.00760772016827069	-0.057693384071629494	-0.037053494554741
X970116	-0.019260946730917432	0.023702358117731654	0.005439457494754549
X970118	-0.00537417517787633	-0.009385861537178712	0.004149481388487324
X970120	-0.010304318690010231	-0.0020100562531120995	-0.006351388257476446
X970121	-0.0010675478276481404	-0.16190293970456027	-0.07378474205920346
X970124	-0.024998749239137696	-0.016665731981893778	-0.024201373948662976
X970125	-0.0043214563189937225	0.004178267466261003	-0.0032310322079417385
X970128	0.04746227706753112	-0.09545384317782174	0.015405790874663598
X970129	-0.0008519343831859804	-0.017322206095721056	0.003936760435368813
X970130	0.013706139251138585	0.001352764784129801	0.007295010811958896
X970131	0.01799684162042576	-0.12085265243260172	0.003036384963001037
X970134	-0.00041403489429361835	0.0007852781562075037	-0.003918634677123558
X970135	0.015349682510307229	0.0029625787979088913	-0.02041648500816416
X970140	-0.008141571846165426	0.0029349013988987983	-0.01710740600475499
X970141	0.026548611772891303	-0.08529186389945324	0.011297096151355754
X970146	-0.0020844086077876044	-0.008391920989535876	0.005834034177670916
X970152	0.021858690118138024	0.013052661659098111	-0.02105741506983915
X970154	-0.012360553535985152	-0.017798532167204086	0.01090423080633706
X970156	0.0052815842450101725	0.012363455739920362	0.00864474576940375
X970157	-0.011297755392113668	-0.00854375310777683	-0.005647632221616082
X970158	-0.004118973025033572	-0.01681202356356516	0.0027958926211610726
X970160	0.000224661154973555	-0.012279105845906909	-0.005506902642771841
X970161	-0.034583784182976765	-0.002115470182875812	0.012518031092928159
X970165	-0.001681246954797357	-0.010686014207646383	-0.002378318926476568
X970166	-0.032818534710806264	-0.02937035602285717	3.469592058837644e-05
X970168	-0.014716400292449536	-0.006880550932691513	0.0066112118167715225
X970177	-0.017311277788640122	0.008131783094063268	0.011032685348702196
X970179	0.0018657084914645273	0.01873498973331505	-0.02059356180723623
X970180	-0.012629225099086608	-0.008311824097741496	-0.0005619236603364501
X970181	0.0032503101952036924	0.011342749325631382	0.0019362078335600065
X970185	-0.00996450172519414	0.03703965314776007	-0.04508642235443026
X970194	0.006432421579640622	-0.0006402910368688991	-0.010124405784761993
X970197	-0.001821064802540167	-0.007017636931322767	-0.016542967416754487
X970199	0.0023524855539788763	-0.004197440302966774	-0.01456017362451782
X970206	-0.01797195501239474	0.004578519879621425	0.023172655061151598
X970207	-0.014466961591071302	0.005296196229293637	-0.03605750747172775
X970209	0.0016953148066773782	-0.0070962038279868	0.007419501923006495
X970216	0.0009555264806736235	-0.06664685987433336	-0.046317673478877164
X970221	0.01607290284307559	-0.0025508844410954924	0.017128784600162403
X970225	-0.005130633943747299	-0.012371011599003612	-0.003384971868131456
X970226	-0.03452160374208654	0.009879790884823537	0.004811630709909838
X970227	-0.016538004411188304	-0.012954208456337725	0.004084800836240723
X970228	0.012008602675806338	-0.0064067529885381965	0.015165306731889422
X970232	0.03869149935965714	0.03476676777355818	0.04635132718719846
X970236	-0.02224917432431699	-0.053719235422693544	0.04974388493042841
X970237	0.021091719144603945	-0.029427204551754554	0.005585156992723473
X970240	0.038259100800698685	0.07263695299362961	-0.11433229470623359
X970250	-0.004093783200029065	0.019427743199876862	0.017681551578103586
X970251	0.0058479984029347195	0.013323578709411506	0.03047827202425906
X970254	0.07863228069002662	-0.04743859516629538	-0.050588147705343145
X970255	-0.02099974049040511	-0.006541463385050345	0.011050455332614591
X970257	-0.004040449355426913	-0.0837942771361505	0.018283206864986867
X970268	0.002272508673703047	-0.015551450120636672	-0.014707079567470489
X970269	-0.03471814977934037	0.022552362979097445	-0.036741721996891255
X970271	-0.02881054559765216	-0.02320608515870988	0.09185313901528135
X970277	-0.02504727574633705	-0.010546085496439705	-0.009733195393330736
X970283	0.09810040526931957	0.07110500221566696	0.02461433898790295
X970288	0.029478396998463087	0.013722290927686216	0.0005245315017263937
X970296	0.057447774688159974	-0.020519404335663415	0.004469212661582777
X970299	-0.010300098181055687	0.0033203869040675502	0.003964539128614466
X970307	-0.0010765922934495155	-0.006599195045874996	0.00650098427580711
X970312	0.00740462723714191	-0.04283745447850012	-0.019467911763383708
X970323	-0.019946034507939133	-0.0029669669805198313	0.012617776396787368
X970325	0.004998647201375645	0.00678490713227482	-0.014112882461450257
X970327	0.047287102113487106	0.024688069487169135	0.002541330188709133
X970338	-0.024757548526273293	-0.020569032722604262	0.07879218757302255
X970342	0.08326316804220642	0.037096209604915685	0.032549788936949334
X970343	0.03426758826090048	-0.021408249307526158	-0.005697352558829215
X970345	-0.014300810916323735	-0.011098488884723593	-0.002611863919213263
X970346	-0.015547697599629526	-0.06642582609086058	-0.028590858191146942
X970349	-0.015324470741120038	0.005985948074689816	-0.006204917951628476
X970350	-0.030411784071001164	0.0053143223576894464	-0.0044115699951767255
X970358	-0.017465960780740777	0.030680129143716234	-0.0037009091969264136
X970359	-0.016153312956975512	-0.031920744405083745	0.02476359873538316
X970361	-0.04349115756448002	-0.019289759992648512	-0.006510821747975028
X970366	-0.08219237792615047	0.03875635651193556	0.08934694301771347
X970375	-0.007125048444865791	-0.013591430725935381	0.017546848977638564
X970380	-0.006019053930606029	0.09612508719560407	-0.06489178811311476
X970381	0.024758169078697413	-0.0020406021538329254	0.000411260803259777
X970389	-0.03720041802931884	0.08247398736946289	0.0072513884288659645
X970393	-0.023691194031242334	0.0006950078871529062	0.09835052516092586
X970411	0.03221642433609877	-0.0547850396360203	0.034029608560389404
X970412	-0.01615460831271157	-0.011878495713171823	0.033313923397984904
X970414	-0.0009076022066509232	-0.04896608823579553	0.006630094120583266
X970425	-0.01718671172028191	-0.004336518201117254	0.0015196278065739575
X970428	-0.03897637894843181	0.060529321555027875	-0.025304629624415976
X970432	-0.009997486192584686	-0.0012802704156865423	0.0031448623635448366
X970454	-0.010913953976826854	-0.007012657581897996	-0.00393237149770486
X970472	-0.01320113510842608	-0.013285575658057996	0.01214631432664735
X970474	0.003000569268640437	-0.017434737415899525	-0.001421256509381945
X970480	0.0037940292639285686	-0.003876286973630574	0.006766595247624231
X970482	0.02680631473355507	-0.04819790162258725	-0.018891323602416712
X970497	-0.02966831438679843	0.04640804099622724	0.03838445659473215
X970502	0.024312782791695	0.02253044377840377	-0.008692234569601645
X970504	-0.05034578801803869	0.0022763732199138366	0.028874759910803356
X970509	-0.018434653972469586	-0.07456928684812256	0.018962164686582843
X970512	-0.014462982984694745	-0.020318510056147526	0.004615609806026458
X970515	-0.005374312338673916	0.01540465097928967	-0.009018209933289004
X970517	0.012402828756417072	0.007754484755859657	-0.01636272278720257
X970519	-0.008552345538213286	0.012202744896908951	-0.0028218985209136228
X970522	-0.008278892082107534	-0.014142117266083524	0.029389627310510473
X970524	-0.0025895916855574455	0.006513215187734637	0.018207605110371824
X970533	0.0019559487069754603	-0.00545738585862121	0.005209717367914161
X970536	0.009609560070464367	-0.014970772954757725	-0.015900102526822394
X970538	0.0023703332971155883	0.010018271322659204	0.002140811569424098
X970543	-0.0058560879260993294	-0.013459194113753065	0.003914070238915834
X970544	0.025881647087716207	0.04028499267288659	-0.017416244116247277
X970549	-0.036054252392561756	0.044491645945195696	0.01894515611877093
X970563	-0.020624373186443723	0.0015117413918079902	-0.034472831872465644
X970564	-0.0054929248214305995	-0.004557298818440112	0.00960501789805152
X970573	-0.014434203472036998	-0.030736690037000348	0.04433857815004329
X970577	-0.0316590416819456	0.03934923500520172	0.005629991641173055
X970587	-0.004570204634757915	-0.007158159659511318	-0.006025914696490481
X970599	-0.011694944487529382	0.007579353580619354	-0.04517344983771237
X970614	0.0020224516404869245	-0.007955436462298853	0.010762759310391211
X970625	-0.010892870690462094	0.02115792034897784	-0.019289974234692905
X970633	0.06335648366431391	-0.002259988973705434	0.046070567460119775
X970638	-0.012751784552034568	0.018364060587428305	-0.0457281402167439
X970649	0.032585799900741425	-0.09662566076651168	0.014644482683167105
X970659	-0.013102805713640588	-0.0015062321801341233	-0.018180101392984552
X970663	-0.016249671421878373	-0.009147812934613067	-0.0030219134764701843
X970664	0.010035613682783525	-0.10429334205800096	0.03279296008484828
X970677	-0.018493490313599266	-0.016204574865320284	0.0004855623018178671
X970680	0.0801137361709708	0.013260889927784451	0.04597443183842698
X970687	0.008525549979204286	-0.02935513777773635	0.008567205373662581
X970688	-0.023242336517239216	0.02289981215893697	-0.028996089997937603
X970692	-0.006005926370868254	-0.0035448038797786015	-0.03129658638352917
X970706	0.06559681760435394	-0.12933200192423944	0.03393188169482773
X970707	-0.03143039350913081	-0.007008794467288142	-0.04335580924027026
X970717	0.004266626037073289	-0.005391135325770385	-0.012522714726865199
X970718	-0.004429570320678099	0.008111908830678749	0.0012234923965254631
X970731	-0.0070139462903709366	-0.02367571987198253	0.013304700670601376
X970732	-0.01700137371512303	0.0016364260705446622	-0.023204632514377696
X970737	-0.01328294581165043	-0.01038150079734416	0.005935674446173846
X970745	-0.008304800477590754	-0.0476685820676424	0.011915345062148927
X970784	-0.012884708877601752	-0.003910677888190109	0.013949698852034936
X970791	0.015085376815424207	0.005399448131459221	-0.014541081030620306
X970813	0.006813866473326514	0.016976648737002133	0.03441283693528579
X970860	-0.004417661096076054	-0.01169802910341014	0.004607605920622402
X970932	-0.030277866003085865	-0.002709434372272858	0.017918664627716668
X970960	-0.02465849870982306	-0.008766349603152663	-0.010266756822426518

Biplot	0	0

Site constraints	0	0
