Eigvals	3
26.983837955379023	22.169417018330055	9.946545167113817

Proportion explained	3
0.5522207318929515	0.3727467044886044	0.0750325636184441

Species	12	3
Propionibacteriaceae	5.0505742146502905	-3.806485230594136	-4.946400164993403
Staphylococcus caprae or capitis	7.01923958673295	-5.676456112513638	6.777054126489753
Staphylococcus epidermidis	-9.554942823381841	9.705442430985673	0.6184692512806687
Staphylococcus hominis	-3.3387903434548902	-0.09731119553059026	0.6214308540238119
Other Staphylococci	6.771058588760059	-0.6836303344609438	-4.887821028190823
Polyomavirus HPyV6	13.749624832682438	15.164674149664181	1.3366141265334863
Polyomavirus HPyV7	-10.796083825908793	-1.0732805383723851	0.8453362999928375
Merkel Cell Polyomavirus	-7.572665651879696	-2.4216154550487548	0.20287547181984092
Malasseziaceae	7.4484653341891205	-10.577591495622212	0.8027899747152647
Corynebacteriaceae	3.203599698580722	-0.5019731954512567	-0.4305877662276254
Micrococcaceae	-7.506793592979404	0.6832973516542974	-0.6504439930318933
Other families	-4.4732860179909455	-0.7150703747102188	-0.28931715241192985

Site	1225	3
X940001	0.0014160389990543819	0.00025145188097979376	-0.009650446100022884
X940002	0.011291742803238136	-0.002025916551510834	-0.016427437605190654
X940005	0.03185265118011775	0.025682476838197767	-0.018501003357815262
X940007	0.0031258363196802453	-0.0009461460567684287	-0.013319568812373726
X940010	-0.020445010844703293	0.01986757262563596	-0.022575698640800335
X940013	0.012685868286297305	0.008928883958034685	-0.006199008338045206
X940014	0.015037070540970017	-0.07554181747461233	-0.033521121837076576
X940015	-0.029747663223550005	-0.0077110566033145945	-0.0024000464826202795
X940019	0.044968731919251284	-0.02834264239414942	-0.052534625283890975
X940021	0.022420253476932824	-0.045012247526220545	0.04740605048292282
X940022	-0.024794478783610324	0.004409883034164466	-0.008682107019437592
X940024	0.024908382738792055	0.022956914787383348	0.012368625019042697
X940025	0.01523505183996157	0.005313200711457197	-0.026996042838801037
X940026	0.0299711751838633	0.05266987902219522	0.02978494092808827
X940027	0.01011912064022683	0.02088928770002273	-0.012485361957743737
X940028	0.017927215444942024	0.0023436333225219843	-0.012047766339767252
X940029	-0.009260775475532262	-0.0016446936648957197	-0.004305727990048092
X940031	0.022790959841030467	0.012167341860240329	-0.012503026571735259
X940032	0.007765672379725749	0.0131765365356035	0.007569487856305681
X940034	0.014950805653051824	0.03292321316966184	0.0125322989406089
X940040	0.010261118811600176	-0.020534180899709525	0.0033520029573663045
X940043	0.005993391033501147	0.00033981531887719666	-0.009347984348603598
X940045	0.01942766399482992	-0.013778205917161368	-0.04571795796285879
X940047	0.006886868090642068	-0.05477686739214959	0.049852366915455935
X940048	0.005709701116225797	-0.014801580082044784	-0.012540241795413444
X940049	0.008120010937492851	0.0025862149239477624	-0.011807727704523506
X940050	-0.03588825699830352	0.015843999927195283	0.02780150962933442
X940053	-0.020805444686689965	-0.027046505713666767	0.0031279168164808713
X940054	0.000892043055452771	-0.05779593775323331	0.014582711949463707
X940055	-0.00820795194003792	-0.006162745883861155	-0.037071694071799006
X940056	-0.02069931345182169	0.04100720694057568	-0.01376380290480486
X940058	0.0204725840379023	0.006125983539402179	-0.01763280051029069
X940059	0.020567078358291534	0.006710801306912233	-0.010553728334360243
X940062	-0.03364021589564005	0.013357881505520391	0.02533837425530307
X940069	0.006119626470059842	-0.007260477930411567	0.009686491781453496
X940071	-0.011289685483221198	-0.025534416514043135	0.042014545599187464
X940072	0.004287604984088211	0.00296126093582169	0.004901647367673425
X940073	0.0237560563507278	-0.05977938125140013	-0.011835922602709605
X940074	0.005351978267998055	-0.016926105534448867	0.033510415495221664
X940079	-0.01476079929656529	-0.0851699930849658	0.016063527505050662
X940080	0.012306736993407844	-0.0035552234350469123	0.013918747327285624
X940082	-0.03442025209119446	0.007238124119303469	0.02944751463356429
X940084	-0.04490097623679663	-0.010126425801544029	-0.009292151629046693
X940086	0.03958393807984749	0.05741205520005821	-0.019031599398635596
X940089	-0.013448752725315764	0.023263520503750263	0.01116518823120655
X940091	-0.029175161921384755	-0.033950204957469844	-0.022676039575273876
X940092	-0.03096301461273473	0.023248943510690886	0.0010445838402920184
X940093	0.004504316433023674	-0.0049394859832490225	-0.013507726601727197
X940094	-0.05245945045277072	0.012133573881430697	-0.1268204304845084
X940097	-0.0013428212758304625	-0.008296061509754461	-0.01088771941742832
X940102	-0.012381101603852045	0.005413806977340908	0.012068512233865344
X940104	-0.007271366548671457	0.004373210831181782	-0.01059018203602858
X940108	0.005616244528986069	0.006583631612217307	-0.013958552682689094
X940110	-0.0072231781381979	-0.01857601095177196	-0.011834876407992283
X940112	0.01912746842265024	-0.0742674430254261	-0.05038888061264861
X940115	-0.020639141520086793	-0.0029874444330699602	-0.01557122323960847
X940120	0.04649071542697305	0.02255307233166848	-0.01780177742429454
X940121	-0.018941119127810446	0.0018740023156675924	0.033836726838680144
X940126	0.0008380122578235366	-5.3204686755075456e-05	0.01914722413975851
X940127	-0.0012239975902798665	-0.018822517125938583	-0.01883478711137485
X940129	0.05518919685921371	0.031240867388465585	-0.006124983326468779
X940130	0.005233202918313273	-0.01800741811848453	-0.009903408523361005
X940133	-0.003248999996448901	-0.027563777654874336	-0.005811765545703664
X940136	0.02018200787935749	0.029975873491463058	-0.0040264497381568365
X940143	-0.018370795093177572	-0.01534822569844006	-0.011800000122836484
X940145	0.004963563417869057	-0.0033531552490510823	-0.006064256742805574
X940147	-0.015740875195002117	0.024519063019917946	-0.02605450118344689
X940148	-0.01091128831723972	-0.01429451114115304	0.007784752593409466
X940152	-0.037057288075313735	-0.021293381441880428	-0.006946825806336694
X940154	0.030288431289042878	-0.0018386380962172938	0.006801519035184067
X940156	0.0178878623216458	0.007895264019784149	0.041302659661883956
X940158	0.007038611949050833	0.00022939896081021556	0.03219317789266405
X940163	0.005022108594914083	0.006078449549191771	0.047983961388281524
X940168	-0.04442854658603728	-0.037044278036781474	0.03469127952447506
X940174	0.02932029863202527	-0.05414240722318954	-0.05568421850862341
X940176	-0.004833861252854417	0.027097359285983547	0.03267540206309074
X940178	-0.01800628286494232	-0.017400780861617338	0.00565199143852669
X940179	0.014094885344612524	-0.007569504111607312	-0.013735066374602355
X940182	0.029042352687240758	-0.002912515493025308	0.01446373610949781
X940184	-0.0005005781774385788	-0.06605968969713881	-0.049881132065054484
X940185	0.03908866154889713	-0.006953670030964497	0.0392223381712011
X940186	-0.0009491375801237202	0.013969818292177411	0.02242734095173258
X940189	-0.025636206349094283	0.02610928628711924	0.010849488918428858
X940193	-0.04574965123815459	-0.048587519646729305	-0.018557884706199894
X940203	-0.05931058982718378	0.04278037804660867	0.008762042645999195
X940211	0.006796946357327466	-0.0024716439220342067	0.003884530776648075
X940213	-0.009417669384102293	0.012491467861646772	0.007665408516803105
X940214	0.005801124179659848	-0.016116710659972788	-0.020253057549400055
X940217	-0.00018077180100952852	-0.006491477795828685	0.0024978744699798313
X940222	0.02412856608745737	0.0035714405760805903	-0.024260213460868138
X940223	0.007395280286752108	-0.05091700724818469	0.06367990665973187
X940227	0.025460193345963153	-0.04220496980591181	-0.0035677549293442637
X940230	-0.012270267957778186	0.019142953364081134	0.027638881274631398
X940232	0.0012357558725868785	0.020973763920755548	-0.012038896215929084
X940233	0.011438888479670246	0.02599983606434946	0.02742054782693603
X940237	-0.004602254951632888	-0.00955811447293665	-0.028841399151177297
X940239	0.002473882049859667	-0.04443090186483969	-0.005426622571600654
X940244	0.018366156323220532	-0.0011896250832675226	0.017625834654644845
X940248	0.0008154896582684348	-0.03402310309950289	0.0016265267656116725
X940251	0.0483848305978626	0.004845492185283972	0.009325408528081183
X940256	0.014635523003812706	-0.035812948144561166	0.013061283367321907
X940259	-0.009892156243206237	0.013323405933368674	0.009049452167073965
X940261	-0.031107249960955475	-0.020867309456607537	-0.03312257446899399
X940264	0.017058918833437686	0.029471067451723405	0.026119270937289517
X940270	-0.013269902636872227	0.008707291703163408	0.014959051374733029
X940271	0.018200683334330617	-0.015019161503908996	0.004583621989262163
X940278	-0.010874318115305072	0.006942929303097188	-0.002420057368500813
X940281	0.01919924237943855	-0.005969564576308295	0.017639397507896337
X940284	0.008597538932751626	0.00404986474242187	0.02672795868756614
X940286	0.03224357849736942	-0.04959339178236368	-0.04178094208176236
X940287	-0.02951660138338668	-0.004973219400346678	-0.00334543004318719
X940288	-0.012634289404873622	-0.02974439630857291	-0.024101822815099098
X940291	0.005279936557810008	0.0089829699568731	-0.007199919998291965
X940297	0.015507890174353643	0.016571270515423425	0.00510553312784738
X940301	0.020307659990361604	0.006168111115718714	0.00852376348576088
X940302	0.04445855791428573	0.013857306062496043	-0.004444282525257589
X940303	-0.015197363595786828	0.01030668257320321	0.03099691332347581
X940305	0.017578282500816843	0.013706376810816837	-0.006777250218959253
X940306	0.009061488936765527	-0.019990767676327154	0.012087485509504137
X940309	-0.00807588782425316	-0.006573784331756741	-0.003186521283347461
X940312	0.018068996601926443	0.0201299256114027	-0.029967553786319875
X940314	0.007989413872427456	0.0019109860298045158	-0.006272415432819384
X940322	-0.006769355827220892	-0.03972463121363447	-0.06596831376943187
X940324	0.02200714772272847	-0.03024862326932467	-0.0348631748729056
X940325	-0.0035508761383620724	0.045632072781542486	-0.0024022066301854824
X940329	-0.0037609545266553616	-0.05188691644540268	0.03598404841526645
X940332	0.003977984369120728	0.012866542596164154	0.0179213129663455
X940335	0.020558153179273828	-0.022399017668497112	0.0460467015914962
X940338	-0.01696166922652315	-0.0048295366856751796	0.012462859785967124
X940339	-0.0162186105665126	0.017960928332121488	-0.009570715039199046
X940347	0.01722901404433597	0.022111624427962287	0.005247064108899558
X940349	-0.0014474687505106234	-0.0011887260982970194	-0.004191602068475425
X940351	-0.0036227768555620434	-0.005756828588936796	0.010465393505065252
X940353	-0.016878756764404593	0.017218439506695025	0.005018567387243817
X940354	0.009325396980976132	0.00898433266839097	-0.0040239733924607194
X940355	0.0043243610296552866	-0.03928131215201307	-0.017816669678925673
X940364	-0.03319167217177489	-0.024434625206946815	0.014624004746084118
X940368	-0.03314962342585396	0.011504465054470782	0.005413394055631148
X940374	-0.02679767816249961	0.04074695099258805	0.020284909416896632
X940375	0.019143274704672326	-6.608587781669511e-06	0.008787659113564205
X940379	0.01479178529856258	-0.002312835783863023	-0.001553979848085034
X940383	-0.02352492668249513	-0.018985584124679107	0.020319518448777177
X940391	0.03109460960220496	-0.01491356194491684	0.01145108040112565
X940404	0.0010204235138099405	0.019449789385444644	0.011561928732024855
X940411	-0.017225920998930073	-0.016125411987778237	-0.015975050700302456
X940413	0.00576438788566583	0.06096539749075162	0.06480783291988262
X940420	-0.009734534229104846	-0.006771568870925292	0.00282195044806088
X940443	-0.015130024642125045	0.0057958567810673075	0.019909064986734736
X940444	0.0027534179911324454	-0.03194203113752885	0.03876781246242025
X940445	0.018446563807708833	0.017030306122092925	0.020420638592420805
X940450	-0.00016497887116391166	-0.02537746451531704	0.013230611592295329
X940451	0.06143088124935025	-0.07572751179735981	-0.10521595243457608
X940456	0.011813093774238385	-0.004421877384179806	-0.004059576930339706
X940465	0.010889831106298377	0.008451296593037026	-0.015041621830650607
X940466	0.01976870841793151	-0.01190352994389089	0.016742729932268906
X940474	-0.015924583458575222	-0.022527808112799738	0.008503326806946468
X940481	0.02976285849614153	0.03951555027986898	-0.0046113998212722355
X940483	0.00787426240244227	-0.002920239357450052	-0.023996933068581174
X940484	-0.036643754609217524	0.017882624831422642	-0.003602861944561915
X940487	0.04581609133237191	0.0073043384430212495	0.007460852240444771
X940488	0.020235490074312284	-0.06200833761213914	0.04974232441584922
X940497	-0.016684486320358113	0.009764145822803705	0.02808556475977477
X940498	-0.005272680499562211	-0.003442836614586363	0.05634641001278081
X940501	-0.052258625896161745	0.008230261953632006	0.030684350505772555
X940506	-0.04011230322283079	0.0056073718057756084	0.0375334344038634
X940526	0.001900191633153008	-0.02157413903729388	-0.003488295204215995
X940529	0.06060120373480358	-0.07278075475709782	0.10637101678474246
X940532	-0.009595262989214867	-0.016567512974812973	0.003627619784227256
X940534	-0.0008092974573001741	0.014860064745698037	-0.019216732641808926
X940535	0.01874711098118466	-0.01060523788101617	-0.0325978630122676
X940540	-0.024812457727820703	-0.0019508810530265875	0.0013674428060462718
X940547	0.02020865962831498	-0.00809011454886997	0.017203705369469226
X940550	-0.012191892245853835	0.04731385090205573	0.024806696055190668
X940551	-0.013148716344579791	-0.029264200189799288	0.013015733163637098
X940555	-0.014743349045800627	-0.004716671450391036	0.03002537997581327
X940558	-0.011672556016551677	-0.02231813294014828	0.003843758004650869
X940560	0.051660508346838344	-0.047830533477266096	-0.04297232621415216
X940562	0.00478356202114737	-0.019006074407119336	0.03467539935839104
X940570	-0.054582789842549106	-0.026409598446889674	-0.00414342550454369
X940571	-0.022393960937851058	0.020819161780188142	0.055433750618770726
X940580	0.025634851645295963	0.003496810089290668	0.020961001706146547
X940584	-0.041115465527545796	-0.007761620742118974	0.03066802362044334
X940589	-0.08960091137202218	0.0786930526380191	-0.022110347611237664
X940598	0.0004878859882120941	-0.0019916931233605827	0.015877818181415683
X940602	0.006281329545787956	-0.09386193319248216	0.07748328036896712
X940606	-0.01660735002860217	-0.003770260574928229	-0.019706064107263017
X940612	-0.05115898829652026	0.009251359641126963	0.028189458126880458
X940623	-0.0009903440065894707	0.0055215644696628785	-0.00016334519409292767
X940625	-0.04281399268441299	0.046112165156193846	0.023780651858598678
X940641	0.004459616727204775	-0.012150504503916986	-0.0143646924006221
X940642	-0.014156504281260675	0.02139751936182853	0.002844478540740494
X940648	0.05580550779312541	0.05732615259911493	-0.024296330814711883
X940649	0.023941791415040544	0.009479652990494431	-0.018128266597798887
X940652	0.020362290678449718	0.006085672833024652	0.0037302065515294495
X940662	0.010717386950302644	0.005067923553478283	-0.01612930800476213
X940665	-0.022061256898687376	0.00434440736900178	0.016460826466258266
X940674	0.013303286114425201	0.002178272440875034	-0.0024437863612437414
X940689	0.06725159147286636	-0.06478616190909449	0.0718153630179108
X940690	0.034516016605540156	0.020876255292897803	0.018140247731184767
X940692	-0.03430133461429274	0.01447257302886572	0.007231455854618078
X940696	0.007947316902284502	0.03269715666936674	-0.014937108841034285
X940700	0.0047859791936067505	0.029898399268390056	0.030517335316594747
X940714	-0.03884999049042685	0.0034785636275912264	0.00038790804976033226
X940721	-0.0014881931618711086	-0.03831650926267106	-0.042103390870962064
X940727	-0.0024369482009482693	0.03294874723810344	0.02772642087262316
X940748	0.0016005000812194916	-0.042386046771141786	-0.02478101782285131
X940756	-0.03576604474446941	-0.030957096982684885	-0.029334964032144015
X940761	-0.024297723529558078	0.02089232577807935	-0.005995790145924386
X940763	0.043025937131576736	0.00942590529406904	0.010958931755000179
X940766	-0.011542102201547352	-0.00047683918807960897	-0.028158092264291713
X940769	-0.0032526948576498843	-0.014507301826292653	0.025926120623597396
X940775	-0.009766076533523283	0.023842336864670386	-0.003305958819397528
X940778	0.029470333944647795	0.0006560709005368178	-0.006217295612101459
X940786	-0.004929588942672821	-0.010528697093601679	0.01248587244691556
X940796	-0.02672731089315946	-0.017340548820524996	0.014301438198269222
X940816	0.003416192910330258	-0.01903814186046161	0.01503383757621596
X940819	-0.017808167064088238	0.019341777848331455	0.01747383765634911
X940820	-0.002941880131671808	0.0010853089458837484	0.0030547968926651855
X940826	-0.03589533192840013	0.016055207507028265	-0.06417511362544229
X940827	0.03775993832348144	-0.032167206141928154	0.014898845637523283
X940833	-0.004231603179296966	-0.020071226384886263	-0.03805436236474653
X940843	0.014731844365209492	0.025200700478648672	0.0026114165453485516
X940844	0.009826426269855755	0.0008456249902343999	0.035184762430430866
X940845	0.06333617186392576	0.01520181270373463	-0.007047632888440861
X940847	0.04231468640406458	0.0423648497370395	-0.032101340629762436
X940852	-0.04833136247764551	-0.02593714952688547	0.017330991584235754
X940863	0.02669759407668876	0.024035864627632467	0.00275601194661572
X940871	-0.015547411986561382	0.01998643622313995	-0.035803856244459094
X940875	-0.018928755565964957	0.01689604714797806	0.024904898263147228
X940882	-0.04433147280557054	-0.01810337779433873	0.030607646914954698
X940889	-0.0024189745367186287	0.0025150923616267373	0.00503791700696977
X940892	0.053593939629715884	0.05437584923085906	-0.0005329619200927637
X940895	-0.007576829050947494	0.0007680721932776184	-0.014119285844975718
X940907	0.02661964643723916	0.03223527759691415	-0.022984793202932702
X940912	0.01432973943429764	-0.005830338061025854	-0.019488860675920434
X940917	-0.02473588907817682	0.0042843206586646535	-0.011352638112057811
X940925	-0.08638607273739853	0.03548921360803939	0.06899033085490659
X940936	-0.09891104662369005	0.015132810293583364	-0.0038816646777803236
X940941	-0.018337333382435404	0.033430327563286046	0.029713860030613104
X940946	-0.016492073854196352	-0.016599494671722826	0.024384962645794903
X940961	-5.304783297407812e-05	-0.011937872966957287	-0.008165088537890575
X940966	0.012540280080927108	-0.006587546847541958	-0.0042153670486231535
X940968	0.02089991083256918	-0.02046543650596938	-0.010802078826923831
X940984	-0.013020583865205672	-0.010632399800722177	-0.034214979917593945
X941001	-0.03129282707972792	0.010121592912158667	0.04359994105256741
X941014	0.039000769648071094	-0.07185363682330266	-0.040383557898751136
X941019	0.014624908562921117	0.02176549067485446	-0.01588639767238769
X941024	0.011061770898480454	0.010141349987079579	-0.015121022629924914
X941028	0.002256426984939943	0.015459296128985861	0.02554088225909134
X941037	0.03567841774285347	-0.11094394765745644	0.0765298169061518
X941043	0.005214028082648541	-0.02133622265048557	0.029698167295775933
X941046	0.019235024957422263	-0.024137268420585646	0.015488488809906937
X941049	-0.0412785307738277	-0.03302239000907436	0.008027989302949432
X941051	-0.019720445185312806	0.015834746645699477	0.026146835863032195
X941066	-0.008462113416567291	-0.0005856661542614289	-0.015556234715429808
X941074	-0.007269808753301696	0.010759912619057278	0.013792789465622667
X941079	-0.00345243158820489	-0.014698120200896952	0.011039033306281833
X941080	0.06256139400710163	0.040075204636058966	-0.032332376115500494
X941091	0.02599705763355972	-0.022268774464014363	0.05044062859406155
X941095	-0.007646318112093453	-0.03350613885268067	0.024119797335894876
X941106	0.030611999092561428	-1.1855006042723514e-05	-0.0018215673810061505
X941118	0.004420723683630415	0.006478180558038008	0.02256465165902841
X941124	0.002260626059190342	0.07541442703621258	-0.00462184895979465
X941134	0.012476498067465645	0.024755545986651657	-0.00019496585916731784
X941144	-0.004996481243866018	-0.037913412994734864	0.01211176283138792
X941153	0.018670454592990663	0.005144415799415266	-0.03876595261777008
X941154	-0.01597541937408099	0.001670520411545246	0.006300661957966463
X941192	-0.027528475091556145	0.009313566082669391	-0.04683390087203767
X941202	-0.016938046062695732	0.002340386120230965	0.005833219345446615
X941204	0.006910779741330565	-0.025334459936707018	0.01415539447719656
X941208	-0.0065930443390245525	-0.013013398022971677	0.048337646451346715
X941241	-0.03368963361363325	-0.005613531842118569	-0.01026055469594439
X941250	0.02487999729151736	-0.0061495166096734504	0.030755505858125483
X941253	-0.02241410638381015	0.007676259808108955	0.003390628991110813
X941257	-0.05100455583551361	-0.004306802232788229	-0.005041237338419616
X941259	0.021567613275960136	-0.012044125297563685	0.017269998077409254
X941265	-0.06423975740680983	-0.026511354593466915	-0.022134526910312168
X941274	0.004026736716117895	0.011967397524514813	-0.024953927256565853
X941308	0.008966249862894264	-0.021041000622846157	0.011950995186198932
X941315	-0.010822172146196468	-0.011671257970744654	-0.01152432613577399
X941320	0.0041244187416243075	0.010209547227615521	0.012938692828585993
X941321	0.004283621106862601	-0.022785034574136203	-0.006217542611439664
X941367	-0.03717357903683235	-0.005575280181930631	0.02009245938858829
X941373	-0.0029390928084886527	-0.027676154453984466	-0.03288177119391852
X941384	0.005201350070074581	-0.05623504250795563	-0.07730794801892611
X941385	0.0183386551109048	0.00024290161211211995	-0.029565899967702366
X941392	0.11112147198490564	-0.06766707901311811	-0.09267710372128873
X941398	-0.03278546936790059	0.005132786904692664	-0.057220644525787054
X941404	-0.0022341048801128717	0.0017368419258750193	-0.01282084334403128
X941408	0.012013934465550428	-0.005127629821131295	0.010948817020342784
X941422	-0.007890379115376878	-0.03293269027003199	0.007317629798709772
X941439	-0.0072363201233585596	-0.00302598097782584	-0.007176584511017223
X941445	0.00342650569530057	-0.03289888002888029	-0.030271389603967698
X941454	0.006182352341651025	-0.0019149294159224394	-0.017031112280958032
X941460	-0.054286605752021426	0.01671505121796109	0.030166885144106575
X941462	0.015457468976161633	-0.0292593186125599	0.015562556892984854
X941464	-0.0180010997991539	-0.030900502670905616	0.01940175757897375
X941503	-0.03739777995555929	-0.019447623071958693	4.332720954314654e-06
X941519	0.015933333038799423	0.010668046604157173	-0.00935286690618834
X941530	-0.03329404710071419	0.006103109445480135	0.007800661864012971
X941547	0.0165287008235223	0.005713188628320045	0.007312504880385439
X941582	0.012920414010794775	-0.007639864815350134	-0.045526198094061616
X941617	0.004143390943931612	-0.01700592519666422	-0.005776739061415873
X941623	-0.05756842048021472	0.00884017573991718	0.02751595494671995
X941624	0.009947212001476686	0.0016371035792947515	0.017947424601688376
X941639	-0.01863082817659166	0.010374146820361687	0.020144229452907298
X941680	0.04198993386843828	0.03835222033757111	-0.017669461643100265
X941684	-0.007509114814689339	0.030983483730621045	0.0005863274146774528
X941709	0.03457385663627301	0.04181194143328391	0.037379443819784246
X941714	0.0065343561438023605	-0.032064740583001655	0.06730366865641592
X941715	0.026864314774058845	0.030511159022581533	-0.0075275713917610475
X941738	0.0008662968825130609	-0.010895058923341739	-0.015235383045460172
X941759	-0.008309153873397345	0.013049735920346164	0.03352781622729596
X941772	-0.01470922057785305	0.010536214818199113	0.03228034198485839
X941774	0.017228302792956087	-0.0028423002592290617	0.025905487428451206
X941807	0.05570411709094199	0.050665429992480575	-0.009129776384938875
X941813	-0.06259926671816439	-0.002815381492781324	0.029005741055582356
X941817	0.04359955671609099	0.016332391443728958	0.01015895910168268
X941887	-0.0013964856847951037	-0.02212996856140759	0.004903253002938996
X941902	0.0018088280336216954	-0.03962406368380699	-0.04242943183297586
X942011	0.004492772494308713	-0.01188544057168904	-0.01611544500009755
X942026	-0.0019546344383743084	-0.013559779024188664	-0.04262774519857308
X942039	0.021681474236987085	0.021411547636461394	0.02965779691399897
X942075	-0.007269478130357511	0.023407943178942733	0.017164805827971
X942094	0.017992571753963855	0.015319163325845243	-0.0076815332430709106
X942128	0.014798702971618165	0.016051761704020135	-0.0030524907137209393
X942191	-0.07642473649536734	0.09672333315671838	-0.02992819478123817
X942237	-0.05649203885898389	0.017555468930839445	0.024724947732710185
X942303	0.029141434681693713	-0.017852701048587407	0.01620803616363968
X942319	-0.08730154960944468	0.01942290766472587	0.006325658965951446
X942359	0.023814703576310985	0.009426531858669745	-0.014554929542334548
X942398	0.004818440866655063	0.005777971925367893	0.009168309527330238
X942402	0.018208968901550684	-0.03762867691443533	-0.057583995840480635
X942429	0.008063263198082307	-0.03064655675594362	-0.04843041813582315
X942467	0.00330377640031925	-0.010044011651747717	0.03188492428774447
X942487	-0.039171280147537006	0.019370248852108068	0.021293640857673532
X942489	-0.040062391702460794	0.019510526409037623	0.020284790570653105
X942490	0.007722207781209874	-0.039990082391453595	0.017642717805462775
X942504	0.027390272204465476	-0.0068381715311840235	0.018536069704364083
X950002	-0.00856670199257982	-0.015160281619783594	-0.020375478494658723
X950003	0.004177723612664698	-0.01770234194685695	-0.026237415767000054
X950005	0.014501700747438803	0.0007337260413428918	0.005419421809808001
X950006	-0.016264633276580346	-0.025948323390096683	-0.008394984675964529
X950007	0.051837429392025985	0.051248582593907965	-0.01846579044104539
X950008	0.031126186811530426	0.025070256296423878	-0.02590983028468063
X950010	0.01416089059646566	-0.008215712450617767	0.012474854767893302
X950012	0.018250369994711267	0.03644887141006533	-0.004558944392255112
X950015	0.011719201143951275	0.008200980502729388	-0.009350120140933454
X950016	0.015284999523658768	-0.0037365661796571904	0.00506586938414271
X950017	0.006156348055133967	0.005357038802749672	0.0008802223135002835
X950018	0.016822781321191624	0.013143813909475121	-0.004081782767259533
X950020	0.007184904983776505	0.013503677286042787	-0.007590980282814917
X950023	-0.08305405276173115	0.08657677532008891	-0.016496535276344662
X950027	0.009330901319181448	0.010021435518287805	-0.01139073020668035
X950028	-0.09614222559881275	0.10468483131507599	-0.03908220133853806
X950032	-0.003953388139254409	-0.013295476434227965	-0.011202242645280034
X950034	0.009873253186386504	-0.011400702425763512	-0.00011878882911988157
X950035	0.004549991855912008	0.00522438057871377	0.006986577713346155
X950036	0.014520391488705235	-0.006391822802531632	-0.004149195576046514
X950037	0.024718729207806878	0.0076181719054391655	-0.004990371777031303
X950040	-0.0018748876969616152	-0.007259550917243517	-0.01109140164980376
X950041	0.011761546009638866	0.002252102366192158	0.003144690127042938
X950042	0.020967538928528397	0.001488016663738352	-0.005138851509460022
X950044	0.015978530988664037	0.010745826823571069	-0.020814724388161645
X950045	0.008747519890441304	-0.008185048228609033	-0.007468765166765098
X950046	0.007808464673016234	0.01308724652018605	-0.0043056317677361575
X950048	0.0018893002443247675	-0.022996883486520174	-0.02172050529332911
X950052	0.013909804908925615	-0.05916291181656569	-0.0725973538638955
X950053	0.01234602770270236	0.007139710752876406	-0.017899152567630174
X950054	0.00830964152416081	-0.0015473575125082711	0.004978516050272477
X950055	-0.011906926758810724	-0.03000682525535854	-0.003365966620288158
X950056	-0.07510149917402308	0.098955898208365	-0.043270905421643
X950058	0.0009152221136757885	-0.05028689325935102	0.010369767475199118
X950061	0.02042906361630495	0.013414479842347038	-0.014157607478383192
X950065	-0.006429311798370084	-0.01590210761097073	-0.018510081456386572
X950069	0.015245569706264278	0.01944185665259531	-0.0044312564637402335
X950070	-0.001651260095009545	-0.01404822857529858	0.010939929559058476
X950071	0.010331192379955133	0.014003700282000318	-0.01976982838096352
X950073	0.0657941875936056	0.04820814153273298	0.012352466810914042
X950074	0.0008057131869829887	-0.00771173672488247	-0.00420144709954688
X950077	-0.012803866735112805	-0.012761501957695907	-0.005550498523483257
X950078	0.008152662318537812	-0.0013190729923887464	-0.020177736745490997
X950079	-0.009191151356237279	-0.017434381009176884	-0.011346674802903384
X950080	0.008567596113224324	0.0011009583220375492	-0.022838554997307907
X950083	-0.007007660052855531	0.018881676385728425	0.02051929553003262
X950085	0.004168275945164168	-0.0013171095463842873	-0.008758024125138646
X950086	0.009399833675274428	-0.0006119960841117471	-0.018858784998873755
X950088	0.009943084031517896	0.0002951831599568653	-0.00941726546377005
X950089	0.03689330407992362	0.018706602263962566	0.016407271936461056
X950091	-0.023366288220173195	-0.015177988671371339	-0.016178171951772954
X950094	-0.011442181982953846	0.0017751189022438014	-0.023402487906652295
X950095	0.004188207589904461	-0.03829504618053956	-0.0035017308115805924
X950096	-0.00507845522790221	-0.013554786620467855	-0.00534450973566294
X950099	-0.0025957452577272094	0.004853629015339045	-0.022721395682718415
X950101	0.021046391599903687	-0.000842723146431348	-0.010669072187880425
X950102	-0.02910256333507602	-0.005288789335605344	-0.018416678204559275
X950105	0.03158074220433386	0.0191179109261475	-0.0019323361959297106
X950110	0.012118418253801071	0.0024266528854627236	-0.02239731247361574
X950112	-0.004312105968603922	-0.02426034312467893	0.001638362500539234
X950117	0.020980578575236438	0.012810031528784595	-0.0004471137907670491
X950119	0.006769114928208917	0.006069214473182211	0.0070278755723666275
X950121	0.005132478172613528	0.016737479162116885	-0.0034146804248971325
X950123	0.00912790941079349	-0.02481573309871046	-0.021782833455314357
X950125	0.008026967728433908	0.012709813167378752	0.014621160967577712
X950126	0.018443256044612576	0.022552343483923702	0.011785648335900505
X950127	0.021584353934819955	-0.021645534078127165	-0.009992273828492694
X950130	0.006572008460301347	-0.017206768459062702	0.005566290597069805
X950132	0.009510073804309528	-0.0034696405541683366	-0.0025243386517503066
X950135	0.0086061751743797	-0.018431919443629204	-0.02269612283120855
X950136	-0.06558441655185819	0.014903468006140803	-0.006694922995780016
X950137	0.01147373228740858	0.015047581812897202	0.02791825596606899
X950138	0.0023534084374880375	0.001673455468919519	-0.009008788986821973
X950139	0.04250971018604788	0.040276373393454266	-0.03269168079844624
X950141	0.03873982721210403	0.023840288680206434	-0.017254627405111023
X950142	0.010909570688938108	-0.022720494929296446	-0.023417729708219374
X950143	0.011238702160383434	0.022452791985436375	0.00546215313551023
X950145	-0.022210257941464827	-0.009445983097962378	-0.0040631598316622965
X950146	0.009342431419970466	0.006082956947503548	0.004722899124319838
X950147	-0.018137907151592515	-0.03487822413012883	0.017071938630373925
X950148	0.011447339071958641	-0.0421071958033154	-0.005450498465650227
X950149	0.020569703844804613	0.015564486782255223	-0.022537844846736037
X950154	0.007662388880187856	-0.0018486592623989538	-0.012171073582218308
X950155	0.009841275626252647	0.020054111409996578	0.010370974118154795
X950157	-0.08772297858035678	0.1343578571128409	-0.02042418878415375
X950158	0.010532156645681493	0.005355868890961596	-0.003610696952114
X950162	0.007895532841862398	-0.004998945594293973	0.0114744333951489
X950164	0.009238304594825164	-0.001597422296737921	-0.015726483950084687
X950167	-0.007059355435200303	-0.02021996515843717	0.0019585766540869787
X950169	-0.0032628357216597016	-0.009066681773786344	-0.02869130815065827
X950173	-0.044247658918391976	0.0889061066960614	-0.0010756015728100104
X950176	0.007655669797630588	0.0003722481662157104	-0.009173048320797642
X950179	-0.004412028276113572	-0.025600493167113308	-0.017822742402753493
X950182	0.004086477119228986	0.0013015169691327506	-0.0004133920523331407
X950183	0.029638646230850392	0.02040925255778992	0.03877256376993953
X950186	0.039049030326666484	0.023279344710833285	-0.0007654676151280436
X950187	0.008563843375620498	-0.002533846784943662	-0.002407289079500259
X950189	0.021928698822309578	-0.019252137216086245	-0.006917864751575307
X950190	-0.052980218494472375	0.027581760017170893	0.03536902750213506
X950191	0.008241055598760774	0.009677273164609005	-0.007532429316114859
X950192	-0.042267722660004794	0.04607385377492475	-0.008632055466003069
X950193	-0.08468647947211717	0.052034678409453514	-0.02200997669585748
X950196	3.61448586826291e-05	0.03550184741838919	-0.0010206906462557606
X950198	0.0009647930536254481	-0.011613778989100761	0.005199346298094486
X950200	0.01992273810315851	0.009472717040731764	-0.022482132406369305
X950201	-0.0032242219616283457	0.011343855722614107	-0.011979301730661867
X950202	0.00656867705234936	0.010332476827524358	-0.017050080982177918
X950209	0.0032641644375009903	-0.014156805262075894	-0.012261933822418322
X950212	-0.02709640976963901	0.005298579131894017	0.022275961665101533
X950214	-0.006857311556259106	-0.0053969033402153695	-0.0006677958528263346
X950217	0.0169054329293231	-0.007445802247221878	0.007958793237354234
X950218	0.011766532774147702	-0.0033854681871333687	-0.0026631948613070073
X950219	-0.007318595484104445	-0.020572578205522215	-0.031044235430818322
X950220	-0.005601806595551471	-0.019305150106634864	-0.02410657923490669
X950223	-0.026137557649454468	-0.013746093703236902	-0.014671956899644878
X950225	-0.09830334131844955	0.1216135514108002	-0.04626252628723279
X950226	0.014397916079402006	0.005662232667915757	0.005647547428049734
X950228	-0.09685600132251079	0.09211879159337152	-0.018521138597682136
X950231	0.024181886950364988	0.013392269003560064	-0.0036098836044122632
X950233	-0.059791695897842806	0.033318663461772806	0.011957853316690876
X950241	0.0010998280816970766	0.005329346259434792	0.010974204643585946
X950242	-0.028423384743562617	-0.008756099471014779	-0.00675578308772973
X950245	0.005949308131868474	-0.019739079976029424	-0.04899237280976155
X950247	-0.011451725699617174	-0.021784994677988032	-0.023591920423517817
X950248	0.0026422525739318603	-0.01137647550146301	-0.006305108200138342
X950249	0.007085388778812302	-0.00024605297919701034	0.005485860261495488
X950250	0.024909550340479102	0.01827814919174542	-0.04109464984837987
X950251	0.005396219658610185	0.0033860068566218433	-0.020928160200894268
X950252	0.004647088453824274	0.02370553623494955	-0.007750129042015041
X950254	-0.03893784480068092	0.05061559227351928	0.01989539818210116
X950256	0.001804148354768519	-0.029823537398442464	0.0025618119594461738
X950259	-0.0038385093836230864	-0.010095866722695763	0.0019223993147104246
X950260	0.006227657822942903	-0.006768413288615376	0.010907182889879885
X950262	0.06829493535940201	0.051048381336936434	-0.009761383939613644
X950264	0.01435193264214506	0.019467770748340982	-0.006646311614398421
X950267	0.016103033266982706	0.011696730858142518	-0.0040084004172305735
X950268	0.025948975076198602	0.011615761531011093	-0.007359797167451471
X950270	0.021929470519854263	0.019821227737734214	-0.008816659765455256
X950271	0.008012985408510911	0.013510854257197261	0.0021606701385495177
X950274	0.020182407728689653	0.01405847007634941	-0.016407717913559362
X950275	-0.03355780587690709	0.014686602480786355	0.0041510063032469055
X950279	-0.03385521711193624	-0.0082160547854203	-0.004144159885521631
X950280	-0.004543619049367663	0.008421601551740867	0.00025613304696424545
X950281	0.0023357812481718853	0.022144184543821718	-0.004084854969938818
X950283	0.021336081021753214	0.014124805520193351	0.009274402165316276
X950285	0.017441925430410333	0.0037021521393203857	-0.016050966085126225
X950287	-0.012427470869529304	-0.006417508496581198	0.00527594855701829
X950288	0.01136242673372127	0.003109285849540684	-0.022127653324888568
X950296	0.007602094023092811	-0.012813000827949629	-0.019508287004734445
X950297	-0.0013666816866141167	-0.02891566422022021	-0.02650958887113758
X950300	0.03601094364735875	0.017998994949778534	-0.0087581658557726
X950302	-0.0041776649065007	-0.037143882518660486	-0.041105114043551425
X950304	0.011271155715873196	-0.00713064740951729	0.00958092489301301
X950305	0.022381845063931236	0.008356291676167507	0.00821212233087988
X950306	0.014020877362539642	0.004797561370721284	0.0005781988857267468
X950313	0.019791807935891546	-0.0022589386509408583	-0.00039753038821761967
X950314	-0.03444741294722449	-0.0014707834573076436	0.002090701117604045
X950316	-0.032965957773690234	-0.020951189644161466	0.011392791624357452
X950319	0.0107030652787574	-0.0011020443914653954	0.004285440064202672
X950321	-0.0011548008512331687	0.026474976760581782	0.0011821036767231217
X950322	-0.008154660278212761	-0.04524783741360248	0.003644413683264513
X950329	0.0137559649768623	-0.004213929727282347	-0.027423468892686726
X950330	0.006327585113168637	0.01386119094995858	0.0001974010880799771
X950331	0.02506173381806299	0.016525460314499744	-0.020861979183623078
X950333	-0.001761415563511071	0.0252912515751854	0.01028082444602685
X950340	0.029764884282845693	-0.0025481795931231246	0.0061575123562842655
X950343	-0.004294685002543476	-0.009007591321112457	-0.008025511880899299
X950345	-0.037350889690837226	-0.009380032757006886	-0.018067887117915005
X950348	0.007357102937756681	0.002297287859935378	0.01717711578546881
X950353	0.013305212130318161	0.01805493529036947	-0.008676923947831924
X950355	0.008869595724388163	0.00979536434752177	-0.008378098825426518
X950356	-0.04515655357067085	0.001689729948185692	0.026963857609504784
X950358	-0.04385813117564826	-0.0053273353448429145	-0.004272118232100971
X950359	0.017524506624639877	0.008802392975791908	-0.005078942273195611
X950360	0.00986725741919038	0.015726671044902583	-0.0003225344788164385
X950361	0.01990692600011553	0.014808905116553606	-0.0024169201609512774
X950375	-0.014718370312122527	-0.029028977835020616	0.020576198004047697
X950383	0.034900519186210295	0.015258180439323012	-0.01812322589308691
X950389	-0.03021046617164199	-0.0062814164828459106	-0.015142958080038826
X950390	-0.002860069656506917	0.015008955568726553	0.006944888991232226
X950391	0.010115239670394252	0.00013750240623559747	-0.016406831441099744
X950392	0.013788671184704341	0.005316938400604372	-0.0016250560625989245
X950396	-0.13626362383876722	0.13709237601749025	-0.09266652580998004
X950400	0.017301950079477657	0.017619501570040788	0.0028803853770556827
X950402	0.0034080053444166055	-0.0046322769659575035	-0.02829046242571786
X950406	0.027559969485482068	-0.003740943884279214	0.18504182191852933
X950409	0.013349612206504486	-0.005123664741026511	0.0016329893443218575
X950410	-0.017253678312700946	-0.01891978256201951	0.0029070850414860436
X950415	-0.034278910040274446	0.021275080568246296	-0.014530926559892507
X950417	0.015211781212076484	-0.0026385494522641233	-0.0019143183262669285
X950422	-0.020607191083687873	-0.011088735465338529	0.02629506746977082
X950425	0.011567613485373449	-0.005731260284443252	0.02611646817018603
X950428	-0.011373314544537425	-0.07347110354251471	0.0020335196041218304
X950430	0.007537127015287987	0.02433248272685674	0.011021869146032098
X950432	0.009492210755583364	-0.0006659825193410805	-0.023127920847142335
X950434	-0.001796207108413989	0.002801716501038236	-0.005650495648347715
X950439	0.004591346025051188	-0.006819683466196091	-0.012893064509536716
X950449	-0.022582424926222023	-0.020436838834549102	0.008103206284321308
X950466	0.0005066274125225931	0.01076845736595399	-0.0003454276080340374
X950474	-0.014362928280865528	-0.023079522680949212	-0.023988861124361924
X950477	-0.016291476734835546	0.02619285977379587	0.02047398871071463
X950478	0.0013682749129811098	-0.006828195775242263	-0.002071887184466654
X950483	-0.02357571238547491	-0.022418060098613284	-0.0042329542158760355
X950484	0.0033090895918505346	0.020853853774430043	-0.008883437575016768
X950485	-0.048453520782631446	0.09602666657976662	-0.04679965711748749
X950490	0.006713315123250756	0.019312365573396793	0.0005857885262168229
X950491	0.016207338137361218	0.016283134237061375	0.00025802379339324056
X950503	0.007698203966646864	0.00027023876717006045	0.0069711648569727004
X950504	0.020017705559608207	0.007687486620089388	-0.003033975701403246
X950509	0.011653522212982713	0.0003212354097117028	-0.0017043073056090686
X950512	-0.002004739593083497	0.009097143056310703	0.001677258659464545
X950513	0.009193381451790966	-0.000245502461970251	-0.004045010679014689
X950516	0.009649875338230184	-0.005596829679009135	-0.019354006200721505
X950517	-0.010072869120612346	-0.010798019684149314	0.003588042558917822
X950521	-0.019396037213620324	0.013608474474734024	-0.01620783989897166
X950525	0.012929775674097326	0.00258371590746216	-0.013772903047160674
X950528	0.019167087183993903	0.01854804353676234	-0.007736280209430039
X950535	-0.004661494978239997	0.008625703583615352	-0.006960789107728461
X950536	0.016875385893016362	-0.0036922192836000727	0.005178664563210266
X950545	0.0006753752643963149	0.007440141511191381	0.0017945014714227522
X950548	0.031171289048450887	0.03586795876756639	-0.007664412243116959
X950550	0.017413085902965884	-0.0018382946740216357	0.005435081002210203
X950554	-0.0030140867940743102	-0.003549552947602816	0.007008950215783269
X950557	0.018938961577061028	0.02072873880256278	0.001218302741081467
X950559	0.001234274111942781	0.00437202251543008	-0.014229355824814868
X950563	0.0133944689273355	0.016921347565610412	-0.01021793587499851
X950564	-0.003372314491231825	0.018375527134019184	0.006078516689571297
X950570	0.0033901450737750917	0.015634731777167052	0.0023265892645508617
X950571	-0.008471035490643545	0.0046720713793023325	-0.04506862876079316
X950572	0.019720141540571508	0.010129261224521506	-0.012000101387478616
X950577	-0.00129178078122868	-0.015331256561238663	-0.002598711905480753
X950579	-0.024340899671779815	0.031189549958831303	-0.005690438083779643
X950584	-0.0761373893905321	0.031306739948447855	0.052247490248530884
X950592	0.0071761765540231766	0.005300863957098192	0.00012167239972609838
X950593	0.009359204709051229	0.0003912433269097578	-0.007009058993242371
X950594	0.03017663035062012	0.02545314280571392	0.01990720260280919
X950598	0.013713357831228292	0.015087035855681424	0.00465656334684312
X950602	0.002058958843352935	-0.010370194244293775	0.0026580003730169916
X950606	-0.015304953138424142	-0.03309023546648181	0.011363399956714013
X950607	-0.057753195075908446	-0.024735125681446604	-0.007028941988786485
X950611	0.033514696262892434	0.014359715339881868	-0.009095215918652174
X950613	0.028034756274047057	0.009087681090127512	0.0034771246775138374
X950618	0.021617257724057662	0.016947062659952862	-0.022893614841575972
X950632	-0.0033765774043617216	-0.018642961861370537	-0.007041822897758771
X950633	-0.009184796195800756	-0.03446797939246601	0.03657648901794615
X950637	0.026048468547742964	0.018027208120532497	-0.004828245952335353
X950638	0.02867172828202414	0.013182201628084218	0.001690335181847599
X950641	0.01894752112435234	-0.004767028021537825	0.010898242663737068
X950642	-0.005785508836174286	-0.021479239721218357	-0.002796680771681721
X950645	-0.0029765508794188586	0.014826285117447468	-0.0019356101340461604
X950649	0.004255662198653625	-0.002538817705569075	-0.010515710528748766
X950653	0.02420511327946054	-0.0012407941369652342	0.017833226447980105
X950655	-0.0031115766302252158	0.0029053552457972277	-0.003873451928267101
X950657	-0.02075700260976165	0.03157843383486676	0.023805971297591388
X950661	-0.11420215642112702	0.017848181455773476	0.0701894260533419
X950662	-0.03942624733464339	-0.021825191898338498	0.03376584425827546
X950665	-0.019267379375748232	-0.010070718068206443	0.0003094894890035546
X950668	-0.004278636749811973	-0.00898022842065352	0.004035274084155423
X950675	-0.001328884721707982	-0.002786777258061882	-0.0025520263127668122
X950677	-0.00233510332421897	0.0002573100274147357	-0.0020360445517753735
X950680	0.018967842678878126	0.017787680566537407	-0.019756210936624233
X950687	-0.039509960963764766	-0.006630769955209313	-0.018785422671606083
X950693	0.00021432770694344497	0.01778841917124687	0.0024404924031670625
X950695	0.003692812754611537	0.0020344249795792775	-0.012854797583862217
X950696	0.015422379431837198	0.0016992071716975209	-0.007030851243330843
X950705	-0.010469179326061192	-0.002094279518683811	0.008709687243378735
X950714	0.01005550355288147	-0.030024915577826758	-0.0008695475050496714
X950726	0.03765895551858833	0.05324717525622492	0.0005270912693516578
X950728	-0.04909035873455618	-0.029355656536409445	0.03568922045612304
X950732	0.001032403659940961	-0.007734672469414337	0.009956188899670801
X950736	-0.004908211394492916	0.009260507946476154	-0.009855439705832844
X950746	-0.01409060967100662	-0.0031105057003357446	-0.007228285701737693
X950747	0.01077167304309524	0.01685857165302568	0.005236192458304756
X950752	0.018082700764420832	0.018170731242759988	-0.016776979803691843
X950757	0.023712029448343976	0.0029692445243010976	-0.013564508743185202
X950758	-0.0038275064883752487	0.0008553275822554377	0.005798054059059454
X950759	0.005649780724459065	-0.002495651555615712	0.017229201269864138
X950766	0.00391049519580484	0.00939637458446258	0.0012020282246323194
X950769	0.0063320062965163066	-0.036001165804390396	-0.05329601226528882
X950782	-0.0024417988240117198	-0.016206644583856053	-0.005957421469075952
X950784	0.008329629924253977	0.013362770994144608	0.0014979662485243334
X950789	0.006625773691865192	-0.01135792935753224	-0.002270877684120413
X950796	0.022458999594415673	0.029785136595367127	0.009460239007440762
X950798	0.03566204677231975	0.014538071048905183	0.004934566878953121
X950799	0.005790213152288386	0.028869593350190445	-0.013623032448540252
X950803	0.033801002337352254	0.023291237754823887	0.0021250116461848257
X950804	0.02146891880417862	0.0042851722537222674	0.0037011935008317196
X950809	0.022766375858586728	0.01994398672813084	0.0004478734737705412
X950810	0.01119475621861969	-0.005677565043782413	0.013680388124368911
X950813	0.0011384960824717255	0.01586386329350685	0.01736000554020539
X950816	-0.018914130572282646	-0.0074169908814035014	-0.004477600079495309
X950827	-0.016512561435089057	0.026620082985448254	0.00944647736671506
X950838	0.019791178603654393	0.02377847712918384	0.007566623597963298
X950841	0.024976914342128256	0.026201977766782	0.002977697737366302
X950845	0.025491507511756724	0.00904339160743811	0.058787272858241583
X950846	-0.003163561666216912	-0.018402357070349252	-0.004598671978675481
X950851	-0.015739476170609848	0.037032032941473565	-0.0051677594560073595
X950859	-0.0363921122623141	-0.014897531022165927	0.0011452820224670335
X950860	-0.04223581101383332	0.025361283076226742	-0.03290088469343437
X950869	-0.014861500407895372	-0.002295007424476312	0.0069422527839510225
X950873	-0.009820112463323899	-0.01382325561783922	0.00025686855289549766
X950900	-0.04103246575647678	0.00927455614117274	0.021209547849194835
X950904	0.016262519472623603	-0.003031432802723986	0.010317682924099552
X950906	-0.0013203301058589147	-0.01101484691832625	-0.005533654121006256
X950911	0.024566373540846162	0.011973074702055038	0.0029799735851291287
X950914	0.014732592155387369	0.006517538986916712	-0.020045592627778983
X950921	-0.02714421703496371	0.0004315060868579798	-0.003064051747196175
X950925	0.047885094031434185	0.02807387607508177	-0.00833878590681197
X950926	-0.040376264296151224	-0.002699443072196694	-0.023722497419753193
X950929	-0.006303692331402204	-0.02018226204604557	-0.015009473500455598
X950963	0.021682845112719243	-0.0017684926258829147	0.0022900484907819128
X950966	-0.0021000194136530617	0.0012053115060986724	0.014074343889826021
X950968	0.04973606344508473	0.041235471168783136	-0.0036441702712376196
X950987	-0.011286588597957201	0.0007428099516423353	-0.0037797667494908352
X950995	0.01703474923963377	-0.02114336557667953	-0.015859481537331115
X950996	-0.009720350866424664	-0.030156010931060868	-0.003734409803233401
X950999	-0.05416584246907475	0.058708432094307456	-0.012110922747652202
X951002	-0.007344096310456257	-0.008213617630162583	-0.026467686048158173
X951018	-0.010486966979858476	-0.0011381673635734325	0.01243237038520037
X951019	0.029990201980003708	0.005209728635728187	0.02525684628720641
X951027	0.01750515415687002	0.027130208124792114	0.021006059777843627
X951030	0.0014979842454939483	-0.004104137479892841	-0.018972767004515587
X951041	0.004243585625416496	-0.011000791136574798	0.012542633498860483
X951051	-0.010427039266323317	-0.0291400741109808	-0.0015872082618563152
X951054	-0.001715198110292924	-0.007355399032601696	-0.01456184646954567
X951055	0.010155631263412084	0.007750100208973446	-0.0023060405090085294
X951067	0.009592629372176895	0.006061366369961071	-0.005800647278459672
X951071	0.02041904788762685	0.00586552060131205	0.005959426941584613
X951083	-0.014007807633374475	-0.02975155392839336	-0.01415085809889999
X951085	0.01931497484276901	-0.0048116147127153595	-0.01680127127043141
X951115	0.00945054040895104	0.015228720598472785	0.0034778174631058902
X951141	-0.05079632685192699	-0.04181482946336932	0.008891288164741114
X951144	-0.02700186609012766	-0.017690353684468318	-0.027193307343750625
X951150	0.008106857231227286	-0.0169349526886607	0.008109241659129685
X951151	0.002730990430624224	-0.010433825950470895	-0.018746423675314993
X951154	0.0009790433823232874	-0.0026356394378432304	0.017746118220392
X951156	0.01507680504130912	0.010983708797420635	0.003818338933591586
X951162	-0.01646073157748471	-0.00576930655928314	0.00686368805546946
X951171	-0.022281039511073242	-0.015392961136907014	0.017465767368836767
X951174	-0.006739475213641695	-0.014984307694001747	-0.0023680866694585946
X951242	0.007947358156285606	0.014022695554823288	0.006812038722553547
X951273	-0.023656974295625056	-0.019129447690996823	0.016751102348736814
X951284	0.014797215832363764	0.014036404806631668	-0.001594885552282084
X951317	0.019337901728719582	0.019377800345249264	0.01608566296980631
X951318	-0.005574105806637337	0.016919924585769953	0.009281601776235892
X951322	0.01180403008053315	0.015074947198117044	-0.010334960240402582
X951337	-0.0021867686170127082	0.019885908330524046	-0.007536334047374639
X951365	0.04613844176839419	0.010768172682224304	-0.02011751441469989
X951409	-0.03490790367512021	0.01802638677035313	-0.034507056071286256
X951429	0.02500194986758899	0.015314963258412998	-0.01533131392078548
X951457	-0.025702760369840035	0.020312656594535766	-0.006002726558501471
X960001	0.003142878129770472	-0.05079719501338573	-0.042573552520694766
X960003	-0.005525597797460263	-0.0074555016376758616	0.025521524872694257
X960004	-0.003907358047421375	0.0018774761470819312	-0.01736954625233091
X960005	-0.0005419042596803644	-0.004676762801511896	0.01588711348776244
X960009	0.0035594995618898856	-0.021432737798053172	0.03485160183668571
X960012	-0.008379076749702294	-0.0004938297689708012	-0.006500802900426326
X960016	-0.01416823957336089	-0.012867349187938477	-0.0017967523615902857
X960018	0.02089921709585079	0.03401492987859251	0.010856330821095205
X960019	0.016487019255630085	-0.06006950483102615	-0.08744757886811164
X960020	-0.014409225456751237	0.0017041447634821962	-0.010312287061057197
X960021	0.03073968910489564	-0.012287557567671217	0.015983721373284767
X960022	0.01170322284381051	0.0009302823311670037	0.00997829700067362
X960023	0.04434570986526087	0.04008309632860937	-0.02751259150427084
X960025	-0.006328762819464873	-0.0011477089926878994	-0.005545991253452096
X960026	0.0012439591254034992	0.007186095012520814	-0.02023409548905305
X960027	0.009925793290154928	0.023437386632386363	-0.008372236396038554
X960028	0.018340134890588618	-0.005086487326677699	-0.04614969288974042
X960029	0.0030780145062434478	0.010749353177299114	-0.03393768060947377
X960030	0.008361674854493581	-0.020994242822751096	0.02157347414791533
X960033	0.004018929595845406	-0.031089890185398494	-0.014401782174794835
X960035	-0.0763191420103528	0.06397689251759829	0.0029402552811324725
X960037	0.014640090229788258	0.044075844792152485	0.0031904411613396595
X960039	0.015496569134760326	0.0025139890149504748	0.015220528053445512
X960040	-0.03776770377731514	0.002655401212251611	0.02683061214628373
X960044	-0.006912366198904011	-0.010024858461072123	-0.014565939371523562
X960046	-0.0356765525348405	0.022878275358269907	-0.07822779400219497
X960048	-0.00776851751150943	0.021688484427004738	-0.04200570087444112
X960049	-0.008625989795699809	-0.004625264484022668	0.0056682945529226494
X960050	0.013712737884098188	0.0023274689288588003	-0.026579029364715567
X960051	0.030307175015278746	0.0001382782676249455	0.006635674486960265
X960055	-0.002902939730835647	-0.018072368826285195	-0.015245857972758963
X960058	0.004618743968751992	0.015099038477283047	-0.0010696328942260216
X960059	-0.001596761067814758	-0.0128235283960492	-0.007139365575790584
X960061	-0.01359368940172216	-0.03887356412944825	0.021384940813944157
X960064	0.017750612999230166	0.008715041069860293	-0.0023758315273239047
X960069	0.023460187588438264	0.009393453399756994	0.01602672051620536
X960070	-0.009526012369269086	-0.004932276209275724	0.0005529464285532427
X960071	0.008051380991472233	-0.009800564174363164	-0.01189866614511089
X960072	-0.007330640244587223	-0.04407608245350002	0.0015518419074483619
X960073	0.017620011034996767	0.023989712979906375	-0.01855892114884585
X960074	-0.0065297776846915696	-0.017962455643024233	-0.0010311185370017442
X960083	0.0015525545610004783	-0.003854152523870746	-0.005359596866173705
X960086	-0.0350175069689056	0.022156241708156225	-0.09659590858430828
X960090	-0.013699200601348603	-0.036305983484630766	0.008374838418052359
X960091	-0.0005183561613292991	0.014144159873354883	0.009601486709902048
X960092	0.0037995270699178532	-0.032252326293445814	-0.006662601212261794
X960093	-0.009280805156697032	0.0020020225209551974	0.029615668597883105
X960096	-0.03052593731726814	-0.021807424227161157	-0.016673655160622896
X960097	0.010374307523608736	0.006208169330859208	-0.007345624913413129
X960098	-0.0018208614270003708	-0.01232549024271584	-0.005612634480758859
X960099	0.010667475455894375	0.00921400517370516	0.0193338358555903
X960102	0.0012266155735481464	-0.007986815919202408	0.017448901395596017
X960104	0.009899843461642216	-0.017358805672821068	0.017579257893568415
X960106	0.007262638238914305	0.0035408959913695096	-0.008751289067949357
X960108	0.0018468717434259089	-0.0024151703715219464	0.016615536939846604
X960112	-0.018459124418267716	-0.03856762336843548	-0.044577445649879574
X960113	-0.006009605117219236	-0.019852633073372556	0.0033639617293465913
X960114	-0.0007936383795910744	0.010468816811134424	-0.016788344870624288
X960115	0.008742896998016668	0.008780205199391947	-0.017940973602883485
X960118	0.0010046762124244868	-0.030084509845613228	0.006908247311140311
X960120	0.0038845525557667064	-0.007539070672160988	0.003356750482476672
X960122	-0.0008033489519009096	-0.06443303951216861	0.0021611883872334208
X960125	-0.027512228048650767	-0.0319426572312994	-0.0194170906439682
X960126	-0.034602257923015786	-0.003229477839554768	0.03133193882645412
X960129	-0.03012823391212499	0.0032403898766363037	0.002136057832150386
X960130	0.0007080143310613502	0.011476533837543948	0.024481657106117227
X960131	-0.005783735659507814	-0.016758609870626263	-0.014637797421715493
X960136	0.024589022170602794	-0.00745210209481709	0.005526067890586761
X960137	0.008906572607606937	0.005758063820347237	0.014926337225440643
X960140	0.008207201166320907	-0.005782598639280679	-0.019051371765308956
X960146	-0.014172297273734057	-0.09849314696692776	0.08940392558115974
X960148	0.003642590185642817	0.015625629505212037	-0.04889166900817014
X960149	0.008705215563361852	-0.014479879700129698	-0.007746674045012868
X960152	-0.007760395104754865	0.02348058872893385	0.01368329367923824
X960153	-0.017896273471039538	-0.014108175758443283	0.038145663172704986
X960154	-0.05097143311354451	0.0062146492655147205	0.0257807375479928
X960158	-0.0032003929210255772	-0.011921569677797663	-0.04986718136017921
X960160	-0.034715262497940595	-0.009431640422211557	0.007455360506941683
X960162	-0.004204384171371735	-0.0017218740714520066	0.011249487263229451
X960164	-0.013671767731755448	-0.0182380313534941	-0.0008073875913636473
X960165	0.026677151033548056	0.028236653380121237	-0.022850120489238887
X960169	0.009103823375314464	0.0026549908332811093	0.006601661023237783
X960171	-0.058991107214258036	-0.03894757267380176	-0.008665943324953676
X960174	-0.03220568186195174	-0.0014779593064495828	0.032459809657801264
X960175	0.001116691637693514	0.002607907578988885	0.00013662823039992323
X960176	-0.00698484153350258	0.021291589005697643	-0.014620880932146897
X960177	0.0666158417017903	0.05010961116681959	-0.03839071717116458
X960178	0.0030876007408206963	0.019918436503918432	0.013724318487007505
X960179	-0.01145977888246048	-0.008371127226123381	0.006163607051787075
X960180	0.014113398200516101	0.012935312722635976	0.03769393049924913
X960181	0.0033918113464063092	-0.011810015896348253	0.008757033987440955
X960183	0.015436445333370213	0.04095771522714039	-0.01440392889327068
X960184	0.01787700213542705	-0.01012713372421991	0.01806700674170214
X960187	-0.007161677674782562	-0.02105064620991842	0.0009472163089706776
X960189	0.03706033434601235	-0.0024114381770754065	0.10277603627278963
X960193	-0.014542805115350728	-0.001052479332005632	0.014430771776634313
X960194	-0.021802660937532053	-0.04955266742369395	-0.0421386784267539
X960197	-0.008351448051121932	0.006378792903776557	-0.0072759928195929744
X960199	0.0022913372469622237	0.00312504539152651	0.006027035852294939
X960203	0.013404070447325419	0.019025631783698673	-0.0060683570672330125
X960206	0.02017284875487351	-0.08802077364960761	-0.07156761748231474
X960208	0.06414591142153862	0.009916914826401358	0.11966097743686196
X960212	-0.015554947803951686	-0.009273924618112687	0.013080704331644035
X960214	0.010897464353120062	-0.01926261354157679	0.052096876768989886
X960216	0.0010659902139047261	0.0033278378051549103	-0.014683770642464403
X960219	-0.02128350336708017	-0.02814770573672608	-0.011357725110574328
X960220	0.011294170631003986	-0.0005801007597365746	-0.035154492164674644
X960221	-0.02902432857941899	-0.028019033124663917	-0.026928235764150005
X960222	-0.011386384444913893	-0.03501883988318841	-0.029884530549130862
X960224	0.002150489742259749	-0.01192344251325078	0.0036909140640254915
X960226	-0.02665961290391636	-0.011545006068030557	0.11956499993160294
X960229	0.001578304642947198	-0.019211737496967713	0.011791912094627698
X960231	-0.013581407708983908	-0.022890132166838703	-0.01437444991340663
X960235	-0.041943404332077557	-0.011970031440108435	0.015674167020010038
X960238	-0.008459890930915035	0.027078049279230524	-0.031842841316638795
X960239	-0.003660038425329395	-0.042069887589621324	-0.015805877853828122
X960241	0.019603606227529945	-0.006157902531609344	0.018183042301315865
X960242	-0.11730781151019232	0.1315715650912663	-0.06604515285220051
X960244	-0.00376568679259019	-0.02069613889703886	-0.01605679808489008
X960245	-0.019041510317998653	0.011543528406019368	0.015814514160147165
X960249	0.03139067340611759	0.003517657816866429	0.027267557275956627
X960250	-0.010674869466044021	-0.001894105759821388	0.0152365213560976
X960252	-0.015258644398522482	-0.002203494723376409	-0.010720060018687048
X960254	-0.0089958335163983	-0.004439217940886792	-0.009921988338842034
X960255	0.007561594371871066	-0.0004336111800166417	0.01963464168509701
X960263	0.00018670392344483135	-0.004660956368451799	-0.006517950484464184
X960264	0.010066518167067327	-0.002613594636610904	-0.010719883970058111
X960266	-0.017722665964791395	-0.006577439204311932	-0.007772510058149614
X960267	-0.000952049577412392	0.0018430964779183412	-0.003377520338517709
X960268	-0.044904810455307594	0.0018619428370877907	0.035014923337482615
X960274	-0.006264588858539589	-0.03379509305332929	0.00864425965506517
X960276	0.03021841350258207	0.006789721157208745	0.02631241697239281
X960277	0.021406363716292603	-0.006853568424909678	-0.03256518876494231
X960279	-0.060232840864112444	-0.03150511140129773	0.008035486260413567
X960288	0.00021560136266229668	-0.0019016305508865777	-0.009977407995323357
X960290	0.015808163715092027	0.010424933222860712	0.014423977843446442
X960297	0.009712602748460768	0.008237942043354964	0.010684935598676872
X960302	0.05796228842263899	0.04704557532364314	0.0019229315000690173
X960303	-0.01126517048798797	0.004252322731002628	0.024717239105077272
X960304	0.029550819824050584	0.062472973337442804	-0.02557996416673457
X960306	-0.06457390341897323	0.011006926719201457	0.03618553724000113
X960309	-0.02900755201664226	-0.0018311817398851912	0.03942300637139753
X960312	-0.03666274441138129	-0.013682850952397399	-0.006281863720667929
X960315	-0.0002504173372329255	-0.010959033073932973	0.01192985764568893
X960318	-0.011967279055481646	-0.01927449740651935	-0.015204582374254351
X960319	0.030852250347716347	-0.01758503518185709	0.037515847197445946
X960322	0.006674154495682009	0.00756990182586999	-0.015379331382158419
X960327	0.0015370145922096185	0.007797919625874992	-0.01295769058529604
X960331	-0.004590522728368597	-0.015244034868059213	0.01896239686825235
X960336	-0.022504103076166758	-0.0004035361774535611	0.011214220165730622
X960338	-0.038584072525383734	-0.030642781205385976	-0.043077691675757375
X960339	-0.023381229186031822	-0.010314411144039557	0.002870052404581972
X960341	-0.020463347649696314	-0.008666325559795372	0.03542147390334665
X960342	-0.026483855149873278	0.006787401757740483	0.005693300766160168
X960344	-0.02725816980337942	0.01422983315982891	-0.008771856883943684
X960347	-0.0001846606707943218	-0.00881435971048818	0.004292697522141195
X960348	0.00676680974377493	0.00040411780720396465	0.011584359792009773
X960350	0.020473007487261916	0.0005545386442425717	0.009301224380995668
X960351	0.02234508281339008	-0.0005766127569938137	0.005020479072489535
X960352	-0.026084720497528198	0.019948753022621123	0.0078850974168591
X960353	0.003352278007751453	-0.05022354736980701	-0.040067192012216556
X960354	0.015876970351801273	0.013056412730257136	0.004786827302404281
X960357	0.038206838904670276	0.036833507664026675	-0.02708697731051681
X960360	-0.06743736761336347	0.031178772088916656	-0.021508758159224664
X960362	0.009026414881009293	-0.014795595545358036	0.015268753208541569
X960363	0.00828225464326836	-0.02434030777503464	-0.04089529718132911
X960365	0.02120785650996093	0.023831931055808882	-0.01107133927094353
X960368	0.013671264460919505	0.0026061909847021306	0.0014481915713145872
X960372	0.01368879032186949	-0.01822683056959947	-0.025533437581159675
X960373	0.008121698510572763	-0.008140214448871664	0.00261232920026335
X960374	-0.060766406341121154	0.008355981221371907	-0.030636091772001408
X960376	0.00834638874112292	0.0729772377662791	-0.000938804802669092
X960377	-0.03594297366755696	-0.04052718124222449	-0.03606016656731365
X960379	0.00348867829854167	-0.004147948450100501	0.0012413910025531917
X960381	0.000767163892996055	-0.04066835766445269	-0.0019259488548354234
X960383	0.028112578906772163	-0.015076159752277954	-0.034680256073007024
X960385	-0.01235944380233533	-0.04729289975851077	-0.03222387924757678
X960386	0.005681867369720325	-0.04295054565760705	-0.06751658772705425
X960387	-0.020336112623408748	-0.004414924185336396	-0.002890834799676023
X960390	0.0020218516938464797	0.010472000182161234	-0.00451249150869636
X960394	0.023308141505477893	0.05964172327497297	-0.01902077865615763
X960398	0.012526299703958941	-0.03812836711551254	-0.0029698398540475186
X960401	0.01602411788945869	0.004793394989445147	0.04318492265761417
X960403	0.02169590596228646	0.006262101079763864	-0.009160659971018685
X960404	-0.02100626042824717	-0.005741097360653562	0.01924715547139649
X960408	0.07008818442760308	0.07058057886366441	0.007393576819096715
X960410	0.0012002965348377186	-0.025530231740992913	0.022463854145714533
X960411	0.03654488952518897	0.04107279428369733	-0.00668811035246486
X960412	-0.0024744440169406	-0.03770104882151305	-0.0014198816182241008
X960414	-0.04748834158052839	-0.010697142719877664	0.016671828766595672
X960419	0.002829467182197114	-0.007897687401739429	-0.009263767074149446
X960421	-0.1380750900119622	-0.05229278049936158	0.01463831482780278
X960423	0.023121768927967946	0.004416399128951762	0.0324726197811458
X960425	0.002634976906907907	-0.00199932966496532	-0.01882725332777667
X960426	0.011882173685217835	0.003856265490226049	0.007437400506483433
X960427	-0.026309588987552725	0.009651391711611442	0.005137807540996736
X960428	0.0036784743362065844	0.00019275342816326397	0.033635059190613985
X960430	-0.00845716354535918	-0.022590849177254478	0.0016959162162007092
X960431	-0.03203131228152672	-0.029006510741970932	0.0021998800644140873
X960434	0.008594403975317355	0.0007172954511570198	0.03612289843901991
X960435	-0.04645814269940445	0.01966105167458983	0.0013519272525465286
X960439	-0.009356989419037263	-0.01125689672295951	0.016694463996018292
X960443	-0.020867633217220398	-0.039791388977801975	-0.05502094266772154
X960445	0.016523638003892466	0.0025983598585370875	0.002331702274744949
X960446	0.003742204926643638	0.011169867159184985	0.006655547903875125
X960447	-0.0033581058605564595	0.0013529142241180817	0.011101980986707711
X960452	0.0029335821350115893	0.02566322551028555	0.012962680291726576
X960463	-0.11020643128093288	0.04187742790010768	-0.02660487218810082
X960465	-0.13888115471440146	-0.05026679841329886	0.07664149877777467
X960478	-0.022039506622535975	-0.008692184282745869	-0.013891768924960256
X960480	0.026129791211004994	0.008518271496190492	0.0049020868665984995
X960481	0.01771518630829029	-0.02217876230014796	0.0007232526469643581
X960483	0.03515426241131375	-0.02576785200635926	0.03580072959906213
X960485	0.10378752841261317	0.04234937035441166	0.1394878663762572
X960490	-0.016927500002676767	-0.0012791655864700588	0.0006049081436093777
X960493	-0.01090639347789054	-0.02257704217545231	-0.05060685414091952
X960494	-0.03214629353850246	0.0170471890404674	-0.021394007233115443
X960496	0.008172778825880385	-0.0017913122862426433	0.011355980521221313
X960501	0.004107772723630098	0.010940313525739079	-0.020545090981284916
X960513	-0.016987297570287784	-0.0037072495237972297	-0.012085018527699722
X960516	-0.01684684319992566	-0.013584884158874936	-0.010685714470266802
X960529	0.019919399369237704	-0.00652315322130893	0.016007723792448216
X960538	0.043256827971146244	0.033662780816138806	0.0018437878271458754
X960542	0.06539976731549775	0.13227893750575234	0.014981590711098483
X960544	0.025036879503849727	-0.05485993476987319	-0.05094719571729543
X960550	-0.01924439844211174	0.011903034590081811	0.015420364088368896
X960551	-0.013633807831574545	-0.01271636921605211	0.009828471716868018
X960553	0.023911895066209266	0.004998292027163555	0.020311751577123404
X960557	-0.017704341261254208	-0.02997427411946812	-0.0009319061287788672
X960575	-0.07092588278582673	0.023066547283765147	-0.05500682667049421
X960577	0.0036897352245859405	-0.003203972743884426	-0.0014682409475527116
X960589	0.008408192249193702	-0.02062174606703541	-0.04294212132006652
X960591	0.008845421709459487	-0.05562889960108893	-0.02914780345918338
X960592	0.026692820337020032	-0.048333932832349276	-0.14032050862933584
X960596	-0.010000651303088219	-0.03700396373760565	0.009724580979392402
X960611	0.019841531952694696	-0.0017093025679048416	0.013525036889353446
X960612	-0.07718692179321723	-0.028937959181362747	-5.622878512673093e-05
X960616	0.01223187947958938	0.003135422534307085	0.015268374618034264
X960632	0.011411606758231807	-9.334630579969176e-05	0.012695952370300643
X960635	0.001250267461623864	-0.007358780207999396	-0.002116453507343889
X960636	-0.0038753307745699496	-0.00810989336025826	0.0043468642105313655
X960639	-0.01108037237813105	-0.03420206511713828	-0.024313229720839005
X960643	0.007360631626594026	0.005751063769330118	0.01047117194760455
X960651	-0.021968791841341873	-0.0404306185935269	-0.026909735874271448
X960658	-0.030744767543706274	-0.05141482159130442	-0.03701057985788563
X960659	-0.04264803844969971	-0.007637394747218512	0.009722356464174232
X960666	0.0018633883446393822	-0.018249188498115475	0.06106760493294499
X960667	0.007674318058369049	-0.0008684638072355036	0.0061971274460784365
X960672	-0.04921745118765328	-0.02879634672461226	0.006581714146174416
X960673	-0.01662093023871119	-0.04852981755550254	-0.04620979335881204
X960683	0.014612669018219792	-0.041548359520077564	0.022104545777293476
X960684	0.01846916210691884	-0.0024038270696431384	0.013226569911888426
X960692	-0.008201070374604867	0.010970208754694935	0.021106254739557996
X960693	-0.010389681600909324	-0.013667807475759111	-0.0122827975608933
X960712	-0.021504946416143745	-0.024357886142002495	-0.012113706811175774
X960719	0.020393281191839904	0.004060342553761793	0.04020505730216936
X960720	0.008054250807452746	-0.007811618174236374	-0.015028084847593416
X960726	-0.042223724616159905	0.09223279578533276	0.06605522620877338
X960743	-0.0077324346931047765	-0.016651350785378462	-0.05748220970773382
X960748	0.007440946419593258	-0.0243541519689258	-0.001551874602225813
X960751	-0.014439849166067515	-0.04294039865037937	0.06415267120192658
X960760	-0.0025889560072065135	-0.032430589523980966	-0.011532315529189412
X960764	0.020777167590673763	-0.0692017619846146	-0.05140170709299127
X960788	-0.01579846072478899	-0.02286842647434287	-0.037119256054664915
X960792	0.00031925836248317824	0.020002429104500223	-0.06715509696798501
X960793	0.05711354690659168	-0.08929159489687663	-0.08107654147271982
X960795	0.025427700838274538	-0.002707764173831463	0.034971187641430604
X960796	-0.002633635716181785	-0.00019808786733724047	0.008379073442248577
X960803	0.010746828340147707	0.0037246465874987127	-0.014125221327193844
X960807	-0.02103746779408164	-0.0055006880230565455	-0.021664183344785315
X960837	-0.013098015139802303	-0.028689191795090125	0.009047240175859561
X960841	-0.04905630458573061	-0.05883580711258232	-0.041484538157853794
X960843	-0.006702953975556992	-0.00017704203719187448	0.013918721389761895
X960848	0.006812127428310156	-0.0032930891005569403	-0.012774543860609599
X960850	-0.02972238040592939	0.003336891072605448	-0.08085781694513268
X960851	-0.06715561140361208	-0.06071564028439715	0.025667403456415907
X960857	0.011363338843628293	-0.02894535455020301	-0.0029486848493010124
X960865	0.06227975573170598	0.03580622262648413	-0.03510739374593058
X960870	0.012885090008112169	0.021630128513327563	0.014046833871298138
X960875	0.009781061914730986	-0.02430363911028952	-0.030306089716969933
X960883	0.04045953528958826	0.03487885300805138	0.0036282888193359423
X960884	0.024858949116285493	-0.014274900123862582	-0.04958539929124349
X960892	-0.024778651278193665	-0.00845245719996183	0.03931391523278126
X960894	0.03028047993417718	0.015500725304573972	0.0020905834162598773
X960910	0.006640462057285258	-0.029582641017397496	0.013284474479346185
X960911	0.0151551704338121	-0.013952722506065697	0.0158511104789477
X960920	-0.02139856957982069	-0.0002085852970369268	0.020441153515418663
X960934	-0.10663472823577894	0.025068754092826048	0.08093706640178755
X960939	0.012431137774667051	0.015024918388836728	-0.005394372809510771
X960943	-0.0052593040834208685	-0.02075247022265288	-0.008484023889308252
X960944	0.04607221316716418	-0.11468630065964225	-0.09505846789557457
X960969	-0.03608086341045527	0.012037904873895706	0.003292443250156471
X960972	0.03874681405103759	0.04105158403165448	-0.021527919041644757
X960974	-0.0011428532591279122	-0.006043268204618052	-0.0008390948790291794
X960981	-0.025153938908180306	0.019560054354546424	0.012232423722229402
X960991	0.002514110404708418	-0.03113022323205385	0.07008690788347248
X960998	-0.005323959407005466	0.004782996323946993	0.0003551917916308774
X961012	-0.0009515191505459005	-0.011065272444593929	-0.03970100642717972
X961035	0.05807504387020599	0.06771671510746861	-0.08872567372916375
X961077	0.0028862434697735115	-0.010656430144922227	0.029774592921933754
X961092	-0.006220763824351675	0.05182830838662439	-0.02374414824318025
X961096	-0.03409459563143949	0.005603411999761899	0.0354690675642734
X961105	0.008154659925840066	0.010197873366201945	0.013427640894200869
X961124	-0.007996696653724641	-0.06974267082867378	-0.01907189089328871
X961128	-0.02696497017938818	-0.004220373943062711	-0.003640481160124479
X961151	-0.0036398934919803284	-0.027355132489344333	0.12676456803619862
X961177	-0.04388474288542673	0.02653945358886292	-0.01860776528959218
X961180	-0.07912582301643045	-0.01118390279067821	-0.010597679997323708
X961193	0.018241600339125644	-0.042335463486555217	-0.05004250065771298
X961214	0.024796311495928678	-0.009322671941035348	0.016152517255864432
X961221	0.004528466861525401	-0.011484516605248737	0.008576481422598837
X961226	0.07231421117995643	0.051157383806281986	-0.033131181725699656
X961240	-0.017726660129898732	-0.03435291949606123	-0.040089384818888775
X961242	0.0339778695211986	0.04807354502085902	-0.000868289336794573
X961243	0.009236410375972615	-0.07099860062849947	0.2696491167225719
X961246	0.0065466758239850304	0.013671367650052463	0.008760054153145267
X961263	0.0215453859303201	0.031547142045494386	-0.009253063158655246
X961282	-0.012344725960786763	-0.009795132372370847	-0.0062125922961778135
X961321	0.017030951779933516	-0.000353184663322208	-0.0033090036195186044
X961325	-0.007478196174773772	-0.06654060399698329	0.15802328216310033
X961339	0.04433232125958539	0.019678517576072814	-0.0478437783244447
X961365	-0.012619965355953864	-0.0278853147104433	0.03986843408980504
X961417	0.0021015590307470835	0.007783516090045237	0.009893829273293497
X961423	0.014054450089364477	-0.018636502706505517	0.013529364360162655
X961434	-0.04387237578454738	-0.005089902097554449	0.006177621851662476
X961485	0.01204580249107325	-0.032142524233354654	-0.013279428076034418
X961553	-0.07747678786222129	0.04043951055232881	0.016304966823612894
X961577	-0.0004445013140309118	-0.01058366403730246	-0.030188776158256183
X961634	-0.014036936354081016	-0.0004561948017868759	0.004071748351796903
X961684	0.0024069402725663525	-0.002965651852970438	0.013086971710207129
X961686	-0.10287895864297615	0.06253153767185299	0.007892682244557228
X961738	0.05810008925168271	0.011390113835767676	0.0137898611370743
X961809	0.025335935840800163	-0.0034950454321283617	0.016052033022674404
X970002	0.005581703126420669	0.01822927691673618	-0.004110737990803158
X970003	0.013980343701626399	-0.004918410949022858	0.003622618246400553
X970007	0.00217421907766743	0.005126519862518545	-0.03221895793656549
X970008	-0.012079408051447617	-0.007842358915128257	0.0021513535052891533
X970010	0.00939904289134469	-0.005033506175849341	0.012001017052804838
X970011	-0.020732437743712095	-0.021521770712860093	-0.02699892146948451
X970013	0.011062628573178739	0.011218797599481809	0.017153299286237232
X970015	-0.042472050376935994	0.00555727594378712	-0.0050859512120779785
X970016	-0.011061143299787565	0.0011837356048247274	0.0024897018265108957
X970017	0.030902632876777553	-0.026489116133755927	0.0006489317862995871
X970018	-0.1011711255469167	0.0014459778023208504	0.019036726373169867
X970022	-0.008095303393442445	0.0215317341639721	0.004044381774714932
X970024	0.0013393067036267627	-0.0014729236275432375	0.010540797999009572
X970026	-0.008863968656310848	-0.007561661039993915	-0.004208675816988327
X970027	0.01208822919747839	0.01599581670093355	-0.008888990346930461
X970029	0.001422347288716186	0.002891214165848725	-0.008108470851151984
X970030	0.040815345704645366	0.08055632527251026	0.014849035592013542
X970031	-0.01621649485841161	-0.013217187349698576	0.0028372230842345436
X970032	-0.007090113370266744	-0.053957494349106266	-0.029609842707000095
X970033	0.033739253236659994	0.008504796094232615	0.12461809978442188
X970034	0.01614162216126835	-0.009427668314864648	0.00155081508847227
X970035	-0.010854898355451652	0.0052390349497896446	0.013185596585865132
X970037	0.0014324355252855637	-0.006678233826028897	-0.014604727287011949
X970038	0.035551541140250116	-0.009178758847971345	0.025649869325960525
X970039	0.01631974000114451	0.0026133574659644343	0.0012948066013973676
X970040	-0.011645008151355657	-0.052896689662113736	0.013790242278345322
X970041	0.00038522757400753695	0.007291422939377759	0.0037737486559031746
X970042	-0.015836281911294894	0.0274160168331136	0.027277538914038207
X970044	0.021206918867519117	0.0044237372293514515	0.006116765838630499
X970045	-0.0032006155685161694	0.016658769020144085	0.018100071315932748
X970050	0.021208245202720768	0.010959824154818543	0.002449221293548299
X970051	-0.03442682035827201	0.0008044077681355501	0.022968215643498494
X970052	0.030225414751537553	0.0038491982343191043	0.011032540993020092
X970055	-0.0069347961613428636	-0.016416666122200198	-0.016764403750680435
X970057	-0.019275140792203643	-0.005005131377542846	-0.01843492391789301
X970065	-0.0001309095569712276	0.0008032992038413552	-0.004360928116572067
X970067	0.020373757143352975	0.0006499971634651131	0.01533595986133358
X970069	-0.0123763458197127	0.0045232038725030125	0.002141968609944662
X970071	0.015887682576691792	0.004966805227708674	-0.004073770956208064
X970072	-0.02054500658791734	0.0058146217076357545	0.01182612316320545
X970075	0.037960996782825926	-0.017474627359385275	-0.04284648344934058
X970078	0.01442374540993256	0.010051624615437618	-0.010018023205713707
X970079	-0.03681578695199537	-0.009381807373284479	0.02060932270475739
X970082	0.05023022905223692	0.036173253305249946	0.004834528239493891
X970084	0.007152990588254376	-0.014952477224935562	0.02283835552639835
X970085	0.001281618415058209	-0.05020934801135745	-0.02527694992510419
X970086	-0.002875053570614449	0.013031826743645758	0.016363007433912176
X970088	0.01654669135175395	0.007378849701078856	-0.0014784329837371347
X970089	0.08824580427494078	0.05708380638530892	-0.007830622722129314
X970091	-0.0668764774374686	0.10403161178139418	0.024824820323609036
X970092	-0.0902573456596227	0.06952510620633261	-0.04671285038707
X970093	-6.387600396168075e-05	-8.327788812649389e-05	-0.002108817120100019
X970094	0.02199407938407236	-0.025003810372759686	-0.014735648193668646
X970095	0.02568510275939402	-0.014928452483423582	0.03521583875556239
X970097	-0.037866529048619806	-0.0035734884506511016	0.020826465068208767
X970099	-0.004164331503412305	-0.01981757669448584	-0.024402258531864996
X970100	-0.006936468318703838	-0.04197134599345695	0.015422413643076126
X970102	0.03412788285952792	0.09040875645779128	0.005826701748124829
X970106	0.022772522996637786	-0.009773706695524553	0.00020353680696702815
X970109	-0.005112242934063404	0.005193749894479183	0.008825652424599678
X970112	0.01064806680122199	-0.028267079480423375	0.014272260014073723
X970113	0.07022592092904069	0.05875084044593192	-0.05289856212351645
X970116	-0.0007521064233164893	-0.019860565243618622	-0.0019530464339426155
X970118	0.010288537348598773	0.0019238651142950288	0.010929018109251645
X970120	0.01492127946357625	-0.0020826233463102695	-0.016515281795689923
X970121	-0.011131055721304647	-0.044260559924774734	-0.038796420680581936
X970124	0.014088120728232763	-0.010924021670262721	-0.015963569102269502
X970125	-0.006350002659354752	-0.008249472874843958	0.0012415136414581243
X970128	0.04008539280325568	0.08426020835464451	0.007732529087191284
X970129	0.011958119468047397	0.004729678432264475	0.009113734131050696
X970130	-0.006621530674042077	0.023983108909645615	-0.0055059225276508144
X970131	0.05867058993100287	0.05671630909067395	0.004043515487685631
X970134	0.0034160094720291976	0.005604561316025988	-0.0038232285607266263
X970135	0.0020546084375999796	0.03237960210151491	-0.013302079738658589
X970140	-0.0073311868985779525	-0.022657684047228076	-0.01659839822651472
X970141	0.05926290504066945	0.06495393482599421	-0.00721397067480845
X970146	0.007245100765221926	0.004828306270380245	0.0008984064725527248
X970152	-0.043604257957498185	-0.00807992233159751	-0.00334097332448386
X970154	0.033787254220019526	0.013296632767273253	0.02124837697297206
X970156	-0.011421492016152984	0.007826485180375618	0.0011498511082571254
X970157	0.024637837825627496	0.008034107256484074	-0.005169919255309075
X970158	0.028108106930527177	0.015033106869770427	-0.0017442318110329747
X970160	0.0181840436535804	0.014980004113981468	-0.01876207437561144
X970161	0.025192223773423603	-0.017772782233765747	-0.003535840982225094
X970165	0.01072845189270981	0.009700158693971433	-0.0033255318353126546
X970166	0.004124859892036543	-0.05863476352993406	0.005857674961995417
X970168	0.016576609736113437	-0.0037064418264766683	0.0017481916253679005
X970177	0.010121938459256205	-0.007853797320447947	0.02133329878783713
X970179	-0.0026136205179463482	0.0040860250462259684	-0.009221158059199389
X970180	0.01220644616567432	-0.0072403569053659834	0.00529779799538775
X970181	-0.027363269185248836	-0.01428668358457742	-0.005022710619023676
X970185	-0.04242788902314454	-0.04934356664491352	-0.03986368986962749
X970194	0.008465333933745904	0.018931291463449185	-0.027161877502932984
X970197	0.014095756129595642	0.010459109391724238	-0.02428237110046194
X970199	0.0013161494892254765	-0.0006571020039419836	-0.010221207292081428
X970206	-0.014037580258424782	-0.0348833990293814	0.03146260504667881
X970207	-0.01815882448161822	-0.03457804334869613	-0.03637414242911721
X970209	-0.0032350062866095975	-0.004626207929054893	-0.007166843704313202
X970216	-0.0027785448664397507	-0.014538260693914291	-0.038932297554341404
X970221	-0.019862845048256767	0.007990140361791574	0.020534406534713997
X970225	0.008481356235777091	-0.001992663007238981	0.00393299426672426
X970226	0.02733831298046469	-0.028297198714773406	0.006957239168849342
X970227	0.027406017960504934	0.0021484116478603316	0.008953584472611022
X970228	-0.005667888385994064	0.015450967911834685	-0.004713752909875597
X970232	-0.04819663680612737	0.020936421448011666	0.055443441592455844
X970236	0.06753637485617153	0.021883686481387495	0.054475231050091465
X970237	-0.020766051376223522	-0.011134382869194026	-0.004059712237659363
X970240	-0.06244722105814157	0.022684815168336772	-0.10912784919613229
X970250	-0.012039881260843596	-0.0026134737977972305	0.02414008359184357
X970251	-0.019959146164766083	-0.005494855584742864	0.020917184207327997
X970254	0.023919190123014474	0.11240346671491613	-0.05249245925761609
X970255	0.027803000412626486	-0.0001815224762640321	-0.011139798360389112
X970257	0.08849569207472052	0.05128509384494431	0.006999228501723137
X970268	0.02100463260755105	0.019026086166181715	-0.023447041216564157
X970269	-0.006190961275908495	-0.04582732669774541	-0.047449574977872624
X970271	0.03239672050833385	-0.007776520612934802	0.10208050737186282
X970277	0.0015870599380177763	-0.04608477436928137	-0.012582367218111052
X970283	-0.08344652744590063	0.08097569749387205	0.02672047098647853
X970288	-0.021767059693755662	0.02438409862412552	-0.013738630686949563
X970296	-0.005971731765990286	0.07620345768748332	0.005590356728794696
X970299	-0.005039419645167766	-0.02056490604909118	0.003246443437646534
X970307	0.010402335583550798	0.007691808305087321	0.016561433643051612
X970312	0.031988688141587625	0.02357748874214436	-0.015879285065457938
X970323	0.01527079298838664	-0.009331906061315528	0.019599969752510663
X970325	-0.006477558712712815	0.01043270149255168	-0.009863788931875677
X970327	-0.06495335897153752	0.02113358718410969	0.032642972443805846
X970338	0.027514668595911552	-0.004218377069824552	0.08937223261172192
X970342	-0.08155827567860705	0.052466684206366805	0.014811323926572181
X970343	0.008508073979400777	0.055276973667318534	-0.008222990488401496
X970345	0.02549450413700982	0.0014380501782758626	-0.003380861138829506
X970346	0.10018672152473096	0.03956769435511861	0.005563787849948685
X970349	-0.012325158213342983	-0.031543828049970815	-0.015926765647982313
X970350	0.0033211168483659403	-0.040575666167241904	-0.006065429122461421
X970358	-0.0183415050307654	-0.02941537638176064	-0.008395473337303975
X970359	0.046323893747238006	0.016589265399029426	0.016838156602170907
X970361	0.02190565162040869	-0.0343824164382794	-0.0063992951936398
X970366	0.0269101838466091	-0.055553940071777934	0.09072765075471927
X970375	0.005477969482841509	-0.004513948959769936	0.023425283223323445
X970380	-0.03906563469036103	0.012186498631620114	-0.057915079227050664
X970381	-0.008788795658644197	0.027644225513098426	0.00035226838098435906
X970389	-0.023181662570320102	-0.03353250198608928	0.025406865200638142
X970393	0.010795859748103667	-0.011077367974608853	0.09260396446138924
X970411	0.03465886380707275	0.0685500538624518	0.023692572210085357
X970412	0.009696928789389386	-0.010773083756252863	0.041301298105145594
X970414	0.05121820589760155	0.028313801729274307	0.007891528834084605
X970425	0.016610943043095544	-0.001992996200460128	0.006121592239310327
X970428	-0.025812137814323347	-0.040529633092170975	0.005155165592264914
X970432	0.00047373824554630846	-0.018135833766959153	0.010445488640188133
X970454	0.008738315582729916	-0.007615837164715787	0.0016525279644014526
X970472	0.011731938262174618	-0.010929121204944476	0.02082597853149411
X970474	0.014645295303349164	0.017083618727280595	0.0012576669552605702
X970480	-0.01572712232003804	-0.011524024227046778	0.0011497810582685357
X970482	-0.026168458837797223	-0.007813359611829331	0.004015740265709968
X970497	-0.021245906288301877	-0.036460223538097254	0.0442920676013673
X970502	-0.0313151156085014	-0.007865847958159427	0.020063050161249114
X970504	0.03300780752509528	-0.034885280352100104	0.005498730204200361
X970509	0.0806385041528103	0.029537001280800557	0.0153115790372381
X970512	0.028331461287648185	0.0018993158243799583	0.008971086798721476
X970515	-0.0205214888596896	-0.025379239704310382	-0.009440429039669983
X970517	-0.0015255989315422968	0.019393055038447404	0.014487656358397912
X970519	-0.008727980607566396	-0.01482279928303506	0.006505593015250547
X970522	0.02032080133195051	0.007723128692862745	0.033843951850698786
X970524	-0.010373248011207002	-0.007975247723609684	0.01860033592342169
X970533	-0.0024948683554970653	-0.00011634015675123364	0.006880629193116097
X970536	0.010021907026892351	0.015738279323892053	-0.014568296611058767
X970538	-0.028678864140876885	-0.01987844671917354	0.01342993183192204
X970543	0.021086277581165533	0.01023284413735833	0.0045820989282071315
X970544	-0.04894987346974258	0.016799312538931653	0.0075122149123440386
X970549	-0.02659824656331163	-0.043355365928649046	-0.05619982772014054
X970563	0.02884890670182804	2.7853868411808086e-05	-0.011241905720965532
X970564	0.010065883511970233	0.004983708873679538	0.008240195781614125
X970573	0.035403180534276664	0.00621042430924718	0.05544549022394792
X970577	0.0023861688136059505	-0.022025085052848562	0.020076177709302926
X970587	0.012843713134221073	0.004170236404970329	0.00020993849904159053
X970599	-0.02596466430847228	-0.042076937603174505	-0.03719771969616033
X970614	-0.0010566536670886953	-0.0021335232638061874	0.012258810546083345
X970625	0.005213456605082253	-0.004175784875973526	-0.0037118926053821668
X970633	-0.02475319199319059	0.06599055847973549	0.04533149892312176
X970638	-0.022827970445366372	-0.0395645865016765	-0.018070866400233726
X970649	0.07601190413161003	0.09083105716590129	-0.011019090755640745
X970659	0.025324431419334513	0.006220180707360642	-0.03322171166068296
X970663	0.01368990038509394	-0.009591815569123774	0.004542810265609253
X970664	0.10214954450061205	0.08491018525758351	0.011015749723842833
X970677	0.031513660208998255	-0.0034283644934177825	-0.007573055992268364
X970680	-0.04318341157675205	0.07774434769249323	0.046472234147325236
X970687	0.017036073779969213	0.021356926171883558	0.014122667763057916
X970688	-0.003979092285790007	-0.02364941039286696	-0.019541193006745478
X970692	-0.012233133375252048	-0.026682042398341103	-0.02983714126533114
X970706	0.07672663715682593	0.14395753668658734	0.03525690352374567
X970707	0.03609931810420201	-0.00573861339571854	-0.039426336170619074
X970717	-0.014118682474227923	-0.006940013932561651	-0.017465213106315228
X970718	-0.0015597194382369168	-0.003814267865331734	-0.003932553001710608
X970731	0.024683301135409355	0.005354568971888025	0.019688488709655744
X970732	0.015666468372348953	-0.002341338184519097	-0.02808249871193853
X970737	0.021457617712188237	-0.002409657826950673	0.0010694436299978451
X970745	0.055574540640177965	0.02431211195130213	0.005331936068580376
X970784	0.021788772930343786	0.0058615177207136165	0.011505087929726371
X970791	-0.007748414079490691	0.002951061698107448	-0.007971074812961363
X970813	-0.028385419868553058	-0.011686539881713453	0.042308701886373264
X970860	0.018620380515960544	0.010410708268058639	0.005426589652860847
X970932	0.005139337868822872	-0.0345338017664128	0.026777743780511187
X970960	0.028182829075479462	-0.020216498017876533	-0.011639464899338512

Biplot	0	0

Site constraints	0	0
