Eigvals	3
33.130501510975904	28.593862293501957	13.655196930237729

Proportion explained	3
0.5222573656448931	0.3890220304747018	0.08872060388040512

Species	12	3
Propionibacteriaceae	2.8131045431677553	-2.2116247173604706	1.051771406438632
Staphylococcus caprae or capitis	4.650521486800918	-2.3832366499709665	-10.078548435157726
Staphylococcus epidermidis	-5.9272503481330245	17.062142196976875	-1.064930959349539
Staphylococcus hominis	16.956172410057565	7.852049438597894	5.04584559363463
Other Staphylococci	5.244600410161254	-9.377745324052908	5.286479973677481
Polyomavirus HPyV6	-20.15224409231548	-11.630395460823394	2.8259490048012044
Polyomavirus HPyV7	-10.784757453413114	6.356921967325397	-0.9063016919981937
Merkel Cell Polyomavirus	-8.144897830070766	5.025726990256323	-0.6407631615905472
Malasseziaceae	7.667493831075335	-11.631418160568492	-4.029047655483297
Corynebacteriaceae	8.32597714408676	0.47618525579871673	-0.21623896176807725
Micrococcaceae	-0.977520927351783	4.088598567925126	1.4783295476692966
Other families	0.3288008259346007	-3.627204104104118	1.2474553391261212

Site	1225	3
X940001	0.003340787514065051	-0.006051717000759128	0.009779602532179599
X940002	0.0077514319116662195	-0.008129274513859315	0.012564846509971007
X940005	0.006038759264626978	-0.00466537817310038	0.019217101029943624
X940007	0.01998041557308873	0.007061263440163976	0.01340234088759631
X940010	-0.010007959834128558	-0.0003666215264230646	0.024419122371406844
X940013	0.0036884624181955958	-0.004773488959635169	0.009864940541016531
X940014	-0.07866058848542554	-0.09719492441514778	0.02735664510818202
X940015	-0.015479657378257182	-0.008665892803365514	0.0006758825062492103
X940019	-0.000695562663496898	-0.04912629836678028	0.04181447129787758
X940021	0.05376398673619276	-0.02345925107829786	-0.050376403754664935
X940022	0.016477779754262085	0.0016593151883777433	0.012195764098720623
X940024	-0.002980064327564897	-0.003691192673285129	0.003001409516356771
X940025	0.024903832871506874	0.006532523567162674	0.025686183253104164
X940026	0.019879947954315833	0.030909492800123405	0.017736290093615218
X940027	-0.005031555131496486	0.005524116182894674	0.007709366058766748
X940028	0.009888073247275465	-0.010220782988385285	0.01048908919000918
X940029	-0.010281875666021146	-0.0036826420816082153	-0.004481061143064936
X940031	0.021834984449314362	0.0002749198827629598	0.018858707029877506
X940032	-0.01630147042323626	0.001995527165946552	-0.0036171505638031383
X940034	0.02247037000046432	0.011370493246612035	0.017570799288999454
X940040	0.040295900145018285	-0.007380315599926422	-0.002070720898134939
X940043	0.0019657302252071933	-0.0002429257539462191	-0.00033881171816929547
X940045	0.06270259025947796	0.003865321925626754	0.056416152468883866
X940047	0.03477834637529724	-0.01404200418951829	-0.06637896420434537
X940048	0.019669749862288897	-0.010391364941037581	0.00942416781036549
X940049	-0.012980384190873816	-0.01220194770893855	0.0017900898980094421
X940050	-0.023687761395526478	0.050101278754694854	0.00022199855709268527
X940053	-0.008693118809168404	-0.004683959757949571	-0.00426268684293102
X940054	0.05145493361817723	-0.005127291358426127	-0.013759616483475356
X940055	0.013503091756102183	-0.0355185105487532	0.06559902656973068
X940056	-0.01652982380069477	0.010462417994523663	0.025431164501837165
X940058	0.007097339736949197	-0.013645523297609439	0.014946854538458954
X940059	0.0044298115021734604	-0.02400735193320609	-0.0004747883594196107
X940062	-0.03588501948628288	0.05092017737795495	0.01587003399435224
X940069	-0.012271217892781225	-0.013292940073299842	-0.018248558879078634
X940071	0.0011333464037910836	-0.017574819104004387	0.09707060431552701
X940072	-0.016362501254083225	-0.005179892421523456	-0.0115111507707956
X940073	0.034738180983122265	-0.06039282884628204	0.0073954455245257246
X940074	0.027972261624688036	-0.0015104700363824121	-0.02115204248924711
X940079	0.030178888420001673	-0.023878112612336452	-0.028519828479140873
X940080	0.038742081132559364	-0.000305845063645908	0.005702917238963139
X940082	-0.045302857553481624	0.06126544771786935	-0.007381249864904849
X940084	0.01829483323841984	-0.004850718393119631	0.015753208755019843
X940086	-0.007484707952997168	0.014214656069057396	0.006061283042782564
X940089	-0.013998736944461701	0.004686813296861426	-0.019648424501754018
X940091	0.08645051325473059	0.0428873652701418	0.06621712215015108
X940092	-0.020971765761712013	0.011584407790644612	0.0009805846861114782
X940093	-0.0028810401109835774	-0.01154732230636941	0.006587330106169087
X940094	-0.0842159667584681	-0.05725944710126625	0.08258294764648684
X940097	0.006376400188180794	0.0049345317890202856	0.006807110820321349
X940102	0.0357534745667066	0.033821859334974495	0.005020624290123553
X940104	-0.019643587875383454	-0.008645204154321842	-0.0023281714452562607
X940108	-0.006522730311377967	-0.009687519614373676	0.010497384915241038
X940110	0.013544897451693537	-0.010639752243284686	0.014608749136499106
X940112	0.02677631104598371	-0.06486475586449414	0.045964958602011975
X940115	-0.05384423323485533	-0.017541191135562764	0.024304099876563335
X940120	0.018583642467013856	0.0019507651870702147	0.00535435557602098
X940121	-0.026619673151157205	0.049343666399163905	0.03210172841516721
X940126	-0.0211449427028933	-0.013493133999232215	-0.025588990317231688
X940127	0.00717342442873015	0.006705958659429834	0.003425484708473446
X940129	0.013660949993901307	-0.0207029872248743	0.006271306999028212
X940130	0.029860313077864676	0.0048477925848894755	0.017811480188430266
X940133	-0.019562632352975028	-0.022383487353795636	-0.010118258256708841
X940136	0.004619155324856917	0.010544459971160413	-0.0027521114762353014
X940143	-0.007659205241169694	-0.004187157341209982	0.00880403183550176
X940145	-0.006083221910918785	-0.012490573677775379	-0.0031455075802949723
X940147	-0.015395630695246914	0.019209437494629465	-0.008250385420021766
X940148	-0.018913933500583124	-0.01735004366487907	-0.02043007994293971
X940152	-0.012832070772039102	0.002157050871679862	-0.0014915882833519164
X940154	-0.03601459838646298	-0.03757682723575428	-0.02754535462693035
X940156	0.002719691372697271	-0.004603457042069331	-0.037136991304900904
X940158	-0.0025045559047867463	-0.007289435252696626	-0.03742198087066988
X940163	-0.029799162875437338	0.017966414355908213	-0.05582959853741378
X940168	0.0027392542253430194	-0.002718065108520087	0.024958988813229548
X940174	0.04166520291676723	-0.024232296059719313	0.05827967614320094
X940176	-0.011609868655792067	0.028904106826805123	-0.019672137000334117
X940178	-0.02059580429019311	-0.012017551027016675	-0.020445529336201335
X940179	0.02674322441234619	-0.0006922861551479889	0.00850306225092628
X940182	-0.0036980228276586274	-0.005702397267694876	-0.019321378802194693
X940184	0.0017761768426713329	-0.0334136237217732	0.01679972446799848
X940185	-0.004669488878934472	-0.03219265240446241	-0.05271440433754805
X940186	-0.014162106960905184	0.0023358868741293107	-0.02123632535882363
X940189	-0.01057235680677317	0.041942175940711215	0.012136489065358582
X940193	0.008247697613944971	-0.02389089630747816	0.028663524848197532
X940203	-0.039946851878863	0.06678568637819038	0.002192664104233981
X940211	-0.01288491837449828	-0.013964277502241986	-0.0027735322629312133
X940213	-0.002416239245285848	0.00779661679672448	-0.025424308099747363
X940214	0.040465094024597824	-0.00047723393760887756	0.02038176103298528
X940217	-0.01668927105049924	-0.020440597960001965	-0.020474046659043718
X940222	0.035634912616687636	-0.023404369277967903	0.042287424175658755
X940223	0.05894866328963703	-0.008854573793260908	-0.06827232677151979
X940227	0.0029000829799938703	-0.03298705392253141	-0.02244389383388317
X940230	0.0006607655798586496	0.023942378019394046	-0.0037383768487118715
X940232	-0.021070753738885277	0.0061725670115890825	0.014179634492043396
X940233	0.03059400074193811	0.014495584108734081	0.011829035397096717
X940237	-0.025453008635705304	-0.016478182398297948	0.015386005793930763
X940239	0.16646233817792042	0.02223100959886399	0.0622119967750857
X940244	0.05159389207297394	0.0059916199622952766	-0.005173567919267232
X940248	-0.005098081553608258	-0.01857371411858975	-0.020765432308451147
X940251	-0.002056677359905813	-0.016876804728376365	-0.014150319441241194
X940256	-0.015120378191149787	-0.033317297934046905	-0.03515740845278897
X940259	-0.02527136903922381	-0.004799666057070268	-0.011424799069287242
X940261	0.015470322193533672	0.0028695991518289925	0.027974685658568157
X940264	0.0011285183171902019	0.015425002197680265	-0.024248193836880788
X940270	-0.021927819742611696	0.013218439854032414	-0.021054680092020127
X940271	0.022850077033415607	-0.01638065272092054	-0.00498826562438915
X940278	0.008904116275772339	0.011858771748759215	0.012523367141596893
X940281	0.06142076980586512	0.011736300431756675	0.007941380655123613
X940284	-0.03715700199441358	-0.011042135402051328	-0.03959653766447265
X940286	-0.03051201959588946	-0.05414075133777044	0.04127371344697899
X940287	-0.016204201036164954	-0.00630459211060752	0.0038199164684750804
X940288	-0.03812488652282155	-0.03266981390447944	-0.0003634044948179225
X940291	0.0006848081078084671	-0.0013293392741000605	0.00880180322175381
X940297	-0.010565415142298806	-0.010481080138607343	-0.009474408631446204
X940301	-0.007585296392463177	-0.004608371837761366	-0.01691989429357787
X940302	0.022967802471079008	-0.008897189234188136	0.0005549452638026843
X940303	-0.039430788567677524	0.004592931826840892	-0.0300662908113928
X940305	0.005287196435686084	-0.005734207885410622	0.014118016076885466
X940306	0.014586901467011236	0.00642135950168389	-0.01279614839495488
X940309	-0.015215990648524127	-0.015706762245384184	-0.0012535549029909201
X940312	0.013711583310176367	-0.012562736066836215	0.040876833233193514
X940314	-0.0006070795229496916	-0.006343768271290349	0.005214832606555964
X940322	-0.007007318221517265	-0.022284514471006784	0.04985336609053061
X940324	0.011192132193274303	-0.02326497212241453	0.008883795055829367
X940325	0.007693537283721759	0.026177108398861722	0.02293731835933415
X940329	0.041472182667657946	0.0020614909135209863	-0.04396202401441794
X940332	-0.0010379880208871075	-0.0028358397329305628	0.014759768603567317
X940335	0.0406446236432981	-0.019648793117775423	-0.040707394599317756
X940338	-0.02589283666253874	0.011058375893048629	-0.034187088881775386
X940339	-0.02223065304379854	0.00982645522734555	0.012440962222126843
X940347	0.007726271466739868	0.0035507178301689745	-0.014058136997609934
X940349	0.014442068153179615	0.011437371087068696	-0.028226400598150944
X940351	-0.012254347519996836	0.0002998461149428795	-0.01776807582075047
X940353	0.010138471524406445	0.035599258503618156	0.02678790480314264
X940354	0.0037462793776415998	-0.0034050990061145715	0.006660484958569541
X940355	-0.00970528326525452	-0.008175307403179545	-0.030026129216641332
X940364	0.02416320645208443	0.017623513490846687	-0.02441964242172124
X940368	-0.015300861707937258	0.01790169004125513	0.004692463663651348
X940374	-0.012403887779293155	0.05701505657007416	0.010156631234582497
X940375	-0.015597112645573777	-0.02075213901087852	-0.015362404622713911
X940379	-0.007982475588303553	-0.008790384519188147	0.0007801172023165484
X940383	0.03290619168115304	0.020445192648624072	-0.00277421013059991
X940391	0.009688760101691982	-0.011171164915796037	-0.02389662850436767
X940404	0.04496366889636133	0.03199730919232268	-0.004238056199852579
X940411	0.024022346657613807	0.017959388861707042	0.02769392544388156
X940413	0.0246042473220571	0.07396111518690794	-0.007938120164425027
X940420	0.012868342335851754	0.014867198871617126	-0.009424696415897604
X940443	-0.03044754624491409	0.01084820981562329	0.050087365299742684
X940444	0.06024683209087784	-0.0033915571224382725	-0.030736959117653083
X940445	0.04295282023432005	0.006949298002697553	-0.0014632787663656443
X940450	0.0021971867763745517	-0.013188755046402168	-0.007173941855086249
X940451	0.0322856675656184	-0.04859707507382875	0.05239631844808337
X940456	0.002224983136607716	-0.009933999037529324	-0.0010602640530954378
X940465	0.011264696030098048	-0.003640551139101409	0.025074801906582286
X940466	-0.010758600590915471	-0.021591414441367873	-0.018720087573009317
X940474	0.0498203559868302	0.011840549888644622	0.0008381618276478126
X940481	-0.003308962120510715	0.010714593564304854	0.004735739259495981
X940483	-0.0029801014989001063	0.009561276416832278	0.012772083448985897
X940484	0.022957431605795827	0.0290014258208195	0.013560315018440393
X940487	0.030111735125496933	-0.012435099764051301	0.006878756121279297
X940488	0.061513760518961035	-0.033491671893138404	-0.009666218996695461
X940497	-0.012905444046444595	0.041012402608059	0.0030064325197577584
X940498	0.09386937230918624	0.031947741295668776	0.015754516250639845
X940501	-0.033177767941895996	0.08928373450211032	-0.009862435859641217
X940506	-0.027047086309147397	0.12365842319746914	0.027503037210451838
X940526	0.0248029822737993	-0.0034848218994701164	0.002807301567991918
X940529	0.07914185043874164	-0.018346485288799553	-0.11904269426572694
X940532	-0.007080485755748735	-0.01756985249407859	0.013473031931670137
X940534	-0.03767173191478972	-0.003437466507441814	0.014829886786257114
X940535	0.02936871085992391	-0.01318088388208983	0.028861325687372114
X940540	-0.019766259174064226	-0.015559858299072315	-0.0130903251428432
X940547	-0.011600948061637742	-0.014702944906087511	-0.015318426431010406
X940550	-0.01301365645111373	0.0447582113742755	0.009213599730890457
X940551	0.006983548112575223	-0.015760860966085366	-0.014565476097032175
X940555	-0.02968287632516006	0.004228535761655732	-0.016427972427006395
X940558	-0.02707000024465711	-0.01670858963089515	-0.012504586611252989
X940560	-0.05118215618043105	-0.036726647545498106	-0.00873729613394388
X940562	0.05612664041409485	0.0016466366688913869	-0.022867118097650196
X940570	-0.045632125830365564	-0.0005671390095049069	-0.007526998369117839
X940571	-0.04606880445494722	0.023020510698356585	-0.03229511744164874
X940580	-0.00022680718717832456	-0.012496308514318464	-0.01971435741030182
X940584	-0.055553022557481235	0.04997339960805033	0.003016326147494822
X940589	-0.03944165590744155	0.1320605668359812	0.03976866171675005
X940598	0.002207615600085462	0.002942985347486275	-0.009872481203427853
X940602	0.04307827507749239	-0.035528461959592764	-0.09228927267590616
X940606	1.1596273992157922e-05	-0.002934402174951623	0.020378725463641886
X940612	-0.030876550420962382	0.09156945880398397	0.004523310720644611
X940623	-0.004534341092162028	-0.002492037278365141	0.0020362021897751925
X940625	0.03272016576183264	0.0021871262211160154	0.03218230918415759
X940641	0.017079830637957566	0.0003322677698663303	0.007426363285419399
X940642	-0.013534143015460931	0.01159174067792695	0.0022522067063045327
X940648	0.005018603999312914	0.0010579452872962513	0.015764202207277887
X940649	0.006599849112397901	-0.025573627723541454	0.022503864865085252
X940652	-0.004659057144172969	-0.01312222607644979	-0.011785872892636912
X940662	0.006038955342375265	0.005281619808676647	0.017002621385216257
X940665	-0.012080839173286919	0.017048332101850333	-0.004901365836824405
X940674	0.0021105691242825145	-0.01076308115936415	-0.006787660285154097
X940689	0.0032444628877653613	-0.06920453840798117	-0.09804338377300101
X940690	-0.01045230302157779	-0.006975039038027999	-0.01940756573051522
X940692	-0.03349599575687796	0.030908021516144715	-0.007247837725057404
X940696	-0.021553589536230062	-0.003239528777120576	0.008747824344131737
X940700	-0.010179711694782665	-0.013464976683701418	-0.03766569322608799
X940714	-0.010693384774191544	-0.007294188379690779	0.004026044539237159
X940721	-0.006210182804459679	-0.01502566316927379	0.029745146039292666
X940727	-0.019611699500886783	0.03286105130256687	-0.013495570323999421
X940748	-0.010852711946212392	-0.03382530018782049	0.016871910101120574
X940756	-0.029191237847784764	0.005554034406242371	0.016417370567316614
X940761	-0.022894096877034094	0.004552780414601072	0.02176562837413128
X940763	0.007980492459896748	-0.012107705791247056	-0.015671279950153497
X940766	-0.03668756640422518	-0.005705294332951477	0.024546579680041522
X940769	0.07860774915269	0.021288708704465656	-0.005649784200768952
X940775	-0.018125787498146303	-0.01567539724296878	0.0020810057071669417
X940778	0.011931366539498622	-0.022772476287392995	0.008115922125749369
X940786	-0.02982003581786412	-0.021810744294994945	-0.02681133340466536
X940796	-0.013188755618228257	0.0034739106798242626	0.007345516643197126
X940816	-0.022305338641452947	-0.016039224027113757	-0.03503641207126498
X940819	-0.012189205059696303	0.01315417841667032	0.05386093540765579
X940820	-0.020094156845407107	-0.007537723072622402	-0.005206741371951962
X940826	-0.008226804846836957	0.019359226199663796	0.06217017179139314
X940827	0.016609204867652615	-0.033669072942591104	-0.02209296476422935
X940833	-0.04138601411963436	-0.049153291236164055	0.03241988558030505
X940843	0.012951624537453753	-0.0005720158440067997	0.017278064704251563
X940844	0.06748551798576477	0.021718940435581487	-0.019998390624228455
X940845	0.00643991082067603	-0.022473347735411868	0.013722242341714702
X940847	-0.0069107223455763	-0.00715931549524086	0.025991574017291585
X940852	-0.020245193265112704	0.00694490363998212	-0.016652257360173728
X940863	-0.0014416831091081045	-0.012271121944955674	0.02306116110431273
X940871	-0.0017438982580260966	0.020903578493208747	0.025687801660137868
X940875	-0.060440249957019104	0.012179863310816452	-0.0328690652564336
X940882	-0.03517096748263081	0.026782063169342656	-0.03349582865889272
X940889	-0.010904373370413672	-0.010944530857243706	-0.015055256299893719
X940892	0.01681993958712646	0.0072914407156431695	0.016920050360771637
X940895	-0.012484657532981138	0.0004748781374850785	0.004743768867981539
X940907	-0.005239277547984941	0.000519968205873829	0.022872250972356126
X940912	0.027145172911040925	0.00777752752624153	0.01576578598806645
X940917	-0.0002135600336664487	0.006007583228420504	0.01050648971355506
X940925	-0.0632923436880868	0.014790294102409004	-0.050324552397528706
X940936	-0.03178840422367009	0.06076759313991404	0.014492317689648667
X940941	-0.020653851046830964	0.04609593494606247	-0.02224182720758531
X940946	-0.011356191618810154	0.005971901074830391	-0.032238781652352916
X940961	0.003711181361331811	-0.004608968911056259	0.0030170640061692117
X940966	0.010599730761500687	-0.012699857305231937	-0.008511600721388905
X940968	0.0015903350052953501	-0.02248891517703404	0.005084097491380786
X940984	0.013624346938740595	-0.03200111404890143	0.0737835155907091
X941001	-0.015902411112730122	0.010926125789687097	-0.04234582135862946
X941014	0.0015906254863085505	-0.0036317237530774774	0.009034644170541607
X941019	-0.00547689188458991	-0.003943402039844367	0.021811273705643022
X941024	0.005316070772472284	-0.009534008970817553	0.01754869697274568
X941028	0.04403644150474671	0.018555599194907853	0.008775286666508333
X941037	0.11167111286203477	-0.009347441666718782	-0.08189203826379654
X941043	0.022656948157329954	0.004276491951060105	-0.03656305290895793
X941046	-0.00921278851191796	-0.021404539196729504	-0.02790427299852772
X941049	-0.010647537148153268	0.004277501928689652	-0.008713897190057057
X941051	0.013927030547001278	0.021424595371687526	0.013812897838800877
X941066	0.00807828654158425	0.01295024240854025	0.012781947762019139
X941074	-0.0422619122764505	-0.012799022670904929	-0.017125990083085844
X941079	-0.00016747593936506646	-0.01393635110617596	-0.007244579664674668
X941080	0.05926919010190303	0.02111127476911931	0.06653117605577218
X941091	-0.019616199790600766	-0.016013935656235597	-0.08050396555182103
X941095	0.021800172126734844	-0.011399174297801174	-0.038438629602231066
X941106	0.01831356801009725	-0.010771588087828016	0.0012761188333341794
X941118	0.05096558402440304	0.01713359986130417	0.007885370173247825
X941124	-0.0399243157696686	0.04676977093826204	0.005493603883196927
X941134	0.011666524379557475	0.00798616801045372	0.016442615710804572
X941144	0.010170338713248373	-0.025545981285269394	-0.01940813809833712
X941153	-0.0017650580449347613	0.007782302607234888	-0.009425800107627566
X941154	0.007208405694378207	0.00877966666522849	0.013460920372999417
X941192	-0.00548163990430523	0.005895387197430235	0.039908276454526485
X941202	-0.008308097753499319	0.001641272297857729	-0.004667913229588117
X941204	-0.001295560190272507	-0.015127657298897954	-0.02690739903372542
X941208	0.07679037670468271	0.01567611393235259	-0.041849608418269776
X941241	-0.00048545106389382694	0.05513997795303528	-0.09574103473147172
X941250	0.013230947279351497	-0.00834535796439694	-0.026402500264874788
X941253	-0.007973809329555593	-0.006169151851489449	-0.003485875613041874
X941257	-0.021095152156647885	-0.014913049963359553	-0.0026973957832734617
X941259	0.010543351361156247	-0.01119247560296964	-0.017072071737279468
X941265	-0.026192359196412048	-5.909013308240975e-05	0.01648231851956024
X941274	0.0420298274224028	0.03346723430165836	0.028073065183656744
X941308	0.00750202457682788	-0.0075563641271413845	-0.010333145077644598
X941315	-0.00672533931097468	0.00436701004494763	0.010929347745754527
X941320	0.03176393026782568	0.007406098333013078	-0.00742559574539687
X941321	0.011962921846211463	-0.03212863205690473	-0.008196317072009317
X941367	-0.0416281593481159	0.02079560135730359	0.02623469143681271
X941373	0.010803323345567469	-0.00034483902383176886	0.014675908842808817
X941384	0.0007636195995438754	-0.03414951481615653	0.028645188398068195
X941385	0.014618443531434811	-0.002911075484841771	0.027383274450527965
X941392	0.03864261438287441	-0.06470672978025019	0.03568022799315546
X941398	-0.008630097936948878	-0.005428732861290706	0.05332778633107766
X941404	-0.004080444772694905	-0.0015161733079419313	0.01019045828431959
X941408	-0.007635925437100062	-0.009833773209606848	-0.03402797441832987
X941422	-0.018053962863783943	-0.024815385904418803	-0.02319142112714018
X941439	0.002394053931275027	-0.0027476971040150126	0.005930734387997489
X941445	0.04713424138317641	-0.0037251063003360574	-0.0156929868008067
X941454	0.01237306805224196	-0.012386454108595903	0.012760884710110852
X941460	-0.05675864182475737	0.08711909912924198	0.0214326923234084
X941462	0.05149280088145241	-0.001320203426187432	-0.004128541875924416
X941464	-0.003992734343659828	-0.00031197128878267743	-0.025066859712024624
X941503	-0.021100845506805507	-0.0005145917241715575	-0.024563260647782442
X941519	0.01845928099902032	-0.007312178956712093	0.010786021550538408
X941530	0.008609732699635346	0.007353962356113913	0.0048079118576101
X941547	-0.010232058585652746	-0.012363169390754053	-0.009301733817726915
X941582	0.0038561336390109057	-0.02774379819016804	-0.05609708366384588
X941617	-0.009684062061377782	-0.018376585497752642	-0.010518667936188256
X941623	-0.026743501927109812	0.07637281778087436	-0.013458105313929759
X941624	0.017173484686547013	0.001645137700781288	-0.008751835468977578
X941639	-0.014064018946088616	-0.0057727559434649295	0.006281272460705773
X941680	0.00023233307111301209	-0.003154664473595752	0.015976746543693306
X941684	-0.022303000187481103	0.0031523883402204875	-0.005292033127590346
X941709	-0.006243977639040061	0.01584481487308036	-0.030333444846788148
X941714	0.032624635479576954	-6.949190570416049e-05	-0.0734554699602425
X941715	0.006645109578938191	-0.0018777992036989085	0.014513941690450128
X941738	0.010955794650533134	-0.002217261619355806	0.021154613550469655
X941759	0.01439868779745922	0.03376216492077692	-0.021905021995933666
X941772	-0.022016448456329177	0.036225431397201927	-0.03701470440910825
X941774	-0.017999299853680848	-0.01710033753518356	-0.03257688367951787
X941807	-0.0034359000925156965	-0.000124445827345509	0.0003998297605434942
X941813	-0.0445981132194885	0.0033082644303711415	-0.02959662916767696
X941817	-0.007447407796562086	-0.02042002459848198	-0.01209477189118398
X941887	0.015943021656196037	-0.0031443883887548475	-0.008768814474249131
X941902	-0.007158548679499634	-0.02792689653839923	0.02417555551959273
X942011	0.0034604952125578065	-0.01774973196316947	0.006304242215853854
X942026	0.0524576389499849	0.0049227956881155565	0.03165794870520307
X942039	0.021623754537058743	0.0029168078071763193	-0.0039759127756498645
X942075	0.008586461134850691	0.013499528738378827	0.017943002561471
X942094	-0.017024462484176855	-0.005667349143663101	-0.00978969534494539
X942128	0.028167711118204354	0.004614898997064657	0.020385221329214984
X942191	-0.00861694942891049	0.15207648203266516	0.02935543085336964
X942237	-0.04576653810980118	0.051308438884713904	-0.053073659501023926
X942303	0.023410685896072026	-0.015814783955119174	-0.03187749450969783
X942319	-0.032313218907250196	0.06512060604088961	-0.005650003019752158
X942359	0.0013839334016777245	-0.02124250092321551	0.009477770162975296
X942398	-0.012846396553893656	0.0009249042455313184	-0.016721074627757685
X942402	-0.039730976548248774	-0.0626888343611976	0.040220381719594654
X942429	-0.011836575627179945	-0.03199519901607843	0.02910839396495992
X942467	0.07003605982509607	0.01671672688632652	-0.007272561501357781
X942487	-0.03657061442458711	0.034262555168832656	-0.0038951868290392926
X942489	-0.021459653800133316	0.05543385788386338	0.002666408668006452
X942490	0.01643804489760964	-0.014561063277628393	-0.02913158658160567
X942504	0.02024715594923245	-0.012720197427856773	-0.0101391355810805
X950002	-0.005243247259283257	0.00915526884008219	-0.00897272020509919
X950003	0.03066713010313582	0.0033670206535146947	0.01931558342249632
X950005	0.011813171922960518	-0.002663742855245888	-0.006412531116260698
X950006	0.005403235627960114	-0.0222153144904935	0.003985183995804564
X950007	-0.07895432142519669	-0.05707682122310317	0.000925094492968293
X950008	0.015558602778484998	-0.0057947411801217595	0.02756664371318432
X950010	0.0029136391307106858	-0.007775530470853736	-0.0236096562960992
X950012	-0.08171717455776434	-0.031597285269618046	0.0025712509799113094
X950015	0.008892635743351203	-0.0123554293098478	0.007144911641474244
X950016	0.0019237731366083344	-0.018181135864863945	-0.004197423321083498
X950017	-0.00635914284492276	-0.006321374375340297	-0.011202143541677492
X950018	-0.0031004862874079507	-0.01122422463923143	-0.004086084454862305
X950020	0.0039888125195465	-0.0012683073983647936	0.009323007960716908
X950023	-0.05356774167681446	0.12233201484514916	0.01971649133738996
X950027	0.0020003422772345617	-0.004208751197787652	0.011230986597007135
X950028	-0.029676819481089436	0.15563992466432913	0.049348567054207336
X950032	0.015618745556259203	-0.010846772947183347	0.01489599830159074
X950034	0.002832336575648193	-0.0156859044978439	-0.0017956968994219458
X950035	-0.015466539795528833	-0.008847951041647907	-0.016365770446496775
X950036	0.007544600766870295	-0.007645590926758674	0.006035172084100458
X950037	-0.0005494662412505305	-0.010517784738780468	0.003593527376425552
X950040	0.006284671756696425	-0.0032700687325977608	0.013983455109211002
X950041	0.003177360583950232	-0.007245273390327338	-0.00340153487684096
X950042	0.005412261188419602	-0.003195525472316518	0.0032576120251088456
X950044	0.016852682868189493	-0.003543164632651422	0.02710731470331984
X950045	-0.005574432943662369	-0.014488067488533648	0.0015200856096505833
X950046	-0.012393288735266175	-0.013283362081716852	0.005444089517905336
X950048	0.014258970285817305	-0.013317035779883774	0.0136493567447997
X950052	-0.005826145039453565	-0.03517192073257914	0.02893668345263326
X950053	0.024273138804185617	0.0008069173105992205	0.028962967782487678
X950054	-0.014524279452756372	-0.013996200776651087	-0.012456992932114818
X950055	0.008319843347553557	-0.02755299939326346	0.01202610806753469
X950056	-0.010585432542754228	0.1569132134819797	0.03516522036309256
X950058	0.038518187698923324	-0.025481936397811697	-0.053001256036706725
X950061	0.013743574091763713	-0.005778532686536876	0.02278481585798937
X950065	0.00037209228001225717	-0.004453720175119966	0.00978381897143683
X950069	-0.0008275357090063433	-0.0019096074508854824	0.006126948070180003
X950070	9.539632397141123e-05	-0.012848956146815622	-0.011179258555495942
X950071	0.01392558988737988	0.0017238170380492576	0.0228204914825277
X950073	0.008794122434518048	-0.0030416414152414873	-0.00365833536674556
X950074	0.002773188671487364	-0.016954426823767493	-0.0016725515638923237
X950077	-0.009069564658795786	-0.006990776542863459	0.0008563571964139911
X950078	0.010113865893459861	-0.006710171822802839	0.019089053736060433
X950079	-0.009911990515236037	-0.009087124919045465	-0.007881049585632932
X950080	0.024964265807970388	0.0028842222323166456	0.025575766079148483
X950083	-0.017068605132354347	-0.0028792823269508175	-0.015197155109666695
X950085	0.003367663044508547	-0.005960941449602886	0.009696406342151288
X950086	0.011763404030734188	-0.004740557657246869	0.01641162315209306
X950088	0.032629592027106996	-0.00016918305419774901	0.018374952834362784
X950089	-0.00042461336467842787	-0.013952472299526135	-0.013093457153960559
X950091	-0.0034251328396253033	0.015670643094989813	-0.0030124336935421856
X950094	0.0260636620086109	-0.024069914771775648	-0.04517115578319207
X950095	0.0592097436964156	-0.006652012634730681	0.007953836825123652
X950096	-0.009788395790229725	-0.007606196102385565	-0.005009811977087953
X950099	0.0790632292098212	0.03606536733743944	0.05327613604264268
X950101	0.021300946874984378	0.0019020751035014874	0.007308576750206706
X950102	-0.0068298693377841025	-0.0025567891911995196	0.010668265131088272
X950105	0.005374367794422745	-0.007153733658215942	-0.0026451635831686456
X950110	0.02680611611563988	0.006448535029334346	0.023916201846585702
X950112	0.012024395045551414	-0.01961557092047413	0.004349317243292302
X950117	-0.0007810538396085165	-0.010530278171946355	-0.0026580542090468276
X950119	-0.0022616485544901792	-0.0024894194725293283	-0.007221208526131153
X950121	-0.00889987702407828	-0.004030416972370472	0.004994453376167215
X950123	0.05709523735702332	-0.011160770256021834	0.02367486464744706
X950125	-0.007872278551515744	-0.00524600417964308	-0.011445571180235722
X950126	-0.008535198391946056	-0.0027967721264945014	-0.010133190641279708
X950127	0.04890723534096203	-0.013065524987896987	0.005040987671320751
X950130	0.015854001020349204	-0.021873051341472455	5.24702837008361e-05
X950132	0.012298666862919047	-0.0014863806665272956	0.00226771732191853
X950135	-0.00047975554401548886	-0.017139925489510016	0.004021532027630529
X950136	-0.028423229588914273	0.06198770309924144	0.012642900161893903
X950137	-0.008771769371339585	-0.001746520753001051	-0.01155837338254248
X950138	-0.013562701738979029	-0.005170865852545127	-0.0037333973613796188
X950139	0.025535464548449623	-0.0011505674446924356	0.038910229393616005
X950141	0.005758366130652571	-0.01955933250564003	0.03290710697548984
X950142	0.02735041498120319	-0.009786182152400565	-0.0012817420879908108
X950143	-0.008498080698148206	-0.006138210517536842	-0.003774007209824712
X950145	-0.011558452504548445	0.0042912013427441765	-0.0012226992731434135
X950146	0.001065228853229803	-0.009614200925619201	-0.003435204462324825
X950147	0.006549492722161843	-0.0053460889919035295	-0.024724890723650056
X950148	0.04267669756045496	-0.0181482397778036	-0.00554749043541043
X950149	0.02021609874260664	-0.00620749353264514	0.032784598617033936
X950154	-0.001740200166247643	-0.008123838148173506	0.005536908961700704
X950155	-0.006956295934370464	-0.004170856749614706	-0.006848858254881159
X950157	-0.047143205924439546	0.15654130347579562	0.03268491067612958
X950158	0.00234023542537382	-0.009986786676870335	0.006382766966234831
X950162	-0.008340322124966115	-0.004395458026994563	-0.018335098727993566
X950164	0.01079713064674913	-0.005951435329021848	0.014948951060884626
X950167	0.027326103446884475	0.014927737386886651	0.0068655476307995945
X950169	-0.0023658299338131473	-0.00511977861860879	0.016447114978233892
X950173	0.004642363434886754	0.12343243288020268	0.026151139584690827
X950176	0.008233835763397855	-0.0025213876460343765	0.015813780390909967
X950179	0.03751192161456798	0.008874092600092528	0.02826160710942344
X950182	0.017758347263356903	0.0006834845258676225	0.01057517333096346
X950183	0.04561816490537855	0.016483637270411307	-0.029909752533445633
X950186	-0.003064548691873303	-0.013826262739907922	0.008673231461875845
X950187	0.0020495390446563073	-0.006186747075752116	0.0014903408821606763
X950189	0.043893639498367755	-0.013877262592036727	0.0034856538403191016
X950190	-0.03534365872734636	0.08136801375598522	-0.027333439985787054
X950191	0.00981694807138287	-0.000625879428733589	0.01038885672995583
X950192	-0.03914920900928745	0.07306935498085795	0.019923235039751745
X950193	-0.034148055299988433	0.09745101438856006	0.032949983043294426
X950196	-0.020171214024129407	0.02321713062223036	0.005053607365326206
X950198	0.011687711020720849	-0.012431288645928072	-0.0038436045836795895
X950200	0.018083032585624936	-0.008422280599491417	0.026149046687776976
X950201	-0.00020092346808796977	0.003741717220444721	0.004341140175135537
X950202	0.004793383611168643	-0.009477792617421859	0.019929826885511075
X950209	-0.0030183559580474087	-0.01617504645451765	0.005354026856308894
X950212	-0.01249852341955619	0.04190623683019331	-0.008992990320070742
X950214	0.006292565345404713	-0.010050615193361397	0.00750206185129174
X950217	0.0037364005634292945	-0.014378269714711572	-0.005881739185163456
X950218	0.006355838626526034	-0.014025849271197419	0.003702695109822333
X950219	-0.009924907541660455	-0.009491129963246482	0.012201877081899149
X950220	0.007334583584514161	-0.006533620359419238	0.010968250931383807
X950223	0.008965303884195738	0.007265577550093143	0.009297977673163899
X950225	-0.03006001675713229	0.1652416966917343	0.04596144289290533
X950226	-0.00736375212228695	-0.0030853680533386146	-0.013679198978263099
X950228	-0.06209701155918469	0.12688145700716277	0.01741793521610403
X950231	-0.007451007326251257	-0.010736232215982829	0.004776638431249092
X950233	-0.02558642313632589	0.07800687021562497	-0.0028109738051311194
X950241	-0.00016607193011872916	-0.012714265145836613	-0.0008244889919130208
X950242	-0.014494518977763523	0.0028491845366920296	-0.004215923283443692
X950245	0.01640564808511628	-0.010887197795110647	0.01843085811308118
X950247	-0.0061766226529361866	-0.006005940317239384	0.002862720516428183
X950248	-0.0024201424870980313	-0.008936482809380114	-0.007461418985642266
X950249	0.06049575957336787	0.021583233384166095	0.007864793243283276
X950250	-0.00045096845329512105	-0.0069432631194317794	0.04572357325016669
X950251	0.0026483010594366397	0.006990184932778061	0.0016335708852833293
X950252	-0.004765185205203919	-0.0022759545536829547	0.012796137786853463
X950254	-0.043195511928346184	0.06539225086175358	-0.0038202601484778613
X950256	-0.00493907612114584	-0.01681883360776468	-0.023874059408507353
X950259	0.006369291130660752	-0.012832754730116963	-0.0029494168106170976
X950260	0.02511348144669074	0.008535725775138982	-0.005882313880743384
X950262	0.0325379695858876	-0.000776659487626493	0.05380920423728562
X950264	-0.00889007548856467	0.004496780686322565	-0.0031708614840224927
X950267	-0.0012479032428276146	-0.008446900139029635	0.0018553670269630257
X950268	0.002615546329887839	-0.01368818169305061	0.007440001190247876
X950270	0.012894559786437878	-0.0027228431851436413	0.018536198657902035
X950271	-0.01773241441753006	-0.010007414967029855	-0.007390255186751753
X950274	0.024674592545035033	0.002573018961000047	0.025573456588425626
X950275	0.03327800200353326	0.016442756199967136	0.030823919340223296
X950279	-0.007277811600467126	0.00544365775321681	0.006489862190938955
X950280	0.003939578731507458	-0.004424401637995388	0.004799636146255427
X950281	-0.0020233918023771736	-0.0005643831940681352	0.00971887575270799
X950283	0.004781898327731085	-0.0053142336962082	-0.0030450376711316503
X950285	0.006338218332975908	-0.00577228574705094	0.010561922020291123
X950287	-0.029021972292514752	-0.008300123028789585	-0.016242419945492848
X950288	0.03007660450302062	0.010238162853692653	0.022329715982660026
X950296	0.007663351396814602	-0.008417389002556943	0.01031797455337391
X950297	0.018705457345708096	-0.010947682351923975	0.02011360031953908
X950300	0.024052139820498007	-0.002997292307194847	0.010846027645803329
X950302	0.004967349896590354	-0.016949882553161814	0.01607074121369812
X950304	0.007450339059299911	-0.004400407847357141	-0.019084025830023575
X950305	-0.0010952096849589576	-0.013475885965977819	-0.00904382423410938
X950306	-0.01242466544256781	-0.01738688026497047	0.003947933348283919
X950313	0.019765931913737395	-0.008671012877689475	0.002165106005955311
X950314	-0.015861685963933825	0.014433591360721625	0.012349909393232985
X950316	-0.016774889865084016	-0.01128383756939633	-0.002811291564660028
X950319	0.00951784346386453	-0.009421247110091943	-0.002660480267168315
X950321	0.009494524451565851	0.003596036099498305	0.013854627682660945
X950322	-0.010120013804090845	-0.021613185826350856	-0.020721505639287974
X950329	0.03661245910969174	0.003573759964356824	0.03044159293570876
X950330	-0.011098630525209688	-0.004441550789024062	0.0013166612913737042
X950331	0.01583996907949029	-0.005659152543085472	0.02567168032656432
X950333	0.004892199851072748	0.0007880651028928668	-0.003088034859525296
X950340	0.025724519506903756	-0.01823673144275295	0.0044717371559758546
X950343	-0.0020612249792262187	-0.011171399621494438	0.0056656722929171
X950345	-0.016025247074764628	-0.007437078145760045	0.008456637557735486
X950348	-0.017397097508443208	-0.010931466299411156	-0.023140822013068007
X950353	0.00766644909286136	-0.000986937084283679	0.012893945920521321
X950355	-0.006075795331278798	-0.00560393587806827	0.009633751366276486
X950356	-0.04177952735737166	0.05134728098567462	-0.008584882387306187
X950358	-0.0022475387092963936	0.044250302817441516	-0.007071334072997365
X950359	-0.002737077079780848	-0.016349917302912662	0.007143220189313393
X950360	-0.005025558895689588	-0.0025323430700482123	-0.0031205527149607898
X950361	0.013927039543415082	-0.00013345086640749514	0.008991275437246676
X950375	0.010955430082815139	-0.01372914828954104	-0.00304093645965736
X950383	-0.006173942536849605	-0.01790267015865479	0.009868010609220757
X950389	-0.01146755259876676	-0.0013509470704306007	0.006807423688630932
X950390	0.0031644116774195586	-0.0035805040822033322	-0.0026888507864124373
X950391	0.011211788783409263	-0.008425502500184597	0.014904262407648203
X950392	-0.003516991698537183	-0.0076136346566321065	-0.007043832259314359
X950396	-0.04388934177146333	0.19150881974974032	0.06062308905448084
X950400	-0.0006852702713920931	-0.008648662728071571	0.004204226750379208
X950402	-0.01970931984429231	-0.022904681164612993	0.011948068889401446
X950406	0.01780683705050125	0.00550873670016486	-0.14907792370460093
X950409	-0.01459358378764587	-0.016407218136129657	-0.013953847972689998
X950410	0.029269424898396047	0.006363120021533723	0.0026304626748265975
X950415	0.07345049440528328	0.0725173867472982	0.0700992559340838
X950417	-0.0015875537284751457	-0.010195396976192822	-0.0006417153680645144
X950422	-0.022259292295306113	-0.007263240752898175	-0.020103784054109394
X950425	0.028474856011967396	-0.0010592342106267984	-0.012010785479293276
X950428	-0.02060576989049783	-0.02129354858106333	-0.05047400463167854
X950430	-0.010059472944903364	0.00512867313968384	-0.0022238223978658994
X950432	0.012129811265019606	-0.007602261151478593	0.02105759057487836
X950434	-0.0017226702245073094	0.004650776594232352	0.0029579379030165364
X950439	-0.005995873170651006	-0.018407302773642113	0.008796382127742287
X950449	0.001993299214101925	-0.01591509810837326	-0.0013645341887680322
X950466	-0.009423662781273592	-0.007118458198010932	0.0031095299097981806
X950474	-0.0026099167818584663	0.010697038821742777	-0.00808301538685074
X950477	0.01015930800234948	0.010427830807789905	-0.013494034021387625
X950478	0.006248368154277776	-0.012134913862020844	0.009551981090382668
X950483	-0.007896675953398281	-0.014459752249916427	-0.004468135927190612
X950484	-0.007926158830395161	-0.005437823460183201	0.0019552798960323966
X950485	-0.12257568767218043	0.06961795248376297	0.058807661225469016
X950490	-0.0043375694149173204	-0.004689435984694696	0.0018492056249045064
X950491	0.0032600482870474607	-0.0010198932456483836	-0.0011922032736281438
X950503	-0.008485922625498453	-0.014108386284321922	-0.010816288571362033
X950504	-0.007980539277022754	-0.011287775440783129	-0.001240878314659016
X950509	0.028869949749885663	0.004183013951702432	0.010190162858181893
X950512	-0.018265563037173468	-0.008658094761474347	-0.003518220465165913
X950513	0.000627047732604039	-0.011570720335422413	0.0004709175505119565
X950516	0.006299373468566352	-0.009483958383354401	0.01842839220039092
X950517	0.019887729831521594	0.007311741406858919	-0.007317372706569411
X950521	-0.023429559012690712	0.004789079198578158	0.011657042370059543
X950525	0.0016199493347906217	-0.0077068335743016	0.002950044095478721
X950528	0.007063262176075667	-0.005264021296387995	0.01463533194555782
X950535	0.02167447149688827	-0.0023362660422366166	0.01833462746386559
X950536	-0.006090228031185429	-0.015243542600594837	-0.01602307288063172
X950545	-0.016449105461471207	-0.01466754554350643	-0.0027610391147048444
X950548	0.0005341077230236279	-0.0027816778176772785	0.015547250755462167
X950550	-0.002982148982347327	-0.015140489994785023	-0.0058752923985124226
X950554	0.008498368319408296	0.015470369381729323	0.00045883800361116615
X950557	0.0029275734753373335	-0.004274837786967914	0.004573541391549367
X950559	0.006976776821750359	-0.0034073544533467955	0.0097530112463189
X950563	0.018461178789816488	0.002122967667396007	0.01815316818977472
X950564	0.005022266719046072	0.0019174582729843855	0.005940436622753906
X950570	-0.013648921977158992	-0.00402655957134333	0.002397550289976121
X950571	0.03935829574767148	0.029923601229059727	0.055338406468306484
X950572	0.004621973567278612	-0.00571481813634184	0.009559709764791573
X950577	0.005141299735210461	-0.01595793462067761	0.0002988138999505663
X950579	-0.018894897050061563	0.044538901173942096	0.008847144380090616
X950584	-0.045326453140355355	0.009960561126458978	-0.03962270537773112
X950592	-0.0025210642273208413	0.0014631544859656318	-0.0018154650199051151
X950593	0.005722509845098742	-0.005226066835361424	0.0021121721130315323
X950594	0.010583050822249224	-0.0031168391767851665	-0.009969873129207142
X950598	0.004368960758858115	-0.00438824504722551	0.00027315308398020565
X950602	-0.008965890635518895	-0.008794353490754801	-0.018411626741003207
X950606	0.019909826125035817	-0.010280866496304069	-0.0045061353964329
X950607	-0.05499948882472386	0.006022685459421194	0.0030569251824539086
X950611	0.012409396717173237	-0.0033615862215389735	0.0013233933764286445
X950613	0.0013906661272224423	-0.013866007935567463	-0.00491478724824357
X950618	0.010493712831488049	-0.007520199911443886	0.02707902682514886
X950632	-0.012745287754582413	-0.013911756571015182	-0.012074379608301657
X950633	0.055563767943959834	0.022853397077400348	-0.0390600105923845
X950637	0.006022268688824984	-0.0022693025103438977	0.005008729429433328
X950638	0.012754251840502705	0.004362193852801697	-0.007898370851282142
X950641	-0.007317119562693806	-0.01810623036982324	-0.024255921541459502
X950642	0.0059855589292052815	-0.00359483622179206	-0.006092470155433052
X950645	-0.001097608891333124	0.0025195498523459844	0.0064934111284514545
X950649	0.008375279941063216	-0.00966567239775615	0.02234979004742544
X950653	0.01889584984358939	-0.004157040405728433	-0.010025578903035022
X950655	-0.020847818050862922	-0.016191058643786175	0.0021688128701340243
X950657	-0.04227576879874287	0.037742945688483985	-0.014118640541075585
X950661	-0.03468684260643199	-0.0006464886972568761	-0.0533089073645062
X950662	-0.02090160403403854	0.0517398672460096	0.025401674005968253
X950665	-0.011978688863541632	0.001692977196434939	0.00019668501073848916
X950668	0.01809181297814036	0.00022692835753717616	-0.00017099883729739906
X950675	0.008001056677144049	-0.0012319761589681846	0.007859264770080828
X950677	0.005716821098646637	-0.008506561987552714	0.010334616547755455
X950680	0.018255021746799546	0.0024988595836792026	0.030236073089882586
X950687	-0.012565146323822865	0.0012543695329830227	0.015957306646560563
X950693	-0.00876448821780054	-0.003288485180375995	0.00467300827247595
X950695	-0.009935577451243566	-0.008566934785014326	0.005967448224044513
X950696	0.009431843741268934	-0.015576407575632651	0.011936660314598032
X950705	0.010831641126143264	-0.008146080830885813	0.002350328831364316
X950714	0.02256501830705072	-0.013102578580870468	-0.015809157182651044
X950726	-0.09179899377701625	-0.03802995778269483	-0.011770263224982534
X950728	-0.004735132744341719	-0.0064191568370139404	-0.03409749900289232
X950732	-0.0059015272231142165	-0.009460171317354889	-0.01963004658864101
X950736	-0.03548295422528999	-0.015114917540643449	0.013940332758970143
X950746	-0.00458855240747614	-0.013472433067269253	-0.0022606609459400046
X950747	-0.012105558925947344	-0.0035162390935639773	-0.003749729957676618
X950752	-0.015107187695375416	-0.0036585133024112128	0.014820378752952732
X950757	0.05190304262649608	0.003478341238106082	0.01884368665874582
X950758	-0.016303570523133956	-0.003395377824815657	0.0037978225667062125
X950759	-0.011652922814373738	-0.009883929484600682	-0.022678160323184073
X950766	0.00041067027838526343	-0.009462030832932648	0.0006601598147005416
X950769	0.03633493152978105	-0.014645178347415511	0.03116710567095155
X950782	0.016273024366029936	-0.007762428696670121	0.008792892822304934
X950784	-0.006904486602213422	-0.004356362494911218	0.00032561982835480947
X950789	0.0007804566314130465	-0.017756554936813558	-0.005460936308097851
X950796	0.002073166507329358	0.0009056249684985696	-0.0007745414226737839
X950798	0.00935810289815781	-0.0018058330798190138	-0.006211323765355234
X950799	0.0025405396284037683	0.0023269628068798725	0.019364117556429927
X950803	0.011087085890360495	-0.0024528282868633783	-0.0005016830416659174
X950804	0.00557034296741329	-0.010797526289397754	-0.004000386914673704
X950809	0.010477116492826274	-0.0023878626686051757	0.0033132526985502784
X950810	0.029279692280817678	-0.0047660350229040286	-0.009740515600798215
X950813	-0.014597679745566378	-0.005651580094049707	-0.018264251497352817
X950816	0.03585423315361713	0.02166060242836245	0.02992621177844024
X950827	-0.04101894235561005	0.016851487128677064	0.027152407413456123
X950838	0.004343690199099691	0.001043302727626252	0.0013334680056031804
X950841	0.020947837795096947	0.014487865601634639	0.00884039890977168
X950845	0.05203894885664446	0.02214625932541944	-0.05215649580415279
X950846	0.006649395980759337	-0.009048583596519796	-0.0005067581647674308
X950851	-0.02277842024721502	0.0005329811279113773	0.007141880206733558
X950859	-0.01721951965417907	0.014559402591258104	-0.004141933734705723
X950860	-0.03474276690150391	0.0482012825360802	0.029041026499832822
X950869	-6.49784879514581e-05	0.013092029438400706	0.007223866564331031
X950873	-0.0010176318781391547	-0.02013342793437944	-0.0028878200643757197
X950900	-0.016882015681651152	0.029927669889039096	0.013688593793831182
X950904	0.01576072203974949	-0.0074972250839469715	-0.0035583428188120155
X950906	0.03922351169906143	0.0012932303737483496	0.021598405543695257
X950911	-0.014891590685550843	-0.01187047790426403	-0.018776226935006635
X950914	0.015308490866218273	-0.0015499748775623671	0.028896349875142446
X950921	0.01061657012369851	0.010967186533713721	-0.034468938772599475
X950925	0.0031906043888383926	-0.014197635651014381	0.0052604759555777356
X950926	-0.016147907695549277	0.00168595563762411	0.0235398417227917
X950929	0.006194411279114047	-0.006427722122094642	0.0070710839195804774
X950963	0.020675486099833947	0.00037767180642498093	-0.001526345175409586
X950966	-0.009767878720260305	-0.006473595942583279	-0.019366570034679405
X950968	0.012379620746804992	-0.00892251162620809	0.0032046418170350146
X950987	-0.011497474892418669	-0.013155573712492125	0.009330672988991907
X950995	0.05224089276635655	-0.014461277524857376	0.016476706123679855
X950996	-0.00987525192928495	-0.013277342140383263	-0.008728941367073934
X950999	-0.05725256457413586	0.07018678319769876	0.01214098640440458
X951002	0.0026228366168412694	-0.005302729619944862	0.01522924094136938
X951018	0.02663730906229431	0.010313977838159802	-0.004699260857365271
X951019	0.017771490089904772	0.006236125209581226	-0.021230156178907868
X951027	0.0030541140432432073	0.00639346993069263	-0.0034288972959625537
X951030	-0.026918670822305573	-0.029420250506504216	0.01711795217280254
X951041	-0.016575753361464652	-0.009304253355707096	-0.026360221683672542
X951051	0.01825175958514466	-0.012509145809572932	0.004968620805917601
X951054	-0.011601309493792579	-0.011276314916012057	0.0008006312984583161
X951055	0.0019735536574847874	-0.0021897042791984454	-2.290456435688701e-05
X951067	-0.002982222961844918	-0.005499719397727386	-0.001650342419256823
X951071	0.000454161137375587	-0.008499376740303228	-0.010492143446791738
X951083	0.0041173566691955245	-0.004747187777989434	0.003063214322814254
X951085	0.0538008518388816	0.0032691454883123088	0.02972801831438883
X951115	0.008333013695118493	-0.004290749495740902	0.0017369778956321286
X951141	-0.0037737737866977913	0.0018348511029082862	-0.01184486219086181
X951144	0.0019598861909292677	-0.013562448219705037	0.028864206795356964
X951150	0.031712814541250064	-0.01107790799887696	-0.0003055025661017155
X951151	0.013867050225085236	0.0008763893956259441	0.021633144594511784
X951154	-0.010019292680499708	-0.018501886504742184	-0.02508174731237563
X951156	-0.008563779027730666	-0.009112366261022938	-0.007893016873601973
X951162	-0.01243341047217176	0.011867194851725759	-0.007245522008317384
X951171	-0.028778964253588956	5.9541176250198184e-05	-0.026225012315513958
X951174	0.027667408667086175	0.0020590409219118657	0.01773893973784985
X951242	-0.008694832084971545	-0.00669627465052868	-0.0005767486484164793
X951273	-0.025824746439998842	-0.009097851198070986	-0.023303349758712427
X951284	0.0046114516766393235	-0.004736694399542008	0.0022099300262517713
X951317	-0.006017725571635504	-0.0027502550419508326	-0.015401169229530082
X951318	-0.01739341215788517	-0.000892463648744367	-0.0038362295774610764
X951322	-0.0051826731526437055	-0.01670629134947958	0.023809825703014046
X951337	0.006791985763585796	-0.004207232943748392	0.016048756677345705
X951365	0.03255404205533326	-0.015261704128295597	0.031619429129708346
X951409	0.001955933052942586	0.05076231750029576	0.024060648778705042
X951429	0.010145998803922465	-0.009151095263884716	0.019711725062904178
X951457	-0.03849462315580914	0.03184339312740579	-0.009382841466784194
X960001	0.003497744628281131	-0.025737153053415052	0.01484306298334359
X960003	-0.006893932066167182	0.003630403345027296	-0.029810209223809753
X960004	0.005875491518544997	0.01043032714556389	0.027488642471345307
X960005	0.004711181409486134	-0.008899602702653641	-0.022923216035896993
X960009	0.01731156437931873	-0.008666165710202529	-0.041747462812457434
X960012	-0.021842239691912554	-5.335537875244697e-05	-0.008381621320319237
X960016	-0.012167742325299942	0.014053184019979906	-0.005371515729839658
X960018	-0.015983868368473424	-0.012052535075593361	0.004601903289362761
X960019	0.007848891148199045	-0.04307068016225688	0.06896374974990853
X960020	0.014768004846205962	-0.004014789327630913	0.009855243412837745
X960021	0.0132441808533387	-0.005227292261191206	-0.020538464861427803
X960022	0.004344096471625734	-0.005061597807911941	-0.012608483725670071
X960023	-0.020593906843577526	-0.018339942807310914	0.0468083379548854
X960025	0.009367268151316454	0.009671339402535261	0.007960963742784452
X960026	-0.026624668939714307	-0.0243337506970235	0.015564123156534234
X960027	-0.009799013483050498	-0.0033811326453207745	0.011837579436874022
X960028	0.017712027115706987	-0.04990307356436591	0.04920207935059702
X960029	-0.024656003024946596	0.005302514040023217	-0.01634456693090557
X960030	0.0156015696638107	-0.004859368374079776	-0.03252886956208981
X960033	0.006050951404455549	-0.00551577186831257	0.009836775040284023
X960035	-0.04263514746406302	0.10078148351641522	0.010317865732090788
X960037	-0.0458414444612974	0.004460838126537685	-0.0035132564512192137
X960039	0.016605932823092508	0.005436195973959938	-0.010719693909298512
X960040	-0.005973831407485706	0.028866131242815708	-0.021277965501332118
X960044	0.010129387208341256	0.003464890458520591	0.01142759511270669
X960046	-0.0770751321844767	-0.042159243859171636	0.07419941311065469
X960048	-0.02170750212466703	0.03406507718125852	-0.06303629971893901
X960049	0.04599961745408682	0.02788233094772657	0.014218616429469628
X960050	0.01215617994481447	-0.004465516544560316	0.002191609397562011
X960051	0.002101192238234552	-0.015910437197249543	-0.008764820876081676
X960055	0.02312001995403041	-0.012538168554365766	0.01835487441481809
X960058	0.01549725798856715	0.0011991059376989745	0.02221244405155597
X960059	0.033155718861483684	0.008177373770589769	0.018213753060844863
X960061	0.0384164801554454	0.007382512937077981	-0.011995008536965885
X960064	0.00036450147257443335	-0.009386809582495742	-0.0016083137468959564
X960069	-0.010610659804304845	-0.004067227966531858	-0.025560118231641678
X960070	-0.004006214854841014	-0.0067107300536675555	-0.006732530565317163
X960071	0.015719391474786983	-0.0077169263329074905	0.006633503781468211
X960072	0.014107892291975085	-0.01245145596292154	-0.02016125038112959
X960073	-0.0321451437618057	-0.008621136427494337	-0.002692259592340929
X960074	0.02811828870769888	0.013120234468621827	0.007355056655464823
X960083	-0.00868343428176052	-0.012844345699915162	-0.00222739616616067
X960086	0.005870271344559699	-0.01603496236062391	0.09770024123592877
X960090	0.008231372043665823	-0.010901603520868133	-0.021311328783869415
X960091	-0.01570897780281611	-0.020842599248676083	-0.007093612293772254
X960092	0.02854795936637434	-0.0033630204489509645	-0.00018877619361190186
X960093	-0.015030355383650227	-0.0032042172667669563	-0.025768001887700023
X960096	0.035358916290147764	0.013722215285795588	0.03074491729445459
X960097	0.012983810370903178	-0.00016165996511138011	0.005053849660280742
X960098	-0.012693675432730289	-0.009587505496802933	-0.003919955324542345
X960099	0.00734256520486126	0.0005024739496187169	-0.018382440289015072
X960102	0.04075758865319432	0.006988731048404933	-0.01177248904223846
X960104	0.04414544729382395	0.0035274836576188327	-0.0033894890829133744
X960106	-0.0070577744557255235	-0.005977500874765339	0.0013047768121742004
X960108	0.0034202918588546014	0.0030281708596635007	-0.023144312602719586
X960112	0.007689354874845384	-0.05775542768645083	0.05536104543696043
X960113	0.032137062864338775	0.0001241945888036455	0.007108763907569353
X960114	-0.011484211924713267	-0.00021744421371739902	0.015007924931778787
X960115	0.009617286104826848	-0.005458974568443351	0.0203649813522156
X960118	-0.08100198025554324	-0.06453451122603227	-0.011472809442213546
X960120	0.0019434715259803513	-0.0015047403302086355	-0.007079486374488003
X960122	0.009806990061248562	-0.028471044499187918	-0.026611576538252458
X960125	0.010623858182276994	-0.0101316290021641	0.010618886677165111
X960126	-0.05543850363178251	-0.002915835897784014	-0.03695500180243184
X960129	-0.023618289993332604	0.02924877287618495	-0.003620914069973662
X960130	-0.011055350169668403	-0.007316996131869235	-0.022901168423661925
X960131	0.02118519472678336	0.009000464221338518	0.01064869207009123
X960136	0.06361130949572173	0.017283290360118574	0.006911418544668171
X960137	-0.009207199755296812	-0.012408250902283258	-0.01575487397629827
X960140	0.020868569768072442	-0.008681077016341566	0.004859326269276984
X960146	0.02611474955811682	-0.031324850904861284	-0.08264445218680058
X960148	-0.038479977537371375	-0.00904558426590929	0.0021396922467439472
X960149	-0.009719572835852563	-0.02458283569598331	-0.002498408497890908
X960152	-0.02046614206843941	-0.006445511602302068	-0.012050432097565606
X960153	0.02534308684552086	0.03676842753219964	-0.028727308831215354
X960154	-0.002742784549183196	0.04133894143256675	-0.022863321450289464
X960158	0.029835987218005542	-0.01740642177229552	-0.036251656485009526
X960160	-0.023700344465263874	0.005430590889146428	-0.0009883365624526953
X960162	-0.016260973538674783	-0.015380435736055763	-0.0144111733504692
X960164	0.003319713734804945	0.0019652670431460732	-0.007264309183412774
X960165	0.008386496867263905	-0.018514966369731937	0.045273748041877046
X960169	-0.0034483712599740596	-0.006458044456945633	-0.015547000086326309
X960171	-0.039136814641169186	-0.02919615422707477	-0.04277508837471625
X960174	-0.02711228126538883	0.0042109344567927386	-0.035437123908824586
X960175	-0.014066671664658354	-0.010176906547710076	-0.003760564363935758
X960176	-0.00829967991906779	0.022040770537420904	0.01186025348809518
X960177	0.01127683574772274	-0.009404098527887948	0.039933746776187926
X960178	-0.011828330617079623	-0.008070275958904178	-0.010810737565477917
X960179	-0.01243753539775763	-0.003922800980171202	-0.005767758095557264
X960180	-0.023736323475945963	-0.012879826144939191	-0.036337038503890993
X960181	0.004421634652842472	-0.021148626784153628	-0.011815159207038165
X960183	-0.021196272590876024	-0.007492432482226373	0.012740783744395766
X960184	0.012947139520803045	-0.010159520459537077	-0.01023175642427279
X960187	-0.005559895478611972	0.010321868443137034	-0.02042973946793265
X960189	0.02168161343437878	0.0036263000982751452	-0.07257155234453017
X960193	0.12087371649128462	0.07869049617864839	0.04065647020403845
X960194	0.037800527871817854	-0.03503934131176248	0.06290625566615173
X960197	0.010668363865238579	0.008918822180872404	0.009839837856788856
X960199	-0.00021803618536624664	0.0010472200369254887	0.0026793684612576854
X960203	0.059401700198039975	0.022969394786968623	0.023711921528600067
X960206	0.0050638957645310675	-0.05772087706500231	0.05920388289736489
X960208	0.05058432059999217	0.0048012187925861064	-0.06876381726236884
X960212	-0.0041941514153606444	-0.0029135764317298	-0.003392022770164489
X960214	0.05363667125603477	0.02187480450435791	-0.033984094853586305
X960216	0.012946044151222575	0.00914547766460999	0.017225276437428987
X960219	-0.07142821461092187	-0.028206519216353684	-0.002965286557694568
X960220	0.0028419120174957924	-0.03164674209434837	0.03744730157394417
X960221	-0.008842448958094596	0.0019536652928562872	0.006667770643524762
X960222	0.02739912599112752	0.0005723429238512511	0.039039441130547886
X960224	-0.0077455237806410854	-0.02067316314724399	-0.01023551509403097
X960226	0.02859097693098687	0.06361993761041983	-0.11390296145878041
X960229	-0.010606880857629291	-0.020244185879922823	-0.01889479098602259
X960231	0.022515814663685654	0.010878307534202165	0.012464092441022543
X960235	-0.040838496162530956	0.01071765863674071	0.0006866081957065762
X960238	0.023952928920960955	0.01629853446295685	0.0491621000996097
X960239	0.03953654334291657	-0.005162074784517086	0.018718176831685883
X960241	0.004092570337785644	-0.008336106171546107	-0.021315742040450787
X960242	-0.016695977713725055	0.1885392453825203	0.04097967507061068
X960244	0.005307543902764673	-0.013928757549814066	0.016923810284085225
X960245	-0.02094893951842244	0.03744712982208251	0.020381475174093885
X960249	0.025533593091497303	0.007293561283005547	-0.019026247888716354
X960250	-0.009633234092993655	-0.012744905038907973	-0.013287306592816843
X960252	-0.028869041385676017	-0.011260275740399159	0.0033008939023909927
X960254	0.01029425010107187	-0.0009545683520189181	0.019438553783759034
X960255	0.005595816483978556	-0.0006624287830530905	-0.029574216191059356
X960263	0.013284626713892573	0.004348690789410721	0.005646883667154878
X960264	0.006034087395592995	-0.018684808503953352	0.005742228303262801
X960266	-0.0286748893079832	-0.01070485336183627	-0.007372921028074717
X960267	-0.002488814378020212	-0.0004833853811933876	0.006689710408305818
X960268	-0.022317746710190677	0.030147649820370274	-0.0024914541306253575
X960274	0.010780384495559667	-0.00902334046153317	-0.0196698441595383
X960276	0.05183627635835915	0.018020680678382563	-0.012744491503203205
X960277	0.014486994369612325	-0.03951845123342723	0.036762181963994216
X960279	-0.04613615496278212	-0.01708821962195154	-0.038986022813311094
X960288	0.010946556613984512	-0.01150263546893263	0.010862146635844663
X960290	0.022255523904491904	-0.013168310697936876	-0.010408348884334005
X960297	-6.734311424470329e-05	-0.0036395832035360396	-0.00445661321054916
X960302	-0.0025965350134775646	-0.002108346415053743	0.0029244636276181683
X960303	-0.0012859529336860932	0.003415962024915715	-0.022234577613195052
X960304	-0.007104975057420582	0.031644839419871694	0.03724868472671984
X960306	-0.03981164060340464	0.0027079413770215	-0.0335452839732645
X960309	-0.023440957772296534	0.07151330598350829	-0.013890955154772832
X960312	-0.019873618484911145	-0.021155045644746177	0.0007791678542517646
X960315	0.011171138027343349	0.001526307333975345	-0.021940568421127547
X960318	0.04663534464288979	0.026224484139912917	0.03867643157114218
X960319	0.03925898741847341	0.007826658700947644	-0.0410281012291582
X960322	-0.022567378572958794	-0.005851478572325682	0.005079708742744475
X960327	0.0028390439585223065	-0.0016155833232648475	0.02529897871411783
X960331	0.01298424068315591	0.011322154104595727	-0.00661470272784653
X960336	-0.0078086586639839585	0.030905484867826908	-0.014005707756692293
X960338	-0.10287662614960814	-0.038963392752015	-0.02357121344617523
X960339	-0.006914614979057899	-3.3817298346209566e-05	0.01092035560895284
X960341	-0.04485949321187484	-0.022144172477152203	-0.04386258458291773
X960342	-0.006354693943088841	0.014419528635256494	0.007798293721356521
X960344	0.006758379496113	0.014235362781539624	0.022509379100009812
X960347	-0.0058667569765208346	-0.004424740166814507	-0.01553400976752781
X960348	-0.006247762309103216	-0.015890569943481096	-0.018770479230789734
X960350	0.018302173070917534	0.004950402353625087	-0.00409119961013274
X960351	0.0056662854642407995	-0.008251301446657401	-0.002758757194642709
X960352	0.02543754881824423	0.04746032055081805	0.010937749089680177
X960353	0.011345104047029517	-0.033449191619190057	0.010601487114526307
X960354	-0.09475680343479079	-0.06731664229475179	0.003308721401900094
X960357	-0.05642763291902668	-0.03686541348853791	0.033341213385774025
X960360	-0.1115659702147055	0.021591645262345787	0.015266530871132186
X960362	0.014611623385459809	-9.541158091212728e-05	-0.022428296519652613
X960363	0.003937849563707248	-0.013572827915509381	0.025105262366494515
X960365	0.0025934191240956483	0.002922172724628591	0.025875642194246172
X960368	0.016256777503118238	-0.0042600702658100046	0.0045852144532684295
X960372	-0.0044723742676139565	-0.022227673919037464	0.014090436450871938
X960373	0.028538978162434288	-0.0029605251945317027	-4.499958881947845e-05
X960374	-0.08909855248632041	0.017765627676954276	0.019836203561636997
X960376	-0.021433884568393582	0.062276452321825694	-0.011161156905087103
X960377	-0.012776857304655916	-0.003856959095336081	0.04152585845146603
X960379	0.0037744248337550673	0.006329639423432451	-0.013028638874686126
X960381	0.009356369251011576	-0.024409807343591876	-0.00780162145308222
X960383	0.0012941441238510834	-0.019944891230140482	0.007000287933555023
X960385	-0.0023927413491403064	-0.01161227790589451	0.04293860797650511
X960386	0.01609830898519696	-0.008801195322435621	0.036829033551255684
X960387	-0.008831333158541392	-0.01518209806719009	0.05289927909828463
X960390	-0.012567301365261107	-0.004964788896891681	-0.0011938730453466947
X960394	0.0028352286132747938	0.020643493894243015	-0.0005676973700288352
X960398	-0.0033850677526271996	-0.019121548787811974	-0.02270185317144428
X960401	-0.011036345573278	0.0007795606846699901	-0.04220288197719207
X960403	0.002257568025951125	-0.00938877637203106	0.002460475909634555
X960404	-0.023136501977939577	-0.01429762508329092	-0.020133035059877864
X960408	-0.09815513863700573	-0.06978481409840619	0.011906588546790631
X960410	0.06373793399308575	0.02281989007494016	-0.019194810558700804
X960411	-0.005623550711548531	0.0048893224132441826	0.02207589447666737
X960412	-0.013621187338092262	-0.029002664399697994	-0.009408238461593117
X960414	-0.016497640191266864	0.005053850794099003	-0.015351424853555343
X960419	0.007661469951710599	-0.006032651319561805	0.012336367149576657
X960421	-0.05299324476355182	0.05289730107794216	0.04531553149483379
X960423	0.014011926414722067	-0.0005437356596452152	-0.018230507356699018
X960425	-0.007876770597400159	-0.026176915263039988	0.0182492629772275
X960426	0.0034456023324951155	-0.0022215058983161783	-0.00546324603205735
X960427	-0.013781639866732857	0.027755308592562568	-0.0136463962657853
X960428	0.009498187608051094	0.0010915639126271087	-0.02198840728090776
X960430	-0.00651976027743024	-0.007426870581060302	-0.011116245020194688
X960431	-0.025188122582243556	-0.008769287066589242	-0.019279353138386062
X960434	0.04127227592162704	0.01700588638663788	-0.030364614005001872
X960435	-0.07295243992167755	0.02981444394630635	-0.009963618439377772
X960439	-0.017958203295149952	-0.010498223108909325	-0.02984255310800113
X960443	0.022992307424804365	-0.04830009471920776	0.07052567199091031
X960445	0.0042980481166610225	0.0002927909675681397	-0.013145967149934436
X960446	0.0017383013277091218	0.003436111063318391	-0.012314836872184397
X960447	0.054921146807794724	0.03493937797552437	0.011392065914388613
X960452	0.024899310089399895	0.0239721218834507	-0.00529291857985041
X960463	0.004081873499576598	0.03075800968710672	0.023560071719023443
X960465	-0.1228605717636368	0.04156503593591826	-0.024232055055914834
X960478	-0.01769655022729893	-0.01429495216023944	-0.0011052727700092842
X960480	-0.01057412886464879	-0.01786240626673555	-0.015328753588686534
X960481	-0.08050905202811075	-0.07091455283575342	-0.004117771062949143
X960483	0.011542957900457717	-0.00836880245328339	-0.05160112861724806
X960485	0.10185291053565905	0.02626767072817208	-0.12342676544139494
X960490	-0.036651360880318354	-0.0069341650142413815	-0.00867924107152757
X960493	0.02140420622948977	-0.0005862573262751278	0.04378613867984928
X960494	-0.06799055547699058	0.027393183405204725	-0.1052163314817752
X960496	-0.005406385762786237	-0.007527348836469041	-0.01831879816025657
X960501	0.011393209226832944	0.0068534794522458935	0.020866861867274922
X960513	-0.012512365043771985	-0.02382420804633864	-0.007626734724963455
X960516	0.018677843426977186	0.003586945618200097	-0.0006802188698611279
X960529	0.006437764158506193	-0.00802502513799678	-0.019376132633226795
X960538	0.004337876745821312	-0.015183195517637072	-0.007575743785098799
X960542	-0.13225527986721838	-0.026772271333698566	0.05579335005734211
X960544	0.02003385800097725	-0.05391513350783657	0.037050096068689455
X960550	-0.018026936758672348	0.016609784606918462	-0.022222369867627562
X960551	-0.014919393668024734	-0.016123294774787487	-0.0143911554128346
X960553	0.0072775807879085965	-0.004431796341197353	-0.012869817530051985
X960557	0.022755854847816486	0.018466931002962785	-0.002964951465457594
X960575	0.03516773643227346	0.01651193768932312	0.09891939531918532
X960577	-0.021499094628297504	-0.012543580281774418	-0.013146784158556213
X960589	-0.011276179059830636	-0.023666281888232027	0.022569517894732823
X960591	0.03513192238316275	-0.04091098192268681	0.03225230740401256
X960592	0.0020648490358884585	-0.04245677483319651	0.08698101432326083
X960596	-0.01441135325705823	-0.004128020127298859	-0.020019231026997077
X960611	0.001737919711308254	-0.006101096422180289	-0.020904097374552462
X960612	-0.07105043349402525	0.011766588987781722	-0.0047405776418113004
X960616	0.01423270978358786	0.0053742541968635075	-0.010561219776543682
X960632	0.014241794918602403	-0.0006462330169717767	-0.009699804878364582
X960635	-0.0015955164959446293	-0.003312395129561154	-0.007311751067938659
X960636	-0.00236747114144357	-0.003313404198143161	-0.004139563739655192
X960639	0.015686347217245915	-0.018664470530329613	0.02854257155309836
X960643	0.0004942129343632828	-0.000843486732543397	-0.00951960799076543
X960651	-0.06397824924734549	-0.044960054547921915	-0.0015997009232516755
X960658	-0.05052064349487618	-0.08381556479565107	0.04854857246091544
X960659	0.052596276677155517	0.04027428400557223	0.017982115679107173
X960666	0.005743614567327054	0.0010028277868947728	-0.027738842401165968
X960667	-0.0002202898186702321	-0.00783080749980257	-0.006584440506593291
X960672	-0.015324715893587788	0.012424385886873853	-0.019423898048311666
X960673	0.027653682437760774	-0.07816543498771432	0.0750117934388187
X960683	0.009270313449186341	-0.00499118596503887	-0.02566445469765935
X960684	0.04149715814065569	0.00896491859641754	-0.0004267648775645188
X960692	0.003986174924185962	0.03788277083634188	-0.022275375463981572
X960693	0.011226877554266068	0.0007772351759142933	0.01061914628084139
X960712	-0.006080616011215164	0.01439115037152973	0.035904524025682186
X960719	0.03728722480593883	0.013795848932959497	-0.015364871070026489
X960720	0.11890305583284608	0.040967305518993226	0.08245159310413754
X960726	-0.05243869337601827	0.1056383502040604	-0.039148550797201184
X960743	0.06914238348590097	0.02254809898706386	0.12765411790280465
X960748	-0.01920703606618607	-0.021108034135693204	-0.010987217862509446
X960751	-0.009021112942896231	-0.0011519294724606172	-0.076456869840149
X960760	0.00788914375679797	-0.0031632796178649026	-0.0013507892015509767
X960764	0.05317958356445695	-0.013734756469491377	-0.01468675404452189
X960788	0.033492538337191395	-0.005675153578309385	0.06152513501633401
X960792	-0.016429392257186308	-0.00593090053300727	0.05569220310710212
X960793	0.01633627312761328	-0.06326018797372386	0.02477371785199752
X960795	0.047394439490894946	0.011952719361704446	-0.025959758952879296
X960796	-0.08062029683615028	-0.037051990711910954	-0.00218867098022649
X960803	0.011853824154146137	-0.004679804060528307	0.017487686705021585
X960807	0.037545583874607734	0.01683429290124913	0.023849796719141197
X960837	0.025164360166861226	0.0024955515748217977	-0.00259881754467546
X960841	-0.005210728892458473	-0.031066777828339356	0.09949819885158151
X960843	-0.031527764716277815	-0.022722938355104524	-0.022600402358697102
X960848	0.06656614932964207	0.06187943552012999	-0.10937951032650589
X960850	-0.0002894149822132012	-0.007318091869606037	0.08335738761313904
X960851	-0.008835931906324762	0.010127570047957791	-0.023225212103673173
X960857	0.009336733304343812	-0.012839317337167826	-0.016133531095285515
X960865	0.013728741043341902	-0.01673277153348589	0.04196981120463665
X960870	-0.011067976337688275	-0.01393172362770714	-0.011433939306077114
X960875	0.012770866967916546	-0.018880633557025444	0.038292758597587684
X960883	0.0027255871831979384	0.005397536751880165	0.0031902064120705523
X960884	0.020274946436895355	0.017394178052105733	-0.004230245818453938
X960892	0.02423224045192474	0.03354145541082326	-0.0018875379985882693
X960894	0.0017968806571041064	-0.02479450495257548	-0.006538360081614051
X960910	0.002995854500607459	-0.008413489332337026	-0.009420245892698046
X960911	-0.016778403758347563	-0.019088899124300278	-0.03102579385536565
X960920	0.0077478580764019705	0.04351257516853154	0.03263629970045633
X960934	-0.08226685104173559	0.01575409378486186	-0.07276069814425096
X960939	0.0002536338427643237	-0.0003515678566721218	0.007956093794692377
X960943	0.038649193605494944	-0.0013246724449640448	0.020805746371769917
X960944	0.011672479851982595	-0.04214553586290217	0.02319691963460972
X960969	-0.02664612935731124	0.030234307858330957	0.005948416295063292
X960972	0.0006941469060158966	0.0004514270245495436	0.023279536988140958
X960974	-0.013921296411051998	-0.00251440582287339	-0.0016385072951218026
X960981	0.007351011458545336	0.04675642636907546	-0.0029009332409948136
X960991	0.04439071286597729	0.008311521165757257	-0.054896744014793664
X960998	-0.029732585559538588	-0.02997633241266522	-0.0001796318657206763
X961012	-0.008564551896953404	-0.013091165874757619	0.028269104017862735
X961035	-0.008482401749189862	-0.014398280804999044	0.1166529764172855
X961077	0.04775525549118325	0.020621145560913056	-0.009047802255416834
X961092	-0.053873884521464604	0.023800519479533166	0.02795282987970192
X961096	-0.035719637811029596	0.006236773037778855	-0.03710238377147968
X961105	0.006091667503367212	-0.0060950540200289	-0.013270075366093955
X961124	-0.0006841758537923337	-0.02826580417779581	-0.0036984027368954877
X961128	-0.014271866056403786	0.0012280701266337807	0.008407744494972414
X961151	-0.030276732731998816	0.0006118070058214007	-0.07788838117069594
X961177	-0.022875494652272482	0.05900256703619406	0.022684967868403523
X961180	-0.03195145898514406	0.04207659193185704	0.051014065680705684
X961193	0.00826577638011983	-0.032143474023390954	0.049282043201235845
X961214	0.003090920591953521	-0.004298200937557392	-0.016499302895469477
X961221	0.01887342522715092	-0.003336974554090206	-0.00320117990104477
X961226	-0.06009972725300266	-0.04770613236590741	0.03344623349806422
X961240	0.007029126948425727	-0.008775055300312778	0.04564176724972124
X961242	-0.025430271029878045	0.009842089489664084	-0.01303652588085939
X961243	0.0658041960318064	0.03980346812991192	-0.28237522976131835
X961246	-0.01957777913707125	-0.009381409862913106	-0.018030317115517277
X961263	0.0074155065730884965	0.004287143958446205	0.017913208643197866
X961282	-0.001811345824282985	0.009483567563544022	0.0007299551064291578
X961321	-0.008602725021395127	-0.016127034785977306	-0.007103350062888751
X961325	0.04257671227098879	0.009151169812721627	-0.1675532275475276
X961339	0.006753040132742366	-0.03586547820781905	0.07882973865017034
X961365	0.026321065492558065	0.006689959570216383	-0.03170549825937875
X961417	-0.017600176159434225	-0.01504750159120824	-0.01416499969908845
X961423	0.03416981441371673	-0.001831720703574311	-0.010704371970115851
X961434	-0.03790387609786925	-0.018165291233481443	-0.01821501804282163
X961485	0.018258958538532113	-0.019254970850730354	0.016972732987905137
X961553	-0.02230553545790677	0.10120715511029348	-0.012542367996157296
X961577	0.014526333397158614	-0.01628441451236967	0.035823911359735255
X961634	-0.04728260192486315	-0.012787875131688381	-0.02287603069042689
X961684	0.017689908307633742	0.003821851583756323	-0.002446955430593726
X961686	-0.03947594470240099	0.1200030769392091	0.009180240614970058
X961738	0.01631684772275641	-0.018081705773586716	0.01684271218160147
X961809	-0.01599996329860686	-0.01791806071220186	-0.0182811574051563
X970002	-0.02224190533629514	-0.009997149539816227	-0.00048598784094354164
X970003	0.006094513598135052	-0.012618243785903968	-0.01450534104905472
X970007	0.00911222795285233	-0.0069961607261088115	0.0372974307909496
X970008	-0.01758265060989263	-0.019350863234161287	-0.006065738321394169
X970010	-0.015735215024995905	-0.013408004685646421	-0.022070784287614775
X970011	0.00782919608314387	-0.005923279458733725	0.023728275415507726
X970013	-0.008724451346041794	-0.0029245622644520713	-0.0196859588226719
X970015	-0.01682415415439334	0.048710901050741905	-0.012086453062413733
X970016	0.004879657441979069	0.0020699293676061555	-9.226530381359318e-05
X970017	0.04774443435596844	-0.007113595817653982	-0.021261929239954916
X970018	-0.05194186963261476	0.008792735504951247	-0.018349665560486093
X970022	0.019032236570617807	0.02666750828507498	0.012636785497532423
X970024	-0.006813265833213371	-0.00428420386473938	-0.011433397334632228
X970026	0.009736014188223192	0.001660704852574218	-0.0002289317603429101
X970027	0.003875281998149402	-0.005523708463501578	0.011882734788633855
X970029	-0.003346960425265131	-0.0019403498554715522	-0.008558850147511564
X970030	-0.06344878494041849	0.0013583497321251281	-0.0024462946186276802
X970031	0.048575413723279885	-0.02988009081821335	-0.02624667133792109
X970032	0.0019684393618453686	-0.01761488806387098	0.017278112808486176
X970033	0.02051741234565658	0.009560305577127266	-0.07891967834544043
X970034	0.01618377095893358	0.005247094380209594	-0.00964298669970613
X970035	-0.027502632008943782	-0.019174916148834754	-0.026539746811519667
X970037	-0.022457379351525968	-0.011195622884101444	-0.0069873532378217675
X970038	-0.001811039744177728	-0.014572984518924912	-0.03328289871220136
X970039	-0.008813775868762558	-0.012950820912263683	-0.01108184197659257
X970040	-0.024607870916782234	-0.024000381214370564	-0.03670548371557427
X970041	0.005767648669627083	0.01568747268508116	-0.009198712593292644
X970042	-0.007754439677118951	0.016029877816640364	-0.021865091224393316
X970044	-0.005021245292227583	-0.014507040782765756	-0.014731999844304887
X970045	0.003979576064927443	0.03623216609748608	-0.016023342887075874
X970050	-0.02441619052553389	-0.01851675702669959	-0.015510085536301378
X970051	-0.0018489896295070972	0.02791881113037063	-0.01499327657759652
X970052	0.0007325724347372671	-0.0111967593376914	-0.021506759596321475
X970055	-0.014735405285150957	-0.013930867717269164	0.002489574892185791
X970057	-0.013223031057255814	-0.013666421061049618	0.005426254864027855
X970065	0.004493132897930831	-0.011353420590651767	-0.0011350579822725282
X970067	0.014480291056070788	0.001044945574110892	-0.011018517795219054
X970069	0.008591998319908398	-0.043916747682597956	-0.05684434888365985
X970071	0.011277371850314728	-0.0008261984113944175	0.0052681580743237045
X970072	-0.0016430979742385198	0.0132182115599536	-0.011171778336318381
X970075	0.007948813421235285	-0.02436868907520382	0.029982810566776607
X970078	0.009076018206510718	-0.002791469265363386	0.014511520791419165
X970079	-0.00786141699024597	0.034672900071039015	-0.03000929679278818
X970082	0.035355940246812045	0.009713227774363658	-0.003243018193729914
X970084	-0.006955784904005602	-0.012422221455965176	-0.04129369500267824
X970085	0.03764368064504466	-0.00037870006525991476	0.0017782211264266306
X970086	-0.013427233433994273	0.012290500964635916	-0.004677719656129163
X970088	0.0019804538895118284	-0.006978869804597779	0.0041859239286648935
X970089	-0.05696215973557381	-0.05871468988740518	-0.005759774420639517
X970091	-0.044845547611374825	0.13003509033635172	0.0065054352828156515
X970092	-0.041738112279154194	0.10763469990445314	0.044923419412929926
X970093	-0.007082225133374984	-0.0063769515604870436	-0.0021428489747324204
X970094	-0.017370384764961944	-0.03886795905541345	-0.01590022648983118
X970095	0.014720527640858998	-0.0019266053169084796	-0.02662883021826277
X970097	-0.05593766359571097	-0.0019974573474103047	-0.0244795127971346
X970099	0.006845144409004683	-0.011497982775231045	0.01893662601797184
X970100	0.06871030236846207	-0.008134523250051654	-0.04352381556053142
X970102	-0.02162782770844261	-0.010944776060880842	0.017502325870122723
X970106	0.009758802383658121	-0.01606248959289224	0.001137997734434008
X970109	-0.009553344877696086	-0.003836755220523079	-0.009837980168393785
X970112	0.030522254888578525	-0.004130740006730511	-0.024984660019725057
X970113	-0.016212240991627713	-0.015373095404877784	0.05115770914881912
X970116	0.021229061725191005	-0.00037401717509643836	-0.005474227679755008
X970118	-0.009796908069272494	-0.002225838925451897	-0.015714468648756977
X970120	0.015784306812478766	-0.006471763532738282	0.03448222856683405
X970121	-0.096918722935257	-0.15813194618771656	0.056953090755610794
X970124	0.013788073927999996	-0.02418914440993207	0.01653325763987814
X970125	-0.00449277470158558	-0.0048010404066488556	-0.005372200610716616
X970128	-0.11389390795081845	-0.025734859129545273	-0.008042300835905845
X970129	-0.00665946781504015	-0.012485029848625236	-0.011179532958218465
X970130	0.003685642889067646	0.019638344295122817	0.00605155441198257
X970131	-0.10202881019348634	-0.08694679352069881	0.0076652110803711645
X970134	-0.00012722778017182823	-0.0015574853302462016	-0.0030119399966608853
X970135	0.023376240882407345	0.025199134223955796	0.027850787227751337
X970140	-0.0027768799645259408	-0.01818590134414831	0.008064456922647206
X970141	-0.07223450573962556	-0.034758282468826715	-0.006037315363441478
X970146	-0.008929887072214942	-0.008469230472405498	-0.00040182170006885034
X970152	-0.024894353006771723	-0.013813118551387978	0.007364610768713212
X970154	0.021293047968072187	0.01384920247975879	-0.02544831688615308
X970156	0.008022197312342893	0.014974842522604333	0.0006347935244408036
X970157	0.01847125860041249	0.0001948426176385053	0.005892287879589915
X970158	0.0029894142278775195	-0.0068672030252245045	0.017945996010012403
X970160	0.0007262641521903899	-0.008881062914585151	0.01716538662142864
X970161	0.029470283485433978	-0.02631712148021134	-0.0032959014868876335
X970165	-0.0068086205891467275	-0.00753276363401601	0.001057897374843803
X970166	-0.02013173202076898	-0.034759411296052804	-0.03557226180336499
X970168	0.0038177931663193687	-0.005950842331084567	-0.010588701850845464
X970177	0.03345255742192662	0.01097912050966497	-0.02352157957495554
X970179	0.04178801385152457	0.03264479169900008	0.025533288841596054
X970180	-0.005980724340163626	-0.01628667093051324	-0.00979715082267993
X970181	-0.0084886212698064	-0.00034549371479096654	-0.00435278587655213
X970185	-0.011294621401575488	-0.00010077551158343415	0.008679234814768315
X970194	0.002219070063317663	0.0072068404865108975	0.02655632731979146
X970197	0.0052225484369278164	-0.01093875724890578	0.02591469752909948
X970199	-0.007225106352884175	-0.0075446012494111885	0.0029801833339641332
X970206	-0.011425155869623949	0.0025280320385461354	-0.052193250811956526
X970207	-0.019311378381435266	-0.010624626482153314	0.017594766253056573
X970209	-0.019536397579865625	-0.01241604195941052	-0.006987369422226085
X970216	-0.04422766970847265	-0.07646176381673227	0.049911227117454104
X970221	-0.03446053549057918	-0.0036821168273074747	-0.024275696851707326
X970225	-0.010742497483141716	-0.01272166256857869	-0.005856656291647689
X970226	0.008903498937591141	-0.0027964800392960777	-0.04132530069938381
X970227	0.026885124113116266	-0.0014014754682285693	0.0006289753233224492
X970228	-0.0051794438302260265	0.0009526727077725593	-0.0037927108867261963
X970232	-0.01028882181352985	0.02821214131008823	-0.04703826373324787
X970236	0.017854326328259333	0.008289045188214278	-0.03415174089605886
X970237	-0.05684779944649468	-0.010894413480945461	-0.003904378926896774
X970240	0.017817782545394373	-0.01581858760651514	0.07721356182503215
X970250	0.010834500227594943	0.026217282068412395	-0.01209287943827746
X970251	-0.005661012767102309	-0.0015253959143511728	0.007930452967990432
X970254	-0.014170662218130996	0.0832381054022761	0.07855161241635054
X970255	0.021005825898372753	-0.012001690191392935	0.0008428511378402763
X970257	-0.005781824201469413	-0.022072940536312254	-0.026697608896674045
X970268	-0.0003868658968514146	-0.012228276075039691	0.019747918249047952
X970269	0.0002473530156826554	-0.020583463635525538	0.021409556406728585
X970271	0.06093977208180247	0.021849919867984097	-0.07660363709369934
X970277	-0.012284351504360212	-0.024116259481986396	-0.013776566786580825
X970283	-0.02875679780088774	0.13313048099685582	-0.0004786551543484402
X970288	-0.01183592010133832	0.037098678216634935	-0.0015777861639837628
X970296	-0.037607296107906134	0.016418784349103453	0.00399582452710849
X970299	0.003403069484304219	-0.006491726751902634	-0.01721855974459928
X970307	0.008851109082986275	0.007758225444716228	-0.012171755361655068
X970312	-0.029288151129288034	-0.021625589265216925	0.004594268331016757
X970323	0.009782356741655021	0.0010628688068941175	-0.01951325285014439
X970325	0.003892427815378308	0.011978572367215423	0.014294464337350932
X970327	-0.035742342760498404	0.018791986526511057	-0.034781508120804515
X970338	0.0176056006574713	0.009342185145549518	-0.05329125167742894
X970342	-0.0640799036673422	0.07187978142612339	-0.012573323908941461
X970343	-0.005769233840555818	0.020402036937319595	0.03298275508957612
X970345	0.010926839811036588	-0.0061443563459472805	0.0028748683617211422
X970346	0.010311856600024873	-0.0390633437386287	0.03648810266248858
X970349	-0.007960735089791187	-0.015004000011188371	0.0005934087717270654
X970350	0.0004902021503904958	-0.019676394471690565	-0.019110480155027202
X970358	0.011680003356282078	-0.003782488199090018	0.0057503670082468105
X970359	0.005905723378611517	-0.006469132817816003	-0.026402943829008416
X970361	0.031333025177053615	-0.07361066136286215	-0.036166288951941745
X970366	0.045629018777084134	-0.016627898816895446	-0.10794678302358691
X970375	-0.018488719060673137	-0.006975722258203778	-0.03723258275441819
X970380	0.00620105920115682	0.022261265079068785	0.0778660106393884
X970381	-0.01691558756274803	0.021073280470308528	0.0024334981523118837
X970389	0.03732023413844376	0.03404512062743609	-0.025823815520621275
X970393	0.014623884832400257	-0.0017681157346479055	-0.0314884829004282
X970411	-0.049745251629675545	0.017721079174392744	-0.02138982836690029
X970412	-0.0125122987234436	-0.01579407173849767	-0.041060652366947704
X970414	-0.0088558896127386	-0.016845150287493407	-0.025536781155358245
X970425	0.008095331822408352	-0.0008883880206783494	-0.008934540451839551
X970428	0.05568763962378386	0.03369497050336275	-0.0033898791129742954
X970432	-0.007053234564147786	-0.0038683224241465816	-0.0195893949079428
X970454	-0.006118011992086113	-0.009596582835281942	-0.012583952371020635
X970472	-0.010056155853948721	-0.012192543521568648	-0.02153917129899523
X970474	-0.007582660815330584	-0.018666209180962425	0.0013487043651391566
X970480	-0.01996084006796569	-0.01255390889044446	-0.009468037531148277
X970482	-0.08606703623407827	-0.02279035619522997	-0.00039168754496194503
X970497	0.022727927923101524	0.01932790911665965	-0.05212776914918247
X970502	-0.015506935036724586	0.0326216774729402	0.00260071373801301
X970504	0.032634252184114025	-0.015027510354087609	-0.0255117448058868
X970509	-0.023998552227906204	-0.034440777207373055	-0.024927389360987113
X970512	-0.003711457780012111	-0.010817033175484764	-0.015641554209439346
X970515	0.0013072895958313891	-0.002499122144663615	0.009044567445504697
X970517	0.027761409454776547	0.035157148983882724	-0.000710000476352479
X970519	0.013822852351243187	0.010791256285768838	-0.0155646988705698
X970522	0.008345707678293977	0.0027962927962394473	-0.024860829542254995
X970524	-0.00239819689908677	0.0005048629498689955	-0.023150571057304427
X970533	-0.021343495303195677	-0.002945069635093095	-0.010449644656888113
X970536	-0.010766953432558346	-0.011580485694698816	0.008668906771028918
X970538	-0.006339280601166025	0.001566782342561864	-0.01850025853577108
X970543	0.008664557622260784	-0.004940398395079479	0.005265573346907686
X970544	0.023091425135858875	0.043446283823973704	-0.006823359083092199
X970549	0.01609579964938116	-0.02666256432306083	0.03893577699711828
X970563	0.03588918484073251	0.0034806244602944812	0.001663404417311402
X970564	0.006748820373008253	-0.00011635203885850154	-0.006160732723737113
X970573	0.028933771751246225	0.003738818047654789	-0.03778387060363207
X970577	0.05500524612883655	0.02920535026496258	-0.018949910851886458
X970587	0.004128488095970065	-0.004469981096611215	0.003981516826060697
X970599	-0.012944338137874786	-0.018527156425280113	0.025282212447375944
X970614	-0.01733295636741135	-0.0035201311739895243	-0.00558653002670898
X970625	0.01720975645786135	0.011428773057476761	0.010077719250786052
X970633	-0.01912550005463107	0.08246286416585771	-0.0002743214085321788
X970638	-0.010895412948686614	-0.012322860351824257	0.013636751179318745
X970649	-0.06434325034952645	-0.019814531931141903	0.014969336522551469
X970659	0.02274423947904421	-0.019808525073548824	0.03776858755336045
X970663	0.01228259045513102	-0.019474667233877613	-0.005271951431208916
X970664	0.012731833184905816	-0.009709731879277489	-0.001524707688632575
X970677	0.009582929168626497	-0.020353658523837123	-0.0006010332983118794
X970680	-0.026027794984933034	0.10257953359360791	-0.02466864585306038
X970687	-0.02775859481259849	-0.015287580711964722	-0.023614973841625295
X970688	0.0028449050347991623	0.011866545365720389	-0.02546767627914879
X970692	-0.015990622890938912	-0.016406124881293428	0.02042637999719055
X970706	-0.1313716792869167	-0.01430553840107338	0.03969372359215469
X970707	0.03564525129282544	-0.020820712260488615	0.04348198592561642
X970717	-0.022877017914065816	-0.010534826976628199	0.007603170640057355
X970718	0.010438620149013119	-0.0009205421864058192	0.0072363528711671486
X970731	-0.0012523800968146854	-0.007076543705560941	-0.016018723470979372
X970732	0.014131481100958469	-0.0026535948744026276	0.019746006160968898
X970737	0.012921845496754762	-0.010489668516049152	-0.011674723069781023
X970745	-0.005350904896939944	-0.02025972877292899	0.0026958852690919318
X970784	0.025482847821344065	0.011873483892900953	-0.005398540968330315
X970791	-0.01354279596673152	0.006338694858734108	0.016675417940954843
X970813	-0.006717101772057276	0.011283957309727565	-0.0433384960240667
X970860	0.0075296936450676	0.003276182180592015	-0.009361892891796739
X970932	0.002755974058783418	-0.007123235387088316	-0.044958387993138484
X970960	0.03636684167872267	-0.02678804211592041	0.014654658493655668

Biplot	0	0

Site constraints	0	0
