Eigvals	3
32.18956384056636	23.440028309635817	22.662058613161086

Proportion explained	3
0.49360800128805754	0.26173889845318976	0.2446531002587526

Species	12	3
Propionibacteriaceae	1.1671294914843093	-5.309041405444627	0.9429973929834925
Staphylococcus caprae or capitis	10.596487971408186	-2.77474725015796	-4.631176783630542
Staphylococcus epidermidis	-9.614555770589089	9.646250642893376	-10.361641697931095
Staphylococcus hominis	7.69919476595957	-7.742387326607119	7.489931556071577
Other Staphylococci	4.0865478417673895	2.3403866122335524	1.8702892204507324
Polyomavirus HPyV6	5.86557264744187	15.388420863976789	13.5013886365578
Polyomavirus HPyV7	-24.28888899978631	-6.352407466530866	7.514679018719595
Merkel Cell Polyomavirus	-2.5513120749479734	-4.183051585943911	-1.006518374113476
Malasseziaceae	10.584898039356114	-5.871004568788286	-3.6600330575820665
Corynebacteriaceae	0.9488046821221084	-1.4588358157852717	-0.6898301647906565
Micrococcaceae	-2.564021168643246	1.7657820780959972	-3.198439546217927
Other families	-1.9298574255729317	4.55063522205832	-7.771646200517437

Site	1225	3
X940001	0.0049764519015065446	0.0005890568294509776	-0.006726268023391645
X940002	0.002408061235014039	-0.00866126644171889	0.012157652218391607
X940005	0.0032088171846182275	0.005662718218032034	0.027563922441708414
X940007	-0.0010596421731926613	-0.012318944318925447	-0.0039925866858847745
X940010	-0.04093669157964702	0.004661684914274941	0.0033690612984251063
X940013	0.0017895883503313166	0.00245000886920039	0.008789357746828777
X940014	0.017641355090414982	0.016928775039550755	0.13714986746302915
X940015	-0.010039844589867267	0.006024288747464051	-0.010081745252560562
X940019	0.0027497502181113532	-0.029297237505387173	0.04690815298656032
X940021	0.05423683405077956	-0.030804130750932374	-0.04924443357870945
X940022	-0.015343157547558143	-0.0009735044741475574	-0.020307394484104447
X940024	0.02015928357216014	0.020049941142664236	0.005105554018667158
X940025	-0.0051195817662228	-0.014800000140766567	0.0069844282966076724
X940026	0.019225483300931417	0.04465880953725749	0.006789012166173413
X940027	-0.005431073340088469	0.009032727492094965	0.010951848157345527
X940028	0.004982327755239484	-0.0029116056353007632	0.009990372743057028
X940029	-0.008809119475238318	-0.00190484522090935	-0.0021816828974466594
X940031	0.0010994522746097667	-0.006071291834431142	0.00957057089543773
X940032	0.006304704525754305	0.015709781062863536	0.0008151605373207669
X940034	0.008594262982456392	0.02192571774962542	0.0024147717569387916
X940040	0.01736563537963728	-0.018622878030273543	-0.009824839102155706
X940043	-0.0029583570361301098	-0.004668379705665574	0.0071644232125020225
X940045	-0.0001731291217362156	-0.03567270135388666	0.06891791128295362
X940047	0.04949783910927985	-0.034152356886848624	-0.07244062260538704
X940048	0.0006025783438139336	-0.01693385139945744	-0.0007404590007211802
X940049	0.0034384390810269358	-0.0005793124834726437	0.017290342306409984
X940050	-0.020651455719088125	0.03455453538822838	-0.03484388696934401
X940053	0.013471206542981807	-0.007424101132304786	-0.01742925788482468
X940054	0.02804140935034168	-0.040367581712701016	-0.02668123884834105
X940055	-0.01679677726868395	0.014303925743108655	0.024599113117067677
X940056	-0.0446083160446306	0.023856212134900856	0.0031177421565370287
X940058	0.0006114156592070771	-0.0038524433143739957	0.016488529726945277
X940059	0.0034564486553151537	-0.0016062998695462298	0.015786440011995997
X940062	-0.0485688908333417	0.03293782199598405	-0.020507337178818814
X940069	0.016343388664905405	0.004675436036372073	-0.003043384424856094
X940071	-0.048195274983129664	-0.08598675072682348	-0.016141944293636152
X940072	0.006790428078412478	0.008814953616723558	-0.00020164529896559344
X940073	0.02870458343047257	-0.0673345862096606	-0.06203037105325652
X940074	0.02357841786299744	0.0013985994173406023	-0.015244001308259885
X940079	0.028865794320418484	-0.06494386446571188	-0.07288001699993518
X940080	0.01621374181803714	-0.005685957706773405	-0.0029995406996305074
X940082	-0.045712714896386564	0.036610228398539606	-0.022609237429050112
X940084	-0.02945239311368768	-0.01560462760401799	-0.031000076832694498
X940086	0.007407992378929811	0.023477660615298712	0.04445388630699827
X940089	0.0023922987697185152	0.034834987192305954	-0.00573818241260284
X940091	0.013231812672394828	-0.0507683263297256	0.09457651446016259
X940092	-0.03011692362260934	0.021889025498511783	-0.012996177159914392
X940093	0.002247139891056511	-0.005530529732223814	0.004058238661867067
X940094	-0.08780858243288597	0.027855973337585806	0.1027653986294926
X940097	-0.002530171877979679	-0.010207619116236277	-0.0005708555505191305
X940102	0.0026717656183523905	0.003303470210477422	-0.0009993349925122535
X940104	-0.00026969178862271007	0.003514616483899998	0.00042470219008570266
X940108	-0.0032052050135447166	-5.8679855119891195e-05	0.00910374805174366
X940110	-0.004554109104069846	-0.0416854750065792	-0.04779561525657757
X940112	-0.011211264239500977	-0.09049022742540362	-0.010142676509584211
X940115	-0.0170344337091501	0.020787371417082902	0.03216644054673014
X940120	0.009195581828303953	0.005252591550094156	0.017504285366327445
X940121	-0.05811628772061247	0.010726206147927192	-0.025222970797855248
X940126	0.008638880043660861	0.013033768647984716	-0.002347785858056554
X940127	-0.0021718890171954913	-0.01682323949313961	-0.0038163057381331894
X940129	0.01800440971782638	0.01484361365516722	0.04696283567838767
X940130	-0.016689319875958928	-0.038228825621222165	0.007123692743010525
X940133	-0.007493902819783166	-0.011046909760335235	0.016253751965752336
X940136	0.00590430378887618	0.019921031052194442	0.004162212853582624
X940143	-0.007921313194495919	-0.01578502804125483	-0.004549496786375865
X940145	0.004633434885397012	-0.001418831103799198	0.0004772679678053944
X940147	-0.015064396493826479	0.01251847144317989	-0.017596270444170378
X940148	0.001735986001981767	-0.0003286794110808294	-0.00462038640275869
X940152	-0.010261046955379998	-0.009340054772159507	-0.012009217228933776
X940154	0.01779268238682112	0.01741314229372312	0.025911919683543862
X940156	0.028634663955593276	0.01844463016923389	-0.009036773491279675
X940158	0.014504435494456404	0.012232926224977259	-0.01916451740972011
X940163	-0.009717547638262988	0.00010631037838698131	0.02707094206454289
X940168	-0.026164193975186253	-0.005096054207149208	-0.027144877383231205
X940174	-0.0006858842273094538	-0.06619576755715621	0.05228267789503683
X940176	-0.0038641862726961403	0.04184667418793093	-0.022514741489973827
X940178	-0.007237703843910869	0.0038315643214710984	-0.0017153776644604577
X940179	0.005519131604145999	-0.01696241874737692	0.0005226983416155715
X940182	0.02840736134062013	-4.6843208121641223e-05	0.003987522785137005
X940184	-0.013004091404216999	-0.06588971896371366	0.01502693306398403
X940185	0.04848544806408273	0.006250700381766824	0.007182913751641058
X940186	0.006784480579021215	0.017710244310882983	-0.00368277471146898
X940189	-0.01785608130576387	0.02382238972724116	-0.023149004459006556
X940193	0.003924008105250373	0.00359704996837285	-0.0073640337173690356
X940203	-0.0529818142648014	0.02001982279449732	-0.044595834021677244
X940211	0.011598171177381506	0.003346444511105593	0.0023492615416581715
X940213	0.006554955166382899	0.015862915262293942	-0.018779561833630314
X940214	0.0014497943689792327	-0.026836821854265957	-0.0033449189651667717
X940217	0.006395510649451365	0.0022051707945929663	-0.001877086478728736
X940222	-0.010379802502702772	-0.00487411985630549	0.040173507712715
X940223	0.06239326320238986	-0.024212110404986203	-0.07093916959696459
X940227	0.017907454242331207	-0.03156927064406153	0.007836227574793369
X940230	0.006493619560810278	0.01827871749216994	-0.017720873256298276
X940232	-0.012123250787944045	0.005883824285613194	0.011026265694036676
X940233	0.017009622743227728	0.022174448423525988	-0.009515682118706088
X940237	-0.014581265414513683	-0.0021267428531359274	0.02590626058168994
X940239	0.03586556777888695	-0.1050997276258648	0.14663323545455625
X940244	0.024947334300787785	-0.0026182456758057845	-0.009318350287732171
X940248	0.0233079765572736	-0.025458607714379234	-0.005168259849191636
X940251	0.023136672356209514	0.004724081673769302	0.021530534181176734
X940256	0.028784169972235017	-0.012192644359380727	0.017290098307817074
X940259	-0.014681398967269317	0.01665742541299098	0.0036067195309170456
X940261	-0.03135652521330409	-0.0365740808741909	-0.014536039567984462
X940264	-0.009019044655311299	0.023332008648010705	0.01345412205983599
X940270	-0.003389965263889517	0.01565537254521742	-0.014286511812995234
X940271	0.022253972671889232	-0.009841917282584737	-0.0020801516827797487
X940278	-0.0173128227206844	0.0008528979694780079	-0.003067325077658804
X940281	0.019829120438260652	-0.012316121704755295	-0.0017330447997949499
X940284	0.02031130047960889	0.015536279045964033	0.011173655739487982
X940286	-0.0007693880690165788	-0.04246754339534789	0.036322477881380294
X940287	-0.021738728729209865	0.002136742276767028	-0.012744256099877173
X940288	0.008726395637247858	0.0018552379301443125	0.02224034726698969
X940291	-0.0026552853245053105	-0.0006263910480787656	0.0029671365349559515
X940297	0.011573550842720142	0.017040099144709196	0.007875173718671141
X940301	0.014668016749774814	0.004666133015278071	0.001934960089642764
X940302	0.019601812032767927	0.0013381090693098177	0.02424493330530192
X940303	0.002876116088768433	0.015587585398258663	0.004604789905931363
X940305	0.004417835781170453	0.005803140854923694	0.008606658727416247
X940306	-0.015602854701279137	-0.06742889177580863	0.003974734764738413
X940309	0.002757598386690066	-0.0010637876232644557	-0.0012499247524169574
X940312	-0.004426525745637108	0.0007170469558645156	0.017023591277052684
X940314	0.002760348047878789	-0.003084414070262585	0.00725816365604417
X940322	-0.051630536053174934	-0.05633771086993988	0.03882776708198492
X940324	0.008022265033045022	-0.028824109368124833	0.017969004419423517
X940325	-0.01916169664988662	0.027793409123426364	0.003862349765262093
X940329	0.030307858609199944	-0.03540284346623727	-0.06800530447154089
X940332	-0.003873076495599887	0.016825323062499193	0.012780573156899924
X940335	0.04802780355990707	-0.005376793015240445	-0.03484767696113265
X940338	0.0014719162469054596	0.004308274618880982	-0.030366541363031616
X940339	-0.025059476191362118	0.004590367900265262	0.004921749413522859
X940347	0.006041956614696586	0.014733149665377818	-0.0006710166770969463
X940349	0.021199714122327087	-0.01123650459661784	-0.014749207616378698
X940351	0.007300507336335878	0.00010568753019173996	-0.010624415530361333
X940353	0.005902141621673599	0.009557371634667416	0.02162351117179915
X940354	-0.003483860855048729	0.0008200927459873621	0.008346127684270718
X940355	-0.010544274835228705	-0.052591107891129044	-0.042448295980171434
X940364	0.011073547623881087	-0.018837691459231046	-0.05601772844535311
X940368	-0.02166583079347987	0.009883292842054175	-0.015071238451400952
X940374	-0.021639829335161745	0.04104566640843989	-0.021076548329587226
X940375	0.016201468945411066	0.007507298687101407	0.007748548901724483
X940379	0.016168615712557965	0.002731748596611338	0.003519316649716164
X940383	0.004618022418594466	-0.011282769143710469	-0.0327071401065682
X940391	0.02892089913313803	-0.009338476388743994	0.0071308803462941635
X940404	0.016071684270490046	0.01803629407681451	0.006167058182220512
X940411	-0.007971710100429212	-0.007419017538321391	0.020115143673831458
X940413	0.02159083775403324	0.0684140051127526	-0.02601118184293236
X940420	-0.017601246844722657	-0.016613195220535903	-0.019037816709845876
X940443	-0.05137981927837718	-0.005896560111766935	0.00029386476979977055
X940444	0.037957419297000146	-0.013845691474261805	-0.03413111646605965
X940445	0.020164742151379807	0.010992298812945568	-0.005758660222894157
X940450	0.01526031617161911	-0.006212855223710549	-0.0027984754916168995
X940451	-0.04824015161444556	-0.14597100051139195	0.015289702710384883
X940456	0.007607590241967494	-0.0055742521780968	0.003864966652908639
X940465	-0.009679410247034557	-0.00027573566018645405	0.02108364091460028
X940466	0.027082937292473876	0.003991612868041348	0.00043467950745194157
X940474	0.004081549389595691	-0.013399322685817191	-0.012393561615064724
X940481	0.009424028823502016	0.02625463719738212	0.028303246618845652
X940483	-0.004717764126427596	-0.017388240596946613	0.0003656380697752968
X940484	-0.026052057400650294	0.01729371403008112	-0.01870238264725977
X940487	0.01547245061504172	-0.004014266799764757	0.03249004768309313
X940488	0.0718604901144534	-0.022340384248560812	-0.02067523209846281
X940497	-0.029276340144945824	0.018338707005154574	-0.020966160048182744
X940498	0.04394034599431805	0.013449765204549354	-0.022232116674141104
X940501	-0.04798469952195689	0.038846933339290284	-0.05586400477826577
X940506	-0.10422157909988364	0.03294806935973154	-0.069936217153257
X940526	0.009911112499407295	-0.023507761325055013	-0.0165917482106758
X940529	0.10888769705699865	-0.02685722777378057	-0.1061907994375467
X940532	0.012691777716126694	0.004648582549622392	-0.017987155305169616
X940534	-0.012305944382050524	0.006583987326859555	0.032895111382568364
X940535	-0.015919353781382404	-0.03159590287094539	0.01750310525029166
X940540	0.0027284987699450263	0.01573761885416911	-0.0078022878457152086
X940547	0.02992588860183522	0.006500545669675519	-0.0017859183414363816
X940550	-0.0028602094885951048	0.045424348794177775	-0.019445436232229676
X940551	-0.0034377354158140346	-0.02731194511679693	-0.026798409045996306
X940555	0.02445041736519196	0.02880892137865579	-0.0026084982844823963
X940558	-0.0005714648936768568	0.002055914763160481	0.003196565474985789
X940560	0.01796346116613514	-0.08836680230626608	0.0369409277454637
X940562	0.02813674507306841	-0.015566890126341184	-0.036894157294706104
X940570	-0.012827403414983915	-0.006971667106389131	0.0022448149595624147
X940571	0.020027529309837325	0.03940772982703208	-0.03397517980586272
X940580	0.03662406560613863	0.013798347845947065	-0.009110909225407117
X940584	-0.041852482462243254	0.033059205842700716	-0.03623349714276558
X940589	-0.10821287811026888	0.04393338949571242	-0.05777177051840482
X940598	0.009992602641101559	0.0064458375655300285	-0.00461733584733626
X940602	0.08882821444008765	-0.03779703334784415	-0.06875250766535267
X940606	-0.0412461115247695	-0.02150802287548751	0.005150142408107483
X940612	-0.06724056118605035	0.026129270411300334	-0.05569870497639384
X940623	0.0033124028655321398	0.0032561592016054452	0.005457169673012933
X940625	-0.05340192858025604	0.0459557902186871	-0.012385671538100293
X940641	0.001442294575462546	-0.016076646206318188	-0.004881600074895749
X940642	-0.013587757784483186	0.021229036845279898	-0.00027573411010665776
X940648	0.02208924185593281	0.049674017066579715	0.022078623683883372
X940649	0.00696860122487463	0.0062306845124838585	0.02623556599610306
X940652	0.014949524710514027	0.005346020920396655	0.004898976840822066
X940662	-0.003960629214397883	-0.00939246233050175	0.006086928830434677
X940665	0.0028326560545325545	0.011020105973719446	-0.022074181019060887
X940674	0.00709176458995666	-0.0009252365001521897	0.0025177319551948933
X940689	0.10474804436627733	-0.05725793987928635	-0.049549876659713867
X940690	0.03750394930903428	0.01998245504667563	0.006485646934064292
X940692	-0.011883638200033955	0.02429022941825776	-0.03176059887296968
X940696	-0.014170724553902251	0.017474733510460833	0.014875274087880225
X940700	0.010395488883305595	0.04631002506039042	-0.0037701948943293672
X940714	-0.02387614778987951	0.0061520213065431335	-0.017622810426193323
X940721	-0.02204611806317	-0.06546882035772697	0.0158396136160909
X940727	-0.0044508430873445685	0.03375007741407233	-0.012806341549236114
X940748	0.008149033418537498	-0.014981834064950444	0.03419539849898302
X940756	-0.01553447925007543	-0.010615129354810163	0.0017084981266598897
X940761	-0.036780060288061064	0.0214713828843257	0.0009382143927436491
X940763	0.02489165774222807	0.00906552320800309	0.01408935762107714
X940766	-0.017181201573703144	-0.01610184273332137	0.04633750975850272
X940769	0.018069001962778077	-0.013954068548625357	-0.017776934956237174
X940775	-0.013005013945689791	0.031023852308214913	0.00032865822415229347
X940778	0.01909061102883091	-0.005293844774084213	0.013828934475856152
X940786	0.011508706653371772	0.013995306159946104	-0.00023324876016774947
X940796	-0.03413632400646537	-0.027041121619996254	0.024297613090491558
X940816	0.01686736667309849	0.003210070164431446	-0.0038635236714177814
X940819	-0.04920698760328513	-0.0030287055473777226	0.015008204469570807
X940820	0.005004220364405974	0.007810534152792415	0.013226687744642269
X940826	-0.07211564939893238	-0.0196208775835981	0.005125280094950411
X940827	0.016167451766572437	-0.017539408101911864	0.01661499447730378
X940833	0.020745658505328026	0.03298720670508438	0.043524565605333375
X940843	0.004821485203366243	0.011032327218639526	0.006042281782163326
X940844	0.02861564102903865	0.0049045367434148186	-0.02075537622340677
X940845	-0.002863685092889656	-0.005714957793023107	0.056254537397833614
X940847	-0.012636698661638843	0.009047950833430003	0.05253654823548811
X940852	-0.009250029718972857	-0.006244750724822223	-0.02151860885802216
X940863	0.016144403141569317	0.01457823947107135	0.007779611818425893
X940871	-0.039556632625994896	-0.003568681973980399	-0.0028205410946432388
X940875	0.007905523664373557	0.04209786621702294	-0.01667117770878706
X940882	0.009614754892451434	0.013705777730476676	-0.045235176110256445
X940889	-0.0010553084555749992	0.00199215584881541	-0.010767590571503297
X940892	0.018784662104679713	0.03339497181934691	0.034189805043570554
X940895	-0.016077635402218807	-0.001799031308756076	-0.0010433838830071296
X940907	-0.009506303220878845	-0.00010240145771995773	0.04517961506337279
X940912	-0.0006949790585397184	-0.020405398907076776	-0.001698466856026553
X940917	-0.02188537157242146	-0.00582138826816874	0.0004852535728363708
X940925	-0.004542495460112068	0.06650189437389617	-0.09016811640244954
X940936	-0.059388070044541684	0.01053710709638571	-0.07038505613181624
X940941	-0.030948177708127467	0.04216589290106506	-0.008302905442916479
X940946	-0.00564994665801396	-0.006584023427060012	-0.01869480805334872
X940961	0.007239034787213996	-0.012148833988527378	0.009954604260283275
X940966	0.01130639130479251	-0.00954290470401927	0.004074413110725138
X940968	0.012238647930673247	-0.013401481677425837	0.010910172455727452
X940984	-0.03887522346366942	0.0005224376110129689	-0.0002618540317586552
X941001	0.012910486796629752	0.037043918804332776	-0.026149003665340325
X941014	0.007833517064024903	-0.10080354316992102	0.009072875814362759
X941019	0.002049055596815712	0.0038005451320712947	0.029331950474007395
X941024	-0.01657276413356186	-0.004751666063292619	0.010198594352716115
X941028	0.012918785393956257	0.012274996640344971	-0.01304747103864499
X941037	0.0937360450318478	-0.049753776601250264	-0.07769144041047886
X941043	0.021210479792683385	-0.012119082101313607	-0.03307244595511999
X941046	0.027059755954270546	-0.00932287162207757	0.006373132831000966
X941049	-0.006020563826682665	-0.020833281767394223	-0.03464623934750461
X941051	-0.00946098302867078	0.009754502319720193	-0.02273108258651693
X941066	-0.023857730712030442	-0.01859712339917996	-0.006079118424544027
X941074	0.012367684228320863	0.019373482673248694	0.003561414291383617
X941079	0.01248788350127281	-0.002448911536209832	-0.006743130119975269
X941080	-0.018745084256105337	-0.037504523728941946	0.11128936092534485
X941091	0.046779904176389074	0.0210119280996576	-0.02003784088941394
X941095	0.025600568414434362	-0.016285254747851592	-0.04134420268769377
X941106	0.020159772350479867	-0.005781448827588011	0.012959130338944922
X941118	0.0166440213829573	0.003440632000550681	-0.009305084651292681
X941124	-0.018694165718506874	0.05833887816264612	0.013345726571728842
X941134	0.006586384962790618	0.00955586874444233	0.005687441592388945
X941144	0.017606727438834475	-0.019363177702197476	-0.015371877350433527
X941153	0.015357952657770011	0.0036752982062178636	-0.009335747758265312
X941154	-0.0057393742617638435	0.0062084882636011035	-0.010809235975260704
X941192	-0.07923137137387545	-0.030466217028350423	0.002079232657245136
X941202	-0.026386976830464315	0.00844817503253083	-0.010864822381306708
X941204	0.022483391399121665	-0.005610069587335267	-0.009340240371952099
X941208	0.0376747725350344	0.0022859126100353397	-0.0496108028627707
X941241	0.05776668637929769	0.03233059063776858	-0.09927749300425155
X941250	0.0401224453790301	0.007793862336265207	-0.005219090926427038
X941253	-0.009998437618294068	0.013710887236079806	-0.012837111037658833
X941257	-0.028127434415398465	0.016558551661986477	-0.022487847663418922
X941259	0.030678033384734675	-0.001258928793211315	-0.0025752190761772166
X941265	-0.06699025158461332	-0.022105953964030433	-0.0011628850291127148
X941274	0.020920357032594695	0.01327048259947877	0.02298583926087937
X941308	0.022416261577564045	-0.005445789977333375	-0.0007212323922723689
X941315	-0.012802665387627303	-0.012498702750704645	-0.0075751588034679036
X941320	0.004963327035601324	0.007718165089836383	0.0036820790599270095
X941321	0.012264760368674564	-0.024255009001256007	-0.019648811761400736
X941367	-0.04074683040092691	0.022489545002709832	0.0031377553775332684
X941373	-0.015538257235319057	-0.04082706959657717	-0.0023722101953315947
X941384	-0.042336426788866115	-0.10565453288689444	-0.0020530887653178015
X941385	-7.979574537096111e-05	-0.014243356195409115	0.01444144889763416
X941392	-0.030446342273679067	-0.16775353003256752	-0.00477231194981415
X941398	-0.06635801307530492	-0.029273368169153456	0.008617422224876306
X941404	-0.01223728701708785	-0.008288016276952156	0.006743802973878804
X941408	0.019014958423267652	0.0013024975628332452	-0.0025268281199604292
X941422	0.023477725252420003	0.005885612485036386	-0.005618128240424755
X941439	-0.007231445720563758	-0.007976194277099875	-0.012110435885641018
X941445	0.040583934500202354	-0.05085228553852735	0.0024929496674436654
X941454	0.009766725684665451	-0.007822421011840134	-0.011841806764300702
X941460	-0.06259675258334273	0.05409177846859155	-0.0354069796561
X941462	0.029512062350240908	-0.01803512096759251	-0.005793961898657695
X941464	0.014703298334087919	-0.003447807812931499	0.0009654178566824713
X941503	-0.006661738974584573	-0.011048652849432744	-0.020374291793350745
X941519	-4.3485917398549645e-05	-0.0021741220895231442	0.0065341896241032475
X941530	-0.01698209877765542	0.014463487813453312	-0.017148121986608325
X941547	0.009588482977629488	0.0053754346466554775	0.00793801878317667
X941582	0.03836386206021202	-0.05928771718344535	-0.06125150924574406
X941617	-0.005440132424753584	-0.011129457632576452	0.011357965691399066
X941623	-0.034594664550827436	0.03686320830033244	-0.05666818832203174
X941624	0.015820289495408445	0.0023201785262553015	-0.005193541286653833
X941639	0.005757851392986952	0.01418464145551563	-0.012377555508474396
X941680	0.006999200137528852	0.01670995550647502	0.03193700878325443
X941684	-0.001197204817243341	0.026481115035633683	-0.00035470431156410715
X941709	0.038346992524041314	0.0441891268324356	-0.0017575701729925517
X941714	0.061887497766530214	0.002676766916651382	-0.05984535728217206
X941715	0.0015484361275638603	0.014269182573002305	0.016921708971808495
X941738	-0.0015154389114174613	-0.016836899863062027	0.003930236217215752
X941759	0.012014354056805752	0.022990327882042222	-0.0377295859721658
X941772	-0.0022650170793268075	-0.011272968415342475	-0.07361734070765627
X941774	0.03342369472548473	0.016524154479255142	-0.003938446884536833
X941807	0.013255328071468763	0.033646642840747414	0.03375600794910356
X941813	-0.02217321080474457	0.01932653287401062	-0.03503698996477548
X941817	0.026040823827796808	0.019220621779788342	0.015924902293151966
X941887	-0.0042250785972807155	-0.02636658971285575	-0.017154147356465407
X941902	-0.002573971128568248	-0.030861916705546524	0.01934318271960249
X942011	-0.007989377658605513	-0.014730064050173512	0.0019022344531919662
X942026	-0.00577941701310229	-0.03168997332773251	0.017173918671539095
X942039	0.01955400113372522	0.01510116458624372	0.003415063909183876
X942075	-0.022100337819110152	0.02434585868378629	0.00885185586673978
X942094	0.007506354803846666	0.012227051362388754	0.014018416987316882
X942128	0.004426274608837181	0.0021515383567795613	0.006880832105747298
X942191	-0.10351523989404698	0.06865666047553637	-0.030762209846484558
X942237	-0.0006115557295767651	0.04320255668908459	-0.06278127267642288
X942303	0.033687514906692334	-0.009274246212397424	-0.0078549607952652
X942319	-0.06519986297576669	0.006538284117675486	-0.08122379906404353
X942359	0.009609388947179762	-0.0002650846071717401	0.016622964220932204
X942398	0.008551572874599768	0.0035069766637305915	-0.0002732716111614335
X942402	0.008147668847473645	-0.006848628469542046	0.07409636762631189
X942429	-0.0051692140689579055	-0.027654236532703266	0.02459546727912645
X942467	0.025769298550909755	-0.007282438590402107	-0.012562817133875253
X942487	-0.036453947764820686	0.02282918211825357	-0.01612744059429727
X942489	-0.03782010155250021	0.03765783671328699	-0.026738935245062035
X942490	0.02835773007392777	-0.022062949370170618	-0.025470878901501775
X942504	0.024850542541270695	-0.0037429523613875947	0.0029867799191386694
X950002	0.008214436166344043	-0.013550416030873935	-0.007971629079358057
X950003	-0.0013556569963830457	-0.030994625801664896	-0.004048317358013161
X950005	0.0077743855156710805	-0.004103199924895659	-0.003599816402341317
X950006	0.002900872802551122	-0.009684375820462582	-0.01185659051461862
X950007	0.025495273700780037	0.052736299406521636	0.05999586634625983
X950008	-0.0015186537346623694	-0.000408440521947076	0.028941237523123522
X950010	0.016838629978882386	-0.0018263102076923393	0.002921362071452698
X950012	0.012331733166027958	0.050732617597698176	0.04957539602355104
X950015	-0.004355478601204216	0.002196788005540427	0.020719129818201083
X950016	0.020022025260775914	0.0034200265883496546	0.0020491319435987027
X950017	0.008555644758240435	0.004026669792043303	-0.003072860665006071
X950018	0.013671253772532387	0.009178358481672063	0.0033452960316254815
X950020	-0.002609050112091488	0.004411203249726789	0.006287731582440464
X950023	-0.09442267380701867	0.06281672691032852	-0.04899827954478209
X950027	0.0002748075166224298	0.0002000611419070928	0.006397202925916233
X950028	-0.14327033409714268	0.06534749939929244	-0.024441081575602572
X950032	-0.00041618552012331975	-0.008157010472402157	0.005903335696787159
X950034	0.011716868487698243	-0.005325093467134944	0.0026255168186975534
X950035	0.0066364239850420885	0.009164551077087437	0.001309439379324206
X950036	0.011877589218035462	-0.006011049803823614	0.009026041796886956
X950037	0.008718555277392678	-0.0024551876076260555	0.018304076867034634
X950040	-0.0038319076389721203	-0.01315997792228812	0.004503652489481565
X950041	0.01143034793644548	0.0024417193089053316	0.00298360464541995
X950042	0.009771308735955596	-0.0017317085523303704	0.01449162801309118
X950044	-0.004472504405110851	-0.008186667455476198	0.016391569738946954
X950045	-0.002432444295453651	-0.010916778116785172	0.017136609580551156
X950046	0.0009664550489338365	0.008501824170510876	0.014351007571740513
X950048	0.006146079631101061	-0.025174517437703537	-0.0017560038217770775
X950052	-0.033804564673582865	-0.06972320214081996	0.022920615715703505
X950053	-0.0024689679165284177	-0.011873874505147116	0.015786168407619247
X950054	0.009933973960889323	0.006030854089496148	0.004806635127226815
X950055	-0.004615194311538919	-0.023692836032033808	-0.010793699857184728
X950056	-0.1284347196411602	0.05644049136296843	-0.020492305168615797
X950058	0.04804273896816227	-0.06780757380271402	-0.055199351385988416
X950061	-0.004354307496904352	-0.003166776430336841	0.0224990476185532
X950065	-0.0046675989898512776	-0.01862444339988204	-0.0051772030694834355
X950069	-0.0003724756117966844	0.009631303554593502	0.012542204579820256
X950070	0.01537266906192241	-0.00264524424114149	-0.013754857273455372
X950071	-0.008906430317929141	-0.004703021688527916	0.012426703509671469
X950073	0.03677645983822246	0.0358944064788357	0.03153244606673467
X950074	0.009707649759403875	0.004593320922921085	-0.0010609957000202307
X950077	-0.008410373670297866	-0.009035135143325343	0.005575176342036822
X950078	-0.003010212609408819	-0.012809516428452326	0.008544037780871892
X950079	0.005434120113167661	-0.010691783708441736	-0.00477954444326951
X950080	-0.0038073867418326962	-0.01583088570849383	0.0061850101021669835
X950083	-0.0007874600106750955	0.024417857220608363	-0.0007412017625160855
X950085	0.007127182547540275	-0.003608374031057199	0.0026576581189551728
X950086	0.0020754087517325993	-0.010751935598689144	0.005851022672470777
X950088	0.012527065587661484	-0.005448428943184509	0.0004083163768214138
X950089	0.02741569277840793	0.017365994105062992	0.011919310203628315
X950091	-0.013912942591902629	-0.016917763949492133	-0.02077738106696631
X950094	0.05363839317835273	-0.05081464235276768	-0.04106877256042016
X950095	0.017957166635816833	-0.03607823420736863	-0.01174465896489455
X950096	-0.0016262518934364353	-0.00676182614567145	0.006029908452563882
X950099	-0.0021335449359020427	-0.021765138412140363	0.062470027153840736
X950101	0.012917692558174697	-0.010515512614358829	0.003722505818584482
X950102	-0.02010211979786483	-0.006112139493118886	-0.00873503127768088
X950105	0.012978757387925621	0.010283377372703729	0.017662789310200742
X950110	-0.00018005707354615234	-0.014517577973845236	0.006655518576242449
X950112	0.011906730875806057	-0.00715454467161391	-0.008295762919658223
X950117	0.012878195827390719	0.010334811386279272	0.009655950444456015
X950119	0.0015361294304585638	0.008378325297485986	0.0017726988208418854
X950121	-0.005510403452252065	0.009791981841549266	0.009697251201333582
X950123	0.009292855363677662	-0.03416317354495846	-0.01273622122203112
X950125	0.01638254228768396	0.01931906165101594	-0.0015473908344981388
X950126	0.011182955922358342	0.020782315734213738	0.0059179103092540965
X950127	0.019409643138380533	-0.02876243581823303	-0.01387679196047303
X950130	0.018125633075935434	-0.011131720725619462	-0.012523005219326514
X950132	0.016812376132126036	-0.0027008659539667457	0.0009444123969690337
X950135	-0.004233311093179911	-0.014654072417543716	0.01187119285262743
X950136	-0.05714971716444803	-0.004955169601636247	-0.06644017917744927
X950137	0.019199040276937154	0.023004197572998594	-0.00875835304135772
X950138	0.00387328945222291	-0.0016802082715715464	0.007099170331527808
X950139	0.00010157279987963111	0.005796695246024484	0.04071693318888752
X950141	-0.0015339706221374155	-0.0016133882333311796	0.032075631910541816
X950142	0.0004752981752647794	-0.0343210055882017	-0.020035632047530363
X950143	0.006483281031019426	0.02068877878685157	0.004414330677218945
X950145	-0.00617454777686618	-0.0023399064046684777	-0.0024018443170172135
X950146	0.0115296905204878	0.008581671155976644	0.0008574455891702697
X950147	0.0006503061496277334	-0.017651392857899607	-0.01926469260642992
X950148	0.01468711897374145	-0.04089829854879867	-0.030641597320628124
X950149	-0.004305944299539938	-0.006579111804404566	0.019380726481175833
X950154	0.002246678314475885	-0.005738092999132134	0.008457297233793452
X950155	0.01182137910124009	0.021477262989270995	-0.0016779624087085725
X950157	-0.10708062150151969	0.09490969092460559	-0.042530567115010014
X950158	0.0035831539720326652	0.0015469467547233565	0.008042573077465056
X950162	0.008842414181337431	0.00372751827794959	-0.002602679425161547
X950164	0.0030283028009412817	-0.009698088341358015	0.005000892078525161
X950167	-0.009543653239313643	-0.02988709164157326	-0.010434425782323013
X950169	-0.014655196966082718	-0.015394140270999992	0.010934416088718906
X950173	-0.05637092980002224	0.06786370295270829	-0.01819513719497493
X950176	-0.0021823238797903204	-0.006233219825928652	0.005876794884008016
X950179	-0.01874490649429801	-0.04354860641846788	0.007585525275678312
X950182	0.0049230508989801325	0.0004905233501703228	0.0021968465687254002
X950183	0.028331637871448042	0.012926055922591016	0.02573058347327742
X950186	0.02403203216738502	0.0163109249649623	0.018129026407506462
X950187	0.00880994617385503	-0.001853798432182472	0.0028701258389533008
X950189	0.018846575454284448	-0.024188129119254876	-0.009882189880127118
X950190	-0.0408587543529623	0.03788921661349301	-0.0630688451471011
X950191	0.0031660882713314105	0.0016911038210960464	0.0037904100350656636
X950192	-0.05021906677543275	0.038927711697039666	-0.035382260295162164
X950193	-0.06896917685622005	0.035901120312841726	-0.03175189992983309
X950196	-0.008425522539049586	0.028869760291693646	0.002851043682582733
X950198	0.014313338939245667	-0.003349769549916409	-0.010506666894347729
X950200	-0.002436600544832547	-0.01085232261434672	0.017509999349909617
X950201	-0.009350896878328449	0.002325605160928232	0.002238748288750618
X950202	-0.011555575509265545	-0.0031655183145091604	0.01200765703510086
X950209	-0.0001973531734808758	-0.010887229893019334	0.004650943151732087
X950212	-0.02903784408981499	-0.0033117323354396357	-0.04029903552684886
X950214	0.004196354299714985	0.0015134322148541986	-0.0034945019346913964
X950217	0.0184432721704759	-0.0007412055081429233	0.0054469300407418274
X950218	0.01138497360352204	-0.000540217186326041	0.005781106929320622
X950219	-0.0078035462827520325	-0.019716548151458013	0.010582596263502702
X950220	-0.011625292613803458	-0.027019126353208817	0.0007837886370836541
X950223	-0.0021223514726914326	-0.009203092874007864	-0.01597495735064364
X950225	-0.14454984342699156	0.08040342990960185	-0.03267958513166974
X950226	0.013791084852610552	0.007114000481855344	0.002309376404910798
X950228	-0.11045691211530702	0.05645866627207514	-0.05869531229257399
X950231	0.007572198670151533	0.010739342282336596	0.013335018943712204
X950233	-0.0396952968598881	0.0338147049289131	-0.04707287767716221
X950241	0.009893293817907989	0.01665864743138392	-0.0032701747511288217
X950242	-0.0137212828849434	-0.005477340851806733	-0.01143593975573627
X950245	-0.005887240129715237	-0.03731102784049247	-0.0012144274918288094
X950247	-0.009096226338728378	-0.02291507316237381	0.004017196328975109
X950248	0.007867778178869711	-0.007713394544958568	0.0009828572171098064
X950249	0.020434087367637865	-0.0010913665436068352	-0.0022401068817579275
X950250	-0.01148487632761211	-0.0021395379322848044	0.04038018065595164
X950251	0.007793385812326389	-0.005989105211135869	0.004083550859608135
X950252	-0.011115796567675739	0.01263087587216376	0.012750669676113865
X950254	-0.025699952371653692	0.05246482887909243	-0.02922365063987434
X950256	0.0031947267827128847	-0.02453921809831293	-0.0013629954812770496
X950259	0.00823221675130925	-0.0028261769559580533	-0.008806902673726608
X950260	0.0231171837677817	-0.009885911586554325	0.012482045711803598
X950262	0.0004373443039316945	-0.0005567592244702239	0.06707140587492676
X950264	-0.002317412009602217	0.010225064610930413	0.011325574956686771
X950267	0.003985443186939932	0.006284118071221764	0.011264632099007578
X950268	0.01797819127927262	0.007202525826412787	0.009558435437755879
X950270	0.006658424263924631	0.004912112263211355	0.010396372987518958
X950271	0.004831183078517326	0.013256708872382315	0.006082708100152223
X950274	-0.0009786064653721789	-0.0053870325726905754	0.018958715344343523
X950275	-0.023641143119978985	0.004686108839513949	-0.0119390274212979
X950279	-0.04729273785776853	-0.021441129042841008	-0.011764236544901607
X950280	-0.004644836225007538	0.006016972270645308	-0.0006191473669948993
X950281	-0.01179511440102743	0.011667933460933986	0.008507461461870662
X950283	0.020924002493225048	0.014853639790202239	0.0032680990408815043
X950285	0.004062231657996689	-0.004322242249717976	0.010459599883142094
X950287	-0.003713136557526248	0.007079543894339492	0.000940524320220659
X950288	0.0005641670490447286	-0.014009919343597025	0.009214143997685885
X950296	0.0038313684861705473	-0.017419630187122077	0.006614106586964835
X950297	-0.00279947577618144	-0.03615077815143081	0.0023430782064054003
X950300	0.007908012119134807	0.0019571440340693464	0.0254966098680326
X950302	-0.011133208557877153	-0.0477475151250956	0.010174070363942333
X950304	0.0174116352734363	-0.0013410977283162108	-0.009089217936427984
X950305	0.021472391214531518	0.01397532480837428	0.00439257139323767
X950306	0.01321309098366606	0.010137002721583209	0.008987790783329848
X950313	0.01668809012107675	-0.002189566695814999	0.007797012485031499
X950314	-0.021975109980146474	0.0028227739729657416	-0.02864638842943357
X950316	0.007595290221381567	0.006871745609275698	-0.007309031742351853
X950319	0.015575160195498079	0.004021434944895456	0.0016171236938265336
X950321	-0.009228166311461079	0.020341078968550204	-0.005054653462048837
X950322	0.00886344277419427	-0.02438955307045338	0.0004066551305249244
X950329	-0.00021343019946033022	-0.021511883816608485	0.01050696771609632
X950330	0.0012901347982920185	0.008802860777042147	0.007833229149714389
X950331	0.0001472471172960362	-0.0040410484497790744	0.02000364335608404
X950333	-0.004507901527522611	0.022829431064228682	-0.0029706040670148827
X950340	0.02524743200561195	-0.005259221032158144	0.01062222108508762
X950343	0.00012321219332476	-0.008551374941061595	-0.0016096044261693844
X950345	-0.02074752349552274	-0.0031327122891943704	-0.005842322423970876
X950348	0.009289713705585458	0.013202107375834488	0.0010253343965739073
X950353	-0.0004775272530304566	0.005108609244448989	0.007647578571664468
X950355	-0.008264750982564028	7.405342494938366e-05	0.015941372191000197
X950356	-0.03574145049034086	0.030488551269391026	-0.03455569527847606
X950358	-0.02757356099580923	-0.007412092789717047	-0.03507184979787926
X950359	0.0034341550066698348	0.003816115294574186	0.014353422783474637
X950360	-0.0021859254453520864	0.009087793526892249	0.006361257031902955
X950361	0.0021412058923589105	0.00506112640999453	0.016195609229231737
X950375	0.015118382727236306	-0.010231699407381958	-0.012977678045859777
X950383	0.016852683809512808	0.00399251907399328	0.022831603864055226
X950389	-0.015653668422226548	-0.0045633721873220776	-0.005012085415492822
X950390	-0.007200528805812944	0.01134386575628602	-0.0007482246314015317
X950391	-0.00165546722402316	-0.010580288219631044	0.008766364380383264
X950392	0.005695989992878933	0.0037417632436890975	0.009724246513650645
X950396	-0.1961352899499489	0.07580694538753494	-0.026514940273790914
X950400	0.013586950849408204	0.016922990041030532	0.012717260127392884
X950402	-0.0018797558532934813	-0.004035295557210175	0.017719566292721867
X950406	0.14943832566529577	0.09170733831307337	-0.08751001402882942
X950409	0.008133614438429233	-0.0005766135342243626	0.010348791257812892
X950410	-0.0017645274386951474	-0.014479644703281877	-0.014918696560136993
X950415	-0.04537625500979201	-0.01430573228078799	0.03049604988470387
X950417	0.009990458757153677	0.0006427491259689743	0.00599009415343482
X950422	0.009625466483808982	0.002313502681300306	-0.024005349503586616
X950425	0.02828197289507312	0.004117079342027808	-0.005244340822570045
X950428	0.030983844505090237	-0.00762742912149555	-0.011926703648640529
X950430	0.00399630872371184	0.0199959746381614	0.005361045189248789
X950432	-0.0020313983751656544	-0.013182778962126456	0.008027964355007676
X950434	-0.00442355441963822	-0.006134229588878626	-0.0002869213963419333
X950439	0.002171165094103577	-0.004270974376550148	0.009057448760430008
X950449	-0.01777914179242888	-0.006448179957059053	-0.010524570385331245
X950466	0.0009029254565368564	0.0075716030636028345	-0.00016269092004231556
X950474	0.008932066039497822	-0.02030253524598565	-0.01149685745910521
X950477	-0.0027199500997823214	0.02933559869857215	-0.0163950418261566
X950478	0.0040559083353469	-0.003687172354950575	0.0009445782928003266
X950483	0.0025642548377021947	-0.0043761007641861145	-0.01793845310541978
X950484	-0.012667717418409382	0.012093158569172997	0.0017896125753127162
X950485	-0.09532433392163728	0.08311482257630573	0.033600994228522016
X950490	-0.004554639311557526	0.013472475905347525	0.008115774900712644
X950491	0.004878727622833058	0.009635752638708157	0.007736351108568604
X950503	0.011611296886907036	0.007033808299198526	0.0007002577031057391
X950504	0.010668646819377075	0.0032825717088735993	0.010447868534725718
X950509	0.01515396327575214	-0.0045330908345402494	0.004113344380382285
X950512	0.00046230486800258785	0.011880748469080474	0.0015296160040022546
X950513	0.010461925184990447	0.0035409460484134895	-0.006272091864021696
X950516	-0.008168267297637366	-0.012646785631027458	0.012333422431544862
X950517	0.0005058158067152399	-0.013204646711715253	-0.013653273540463582
X950521	-0.014229010033302045	0.00420335567298289	0.0017906562569365877
X950525	0.003784735609629187	-0.006156027893587004	0.012852425850169
X950528	0.001014069643860447	0.007530853842132273	0.015237945602484676
X950535	-0.007947138698714202	0.0013815202447361608	-0.0002374726018778083
X950536	0.013094652871593308	0.0013664123348065655	0.003358201632152415
X950545	-0.0015816711187898098	0.011634498982260657	0.00526924725874262
X950548	0.0007742835680436922	0.01910802668455303	0.026349633703586922
X950550	0.010761887662956889	0.0003615758257629741	0.00595044485830605
X950554	-0.011114949473022164	-0.03253902992128261	-0.037978433390000114
X950557	0.0025190261671730442	0.012199188692010662	0.013348829391585514
X950559	-0.006049195807518855	-0.00669091274853538	0.002447036515391973
X950563	-0.003955235000595183	0.004177540892719868	0.011590456823211559
X950564	-0.008144356044428857	0.01575740627994848	0.003145479846885536
X950570	-0.002004951679778427	0.011740800249081322	0.005628905511207203
X950571	-0.0410172072308519	-0.0127366940114748	0.040546918169652155
X950572	0.0048373019113656665	-0.0004214762279750886	0.011184812123180404
X950577	0.00976931242079906	-0.0021159937441905157	-0.001305843962942174
X950579	-0.028220497002192303	0.023986817777418172	-0.012916070650537145
X950584	-0.01590844667988894	0.06381943795848675	-0.06567157580397441
X950592	0.0016436875217617278	-0.003407909996124689	0.010257864621136951
X950593	0.004093124754352161	-0.003887234075868782	0.005019473535879308
X950594	0.01789705022494194	0.021288658297866254	0.011565005344362176
X950598	0.0061968230447605405	0.011611800405724288	0.006783367489385497
X950602	0.002814894860344767	-0.006723632157186172	-0.00045559952625895037
X950606	0.013684772133573607	-0.014937166331062077	-0.02195332022477142
X950607	-0.002362663244182025	0.0074966633469329405	0.016318841338231364
X950611	0.013344262967935479	0.003386891655485173	0.018130040807479476
X950613	0.02083093601425041	0.00788853908091743	0.009177245641672096
X950618	-0.004919583284304034	-0.0034174609911881365	0.021097178536308398
X950632	0.009033383811401166	-0.012888156528995918	-0.0008417469001810162
X950633	0.023707253318351752	-0.017962762776032464	-0.043561758771934855
X950637	0.008125851855072216	0.008643511920088777	0.011344713928233718
X950638	0.020244716523839416	0.00775496372593489	0.013238368767969765
X950641	0.013427538479715402	0.002428138808489972	0.010124777038777594
X950642	0.006546670239305909	-0.017756357122547268	0.014490623671430718
X950645	-0.008481162782679052	0.00856621919452987	0.004148751530128213
X950649	-0.005415663081755602	-0.011146619369564714	0.013729595735498782
X950653	0.02008761431976858	0.000317387986340862	0.004068184063452069
X950655	-0.018433428123161323	0.002645482414959705	0.01750030326111137
X950657	-0.008404541933821692	0.041814480054515185	-0.023878378729592177
X950661	-0.0159720183086269	0.06695585080188231	-0.102460682031269
X950662	-0.04469469520300208	0.01205065132234797	-0.02579236525692606
X950665	-0.006573293662077369	-0.006766956049986189	-0.001579932051910103
X950668	0.01396815712932078	0.0037591099808593695	-0.008230970450325479
X950675	-0.0013735328913751532	-0.00497798309137554	-0.0028550226227272387
X950677	0.00017449042052911204	0.0028834214418041572	0.0067325352510432795
X950680	-0.01124517594497466	-0.00397609969805885	0.024530245417588404
X950687	-0.03288167128996126	-0.00510630482240718	-0.004484846344371961
X950693	-0.005197700073929339	0.015406049749962947	0.0027393232458024167
X950695	-0.0055958156443343945	-0.0004926262296187943	0.006957462692918319
X950696	0.015974984902939002	0.0017777692786023194	0.0015342764689142438
X950705	0.005579191645007084	0.005454630428847634	-0.01012973229320135
X950714	-0.03355148734104147	-0.13161095241624376	-0.08103532977763031
X950726	0.014865930707869969	0.0622742819764714	0.052313463528856644
X950728	0.00661804656150412	-0.01601161634947693	-0.0734139713749754
X950732	0.006561162564946114	-0.00046548519230096673	-0.0066359026601722545
X950736	-0.006074615455940127	0.016780892666513714	0.01617328293329575
X950746	0.0006023166525175	0.0021362374340940724	-0.010634906550303923
X950747	0.006490721794054163	0.016271495832960274	0.005431933288557977
X950752	-0.005347712478727698	0.0055880553899123235	0.01576413586639534
X950757	0.014596676186090106	-0.009828113767603161	0.017385892768981663
X950758	-0.0016045508953455847	0.00364834436741115	0.001642858424613773
X950759	0.010285655889230211	0.008382325202592009	-0.002290453767039192
X950766	-0.0030209160536011567	0.009165613283300577	0.003192390192033597
X950769	-0.011778741560348275	-0.055046201281667005	0.006289698683577854
X950782	0.008540298823487096	-0.010974495915748056	-0.0044804753870319345
X950784	0.0018903368912855773	0.008693586268055019	0.006301764868160935
X950789	0.008104712069265217	-0.0024069483659104377	0.00119644556140874
X950796	0.010222991260224645	0.020262046179880117	0.01356747032015737
X950798	0.02804702831623827	0.010322598399030282	0.008081270693147458
X950799	-0.014684535257086198	0.009703891658293438	0.01132050317864706
X950803	0.016427737436312376	0.011668461507226006	0.01498141075137009
X950804	0.020207143490159785	0.007252567770462064	0.009516725899769502
X950809	0.014003149906783577	0.014689023114037896	0.01036234228545937
X950810	0.006326682772586795	-0.007930855945600035	0.0015680874079245096
X950813	0.01523570782570935	0.021158474718580025	-0.007150608845626433
X950816	0.007407693921599646	-0.018043816288151555	0.026366856724276497
X950827	-0.014643472132559631	0.03587289954384392	0.021307289586119087
X950838	0.0140633574679835	0.019421673109159744	0.0069002201591571374
X950841	0.015453559202682076	0.016334155023752003	0.007128196215097892
X950845	0.0434528467265779	0.023281463436614205	-0.009894136454862177
X950846	0.009407295158044596	-0.010613707562375022	-0.006122918666360709
X950851	-0.033096380016838435	0.028110197480456765	0.0044515263576452154
X950859	-0.021275596996423222	-0.01186572466066447	-0.0028757114397007684
X950860	-0.04327204150432877	0.016161752056788367	-0.018427797526558366
X950869	-0.013163068380750537	-0.0035422786852440644	-0.005151041781612276
X950873	0.003929813727786711	0.004193732614834766	-0.0037275926230058484
X950900	-0.032521356255962044	-0.004132120634351908	-0.03566136234006307
X950904	0.021298294843783497	0.0032805520242279117	0.0014586723621529182
X950906	0.007380652036173138	-0.011542853104312554	-0.00230651744335562
X950911	-0.0008266918569881204	0.010644864798552728	0.01907423008322892
X950914	-0.010774494122704533	-0.017739178706943724	0.015985345987774534
X950921	0.026578615808828775	-0.017948691013410154	-0.04660055557237506
X950925	0.00512029671897856	0.011338976101294536	0.032319623510689205
X950926	-0.029459340020662226	-0.0037275628888262372	0.0011423490248644516
X950929	0.0009600437648883424	-0.020721036643796632	-0.004646376216629836
X950963	0.025228074730397513	-0.00087734930438724	-0.000994456900071798
X950966	0.00500689712899184	0.005263623020287613	-0.006758115413841313
X950968	0.020471117290099428	0.028099815534943486	0.02603067878245291
X950987	-0.0051990349713565386	0.0073188933242964325	-0.005208312175352858
X950995	0.016316981194067836	-0.026768838453424117	-0.00606199421913991
X950996	0.010135825377577876	-0.013663082041404514	-0.0037237310826082988
X950999	-0.05682549011836491	0.054894968356055784	-0.01515659380600677
X951002	-0.008594692779943824	-0.009551482996052832	0.0017028795469534188
X951018	0.012036296952868557	0.0009920728165637078	-0.025862371646238818
X951019	0.004680333721040877	0.0051182172658240715	0.023485544668159497
X951027	0.020431754453363336	0.030229554960014587	0.009746912233324403
X951030	-0.003021323251932643	0.004233038088701627	0.029470939319846443
X951041	0.013243379932504606	0.0011051799163739396	-0.009270185240334218
X951051	0.01402612284654062	-0.010101223900400308	-0.009092930739512058
X951054	0.005274945978265478	-0.00390309361161315	0.004578722095628234
X951055	-0.006903090597391549	-0.0034216687265944193	0.006864513002494876
X951067	0.005991106252728412	0.0037702019746922123	0.008755672141305992
X951071	0.018611562974457315	0.005336099370206768	0.0023299680882390666
X951083	0.0013475708965471176	-0.01951512220702226	-0.0097284465226293
X951085	0.009566844007188016	-0.018370152539948222	0.02635643408048079
X951115	0.00024183899794007264	0.006994780653038236	0.006439044190703643
X951141	-0.02820395797568378	-0.03541407409119692	-0.032340291145961805
X951144	-0.0237438373803524	-0.014761700905861163	-0.006893572294439423
X951150	0.020485229694298772	-0.01184190247859538	-0.014960556196553178
X951151	-0.006870039715332516	-0.01876400109433957	0.009094579637533677
X951154	0.013142393718706763	0.013709510485159655	-0.00910938563511668
X951156	0.007792663515848029	0.00849410784180304	0.0056177044525193
X951162	-0.005243736265850983	0.0010872775752322594	-0.014188791127273843
X951171	-0.0030292385336663026	0.005556075814422534	-0.011196379102777763
X951174	0.004509095316267315	-0.012456946955537165	-0.00102711093598508
X951242	0.0024781620359335898	0.012136152815106301	0.008890915109535099
X951273	0.0071623317606745495	0.006535914816416214	-0.004869794625659812
X951284	0.005885114610477892	0.006828835032001016	0.0032828695858649224
X951317	0.014604131276855009	0.01744220470205862	0.0070772228232576844
X951318	-0.006675200529456865	0.01560712424813789	0.0031846097488641956
X951322	-0.0010960111236266261	0.009356359117428565	0.011918493460740849
X951337	-0.015423703728228533	0.011438448247811678	0.006285877343073004
X951365	0.009267210342794001	-0.008669376723159622	0.03072165766384543
X951409	-0.039375281488952224	-0.004383889129006386	-0.019044188224908207
X951429	0.0040377530366437564	0.0007984025378082514	0.02136040548879715
X951457	-0.02194977387159321	0.020197964548669445	-0.012564752506302533
X960001	-0.016755117993065897	-0.06282254651658999	0.004486154572095596
X960003	0.01674803376939193	0.01281051917195357	-0.01611309720291674
X960004	-0.032658008033114555	-0.01695284962734401	0.016291073414111068
X960005	0.007087357477470836	-0.0004523027168810584	-0.013054097172726797
X960009	0.016422874801022273	-0.005726991142686982	-0.01730798737508331
X960012	-0.004262013643373619	-0.0010275284025706185	0.005273966033787492
X960016	-0.006732564652409126	-0.014745397060031763	-0.025936149538380502
X960018	0.014571591051150346	0.035301584139790954	0.009220835634224373
X960019	-0.05323621979980184	-0.1156552814455061	0.0077825606426609895
X960020	-0.003861809706237759	-0.007316491557872856	-0.03025793458882509
X960021	0.02479617343057891	-0.006909006956729152	0.00872031621660317
X960022	0.007383890403222121	0.0016096553099105865	0.0015883531713097939
X960023	-0.013316465417144673	0.018057317408900403	0.06211406047348189
X960025	0.0024999656251922043	-0.0035124885309739716	0.010103345819367546
X960026	-0.006680768791594709	0.011798366314927651	0.023488698965531796
X960027	-0.0028906063683205147	0.014035195503368332	0.015870939683692388
X960028	0.006421022110675099	0.0032794357343956084	0.034594980323485756
X960029	0.02182301038535572	0.024291561820814746	-0.009693731640727375
X960030	-0.007792300965697156	-0.01930799630183537	0.005647428798582041
X960033	-0.01374331503490678	-0.04258632064750959	0.0011473926552984894
X960035	-0.06451155130529283	0.05025771995633403	-0.05400304992601695
X960037	0.0017344052120854244	0.04159382631949733	0.02227561438798434
X960039	0.014998236412670122	0.0005133269166354048	-0.005609620241507359
X960040	-0.012046596814399242	0.009771215809590056	-0.0308952685209841
X960044	-0.011101440535143678	-0.02051176966802604	-0.01104785471364578
X960046	-0.06352161892141418	0.03324157301781249	0.07317919793154243
X960048	0.033695867024029574	0.02015967123233546	-0.06334258960120256
X960049	0.0005839098591657458	-0.009137100213771662	-0.0015162906031896501
X960050	0.005828925551998255	-0.018319491115463642	0.005377969823170951
X960051	0.021950108691692415	0.0013796579845727626	0.009242966334491867
X960055	-0.007847752492855211	-0.023642426866453674	-0.004179224541297475
X960058	-0.0034358493319145184	0.0032935315785398364	0.00014685160432407132
X960059	-0.0150836387822305	-0.02580308215219741	0.004730629610765424
X960061	0.01087675566685737	-0.03960794751227962	-0.03082760978318455
X960064	0.0008237609720631494	0.003608067701848659	0.01352575174433758
X960069	0.014655187403925008	0.010132196619980141	0.014474136400322775
X960070	-0.0022245250036467532	-0.006494129297185649	-0.011947852451487547
X960071	0.0003894526571994649	-0.018327619818221428	-0.005747415941845826
X960072	0.0054748207986711	-0.038894274108083354	-0.011050400770527775
X960073	0.01515236615757877	0.017813725578728668	0.025095408966055593
X960074	-0.012030233668485981	-0.028814603554891363	-0.007974822729232502
X960083	-0.001671846037009299	-0.0029429736235316527	0.0031489442712080633
X960086	-0.09615963772800006	-0.024815778350578053	0.03855965501062324
X960090	0.008422076179406544	-0.02329308237200357	-0.011401140485328018
X960091	0.004675725501836815	0.01827578528923175	0.0024092555350716093
X960092	-0.0005526467893392677	-0.04215426670461799	-0.008377742029774276
X960093	0.007203955412176174	0.01340972944093124	-0.014714475006913716
X960096	0.004475681629244498	-0.016107102422122512	-0.01459988431521912
X960097	0.002198147475227282	-0.004068643146547169	0.008923962854584187
X960098	-0.005191782856939508	-0.008051042157938249	0.007744030581710038
X960099	0.01460864715309922	0.011507863124610607	-0.0038211721164506654
X960102	0.024840873338047437	-0.003575279643489311	-0.019128768642626
X960104	0.025922976007349878	-0.008948761982441657	0.0014746606293783802
X960106	-0.013453868474770413	-0.002729480931612919	0.015955485167314168
X960108	0.002193225598609009	0.0055275167238698145	-0.0048600988877425585
X960112	0.002204580937640328	-0.0016583935673285808	0.010206104883123627
X960113	0.0032031255514990897	-0.019024532563227975	0.0001297681223191357
X960114	-0.0066305815457719935	0.0063477599249972694	0.01748206211586006
X960115	-0.011232967956904656	-0.008333499999411317	0.00548449389345906
X960118	0.03330840444221793	0.04082644336275969	0.05135661979390576
X960120	-0.0035483142732420214	-0.0070618088205343845	0.00016010103452920838
X960122	0.019375020223821423	-0.03664339497832822	-0.016307379476126056
X960125	-0.011780752393022904	-0.02381579532353076	-0.0035254659651162558
X960126	-0.008829979002490647	0.02672605085561135	-0.008621771757914806
X960129	-0.02021138767294687	-0.002505679388382222	-0.03704748479283844
X960130	0.009794139318590828	0.019791709422936517	-0.013192872389488223
X960131	-0.005203687964131414	-0.025120250029479277	-0.015499347262649201
X960136	0.016383243397474614	-0.015469905809155212	0.013028196160750584
X960137	0.009779601981194033	0.01025578985557223	-0.004112400198228209
X960140	0.005269104267260394	-0.020135626484489466	0.0022684683727185475
X960146	0.036290236608765014	-0.08362289768924344	-0.07213322711253672
X960148	0.01368257560834353	0.02614874880567999	0.006267919892250585
X960149	0.011780814529568098	-0.004319037979719504	0.0039844638458144685
X960152	-0.007690486633433347	0.026381935894804975	-0.00729455288498161
X960153	-0.0272837475695121	-0.012179512524956616	0.04055762006233328
X960154	-0.02439952424863305	0.0027906739462491294	-0.04902760727159433
X960158	0.029638793952132515	-0.05022001931544645	-0.0523741817755873
X960160	-0.010336556351621003	-0.011233283065248241	-0.03777337021370334
X960162	0.007009660634041818	0.008962229205184647	-0.0058795205580738
X960164	0.003956144004785451	-0.02155120505850549	-0.019676544935643636
X960165	-0.025848560457482548	-0.0006475965308321555	0.04070400758411814
X960169	-1.0742671097087057e-05	0.0024096548529224464	0.0012752535780984503
X960171	0.011064434790132634	-0.015266383124099154	-0.017396656605258506
X960174	-0.0052860670364930865	0.015907462194443212	-0.02648343868627084
X960175	0.002648559401325734	0.006489694032358952	0.0051396559507273535
X960176	-0.02606834154071898	0.004849955117628024	0.009525926118149983
X960177	-0.004822789178327133	0.007912300388160163	0.06730048940600568
X960178	-0.002286913383509276	0.022060734642870724	0.0004407894091309656
X960179	-0.011565839378930224	-0.009166289639571702	-0.002178600373340719
X960180	0.03518842837965997	0.029415032300393485	-0.011999036655653222
X960181	0.011373219120370346	-0.004480972445593122	-0.017355143942070654
X960183	-0.0031191839717783724	0.02185204989443247	0.02632907307386399
X960184	0.028091833149104108	-0.002800229067568956	-0.00621854153368589
X960187	-0.010828020629826293	-0.03819058900714582	-0.03392070353680478
X960189	0.08761997665309774	0.037870602996459335	-0.03648558061695951
X960193	0.02314506770058536	-0.030057235101647376	0.06630634127693406
X960194	-0.015525812525532045	-0.03048880587651271	0.039274003493246626
X960197	-0.008552344536332192	-0.0033636336837178835	-0.009464625573645387
X960199	-0.001895311434316678	0.008979982300367121	0.008773686023491822
X960203	0.010589784281140255	-0.00044240245051759973	0.01883267356189338
X960206	-0.02094929016523799	-0.06311470103678712	0.0376050094338981
X960208	0.11651835700993249	0.054036223382885	-0.028146888021998332
X960212	-0.00814096633854241	0.0032758992734028495	-0.015633898050508986
X960214	0.04190704774957705	-0.004799171450219069	-0.025485334484136594
X960216	-0.007004946032332347	-0.012286864129129074	-0.007987461898141186
X960219	-0.005727166259208825	0.02422353926488567	0.04630495475999401
X960220	0.0030359487286484464	0.011263503039420343	0.04124713505901427
X960221	-0.029834010266456414	-0.02967794342828616	-0.003993012288194634
X960222	-0.025325306100018905	-0.06090439698179834	-0.016239854122487168
X960224	0.002706785589439058	-0.005288614742055258	-0.0030178959823643713
X960226	0.03462526704117001	0.01426548883233807	-0.1227754310116848
X960229	0.008911481823373861	-0.0033559196163095487	-0.0030462041214985988
X960231	-0.011280026876361388	-0.03321172916503638	-0.025105585868414104
X960235	0.021485886315752184	0.00140640040413629	-0.02974640459296067
X960238	-0.02765435608552777	-0.0025101227767643348	0.012992335159296637
X960239	-0.013102011577225464	-0.06313591315051041	-0.011861109316715909
X960241	0.01757562631968645	0.0019816866612009498	0.0021509649836368755
X960242	-0.2541079407517774	0.04624297175857139	0.02529356123532421
X960244	-0.018531076886694448	-0.019901249859360662	0.015738763751312307
X960245	-0.03614907082920873	0.02098446529838171	-0.0014192533810555926
X960249	0.027586081015562338	0.0062846413608753544	0.00535351614179023
X960250	-0.0017233136780586183	0.0059365726787380495	-0.013759856884814108
X960252	-0.02323287890354949	0.006199984475154824	0.009792075664362666
X960254	-0.013394928607119045	-0.015047768809094185	-0.008511184054247379
X960255	0.012815244372124009	0.002233508454872455	-0.007757837412146316
X960263	-0.00029336662083913215	-0.011385468578774826	-0.009070152783965701
X960264	0.0023280261693992537	-0.0072171843502838425	0.005239259833827374
X960266	-0.020348171806048487	0.006157176401689585	0.004549040767798102
X960267	-0.007256157560907378	-0.0015213567573761895	0.0033650003705698855
X960268	-0.014817011920545495	0.007907117096096938	-0.04608824897904962
X960274	0.009257353837062245	-0.026366620923288602	-0.018775951190703237
X960276	0.031917151277293505	0.00608876980910481	0.006369423575713857
X960277	0.02332425836886634	0.003403976480550205	0.0249079686128798
X960279	0.03189037781707755	0.006225434358181391	-0.01016510766144452
X960288	-0.005878774520725625	-0.008627973155552228	0.0027707597620378614
X960290	-0.0038720993913371844	5.1419905452846594e-05	0.003801820984319952
X960297	0.010804672889781744	0.01150372322281186	-0.0032357669063654486
X960302	0.018903987991935534	0.02444940990813217	0.0493144754231674
X960303	0.0066940518639511505	0.005149998220981231	-0.0241401031836973
X960304	-0.023058477209849406	0.03620805132125271	0.03747954121523579
X960306	-0.013736390097195524	0.03878789652374387	-0.05007144681301065
X960309	-0.03263264360075227	0.04296507507956859	-0.04009599175164112
X960312	-0.01690085763542533	-0.002452378948112512	-0.020452374934432794
X960315	-0.0009881543710120988	-0.01609532289500303	-0.012152044919694
X960318	-0.00013469662518188032	-0.019344260893040817	0.03295239659217753
X960319	0.04088347687386399	-0.009981314573947402	-0.009981040317392302
X960322	-0.004896743512085705	-0.00027628561501335456	0.025919836418037794
X960327	0.008230401805532875	0.008742406897307155	0.01968592380937253
X960331	0.01524958783131005	-0.007889353379325224	0.03304433113575998
X960336	-0.005532166573673728	0.0007677089641057727	-0.03063531531973239
X960338	0.030917839444144637	0.04825165681375025	0.04835264951496834
X960339	0.0009896669068288834	0.001965524291314968	-0.009536027580718467
X960341	-0.0036648705305160835	0.023767111646800655	-0.002329945045351273
X960342	-0.01813670360712191	0.008359409513872562	-0.02121676951530092
X960344	-0.021169121614661134	0.010398136823325485	0.012371269957109497
X960347	0.0016087377229844861	-0.006576386808112174	-0.002997608878580183
X960348	0.007999134916783043	0.005220174543793182	-0.005029238119227968
X960350	0.014634434111211153	0.0010801957577677697	0.01416491870589526
X960351	0.016847924829333394	0.0002346478138906265	0.00992989548995623
X960352	-0.005519406125797812	0.018441454695396018	-0.007714226368323111
X960353	-0.011501708185556472	-0.05683324725180178	-0.002963975967814916
X960354	0.010856323371119879	0.05062474936640061	0.0734198141116158
X960357	-0.008000580973739959	0.0251330967126492	0.07486364777069758
X960360	-0.05826074767867821	0.06593248597594135	0.03114101875647823
X960362	0.013549789858917445	-0.007660729736531853	-0.00916368177324407
X960363	-0.02816319968587835	-0.03912517398180728	0.027583518695782048
X960365	-0.013324484012213807	-9.325261243296656e-05	0.024154406299062195
X960368	0.007754271035442724	-0.0009273869144812558	0.001060522876541295
X960372	-0.013715388094720015	-0.017978286214537842	0.02959412048240673
X960373	0.0016121070538497517	-0.010808034433180682	-0.004887677765292343
X960374	-0.047020246326715656	0.03814043107851422	0.01159312557348284
X960376	-0.05345725166778476	0.04828425316483831	0.03406042561675275
X960377	-0.016947318921908126	-0.05238620405906424	-0.018713785643033658
X960379	0.01020420447775507	-0.00421560244627408	-0.016549342705749683
X960381	0.022639675321564513	-0.02125140023084188	-0.017269524908686683
X960383	-0.01204675604812476	-0.03629401868486943	0.02878257922546333
X960385	0.018952130203183204	-0.05091491864285518	-0.0448083074062863
X960386	-0.03794174323887811	-0.07017954466919063	0.023744560785760375
X960387	-0.02059984310249584	0.005168751169416517	0.01685695571699043
X960390	0.014993950227885907	0.005853909898738251	0.005424337348712603
X960394	0.014908037334134688	0.03028694730938862	0.015703486574126745
X960398	0.007736245100815757	-0.0240129169555699	0.002572317349847618
X960401	0.038268591762224795	0.018788714551114645	-0.02582155427977061
X960403	-0.004227775934735613	-0.0061477858454517306	0.009858455808438304
X960404	-0.004797140377305177	0.007957553147405576	-0.008901436534691576
X960408	0.029052358189698733	0.06259776902467605	0.08575132201866706
X960410	0.01918510180547129	-0.020361968604679204	-0.01051703739908373
X960411	0.009525043560607587	0.013599292384187603	0.039646596671235865
X960412	0.00976008898323109	-0.01376386220948903	0.0021351424581614806
X960414	-0.013583221802488766	0.01093787387214318	-0.031841340408862245
X960419	-0.00450035081175824	-0.016469108126971558	-0.007333513765625958
X960421	0.021190992274514542	-0.03901762094253969	0.03851544790454038
X960423	0.0267263193117464	0.011900487720365156	-0.007380205017002715
X960425	-0.008446389025038829	-0.003106236557191532	0.018049615812553755
X960426	0.008324083755754826	0.003038356825535122	0.0005313520007155684
X960427	-0.007837526029921688	0.012774640313942919	-0.030203011308170033
X960428	0.01571426242802802	0.010512323868234977	-0.017909503625517565
X960430	-0.0051452628551441094	-0.01786900357343195	-0.000916893040252188
X960431	-0.003783064044547479	-0.004735007156350653	-0.016707039369947076
X960434	0.025593087282173	0.00651854539240523	-0.02262461706601959
X960435	-0.036859085115263424	0.040537574211233336	-0.004996515659858126
X960439	-0.00101518766803809	0.0016774052366976318	-0.008207850253277854
X960443	-0.03026616946198504	-0.013336716293750477	0.021847725811958187
X960445	0.010560282492956964	0.00271471236466044	0.0019341995744769967
X960446	-2.799675442949985e-05	0.00533372395182155	-0.0066386905692620264
X960447	0.004355274915965893	-0.001791426698152311	0.0006709301402424544
X960452	0.005944133254444867	0.021910682607975983	-0.002578384185103298
X960463	-0.08988439394896935	0.02513669933386461	-0.06263060730597317
X960465	0.06330895742649578	0.007132513585168156	-0.028827106363786246
X960478	-0.009199820189264797	0.005026074494044747	-0.0020024074346614933
X960480	0.022215617185464304	0.007302568466708023	0.009140436286750132
X960481	0.020381728797121492	0.040422754441491106	0.08391093983935481
X960483	0.038014013177092396	-0.0024079883009165103	-0.013537917427931603
X960485	0.14635559554151917	0.0872390996725941	-0.013859419058563607
X960490	0.009617745643337812	0.009525559546958226	0.009576062456562723
X960493	-0.018215793537405316	-0.04456152131073568	-0.007733013300288887
X960494	0.059687822509086164	0.0458548522929313	-0.0854396567267827
X960496	0.006437499940209158	0.0025420976404455756	0.0006210551284049206
X960501	-0.007916432138055337	-0.002074052228322282	0.014058849022784859
X960513	-0.004742993628260745	0.013127048949177903	-0.004139802382506931
X960516	-0.01198740199204353	-0.01354210852890034	-0.008511057172323463
X960529	0.015483695975646562	-0.0012059382677287655	0.0023865853521391174
X960538	0.006971945915180561	0.018031205915307925	0.026871041591939253
X960542	0.016103699308562053	0.10421583252673364	0.07663390377982993
X960544	-0.006592388412318529	-0.09364174879510774	0.023992457825258016
X960550	-0.005238787934005076	0.011834699666435593	-0.0259398152992717
X960551	0.00545014464934417	0.005959367114907933	-0.012565301904686544
X960553	0.023277424408914435	0.00818165588721653	-0.005548386001100911
X960557	-0.01846778356787381	-0.05167668835226235	-0.04530180448483115
X960575	-0.11932610653058358	-0.04070530700218474	0.027874307985544983
X960577	-0.012717388984637916	0.0026109003588755506	0.0183677893553993
X960589	-0.01170071485706974	-0.0225567937970564	0.01789483924135108
X960591	-0.0329697335208271	-0.10931137981041787	-0.0265831992548826
X960592	-0.09384855829484841	-0.16639643753940722	-0.024593633624389342
X960596	-0.007937809741492594	-0.036890684825978584	-0.01682879975246887
X960611	0.011781361847393118	-0.006159573895973352	0.007116441457082753
X960612	-0.018683317911147856	0.019551011769836084	0.009095908590539476
X960616	0.015222440128998423	0.007252081581725329	-0.004410112724278658
X960632	0.010744176097189586	-0.0026702912879634313	-0.0016798774069758337
X960635	-0.006965820359384568	-0.0041497623360389905	0.003533330659717511
X960636	0.0011891307163151008	-0.0013268021236393195	0.011327161088924724
X960639	0.0024333570911336173	-0.02399034483144001	-0.003690929633717283
X960643	0.0075798356200898415	0.009398743466009205	-0.0010815194497147919
X960651	0.014949959419894744	0.026178277605242477	0.047474859231485304
X960658	0.017636716049272628	0.04430518573158615	0.07407082495784822
X960659	-0.010647034767750158	-0.00022103157760733775	0.002080685000284868
X960666	0.050406670858169335	0.007501592051124613	-0.02862784370736078
X960667	-0.00024539144316185874	-0.006207262427933152	0.007537134339896476
X960672	-0.01274401006034788	-0.013341599952274527	-0.037590027729073466
X960673	-0.007837717503306313	-0.027157274902773303	0.030570437262039653
X960683	0.045809628666146136	-0.010926004675892319	-0.06976471704648653
X960684	0.019186797812498137	-0.002920115811026939	0.00513864639820419
X960692	0.007268986893303325	0.010085307616123541	-0.04085289412012172
X960693	-0.006029698775935914	-0.01853913191413086	-0.013873357110901626
X960712	-0.04532114483133276	-0.03126712920008343	-0.005584225781217856
X960719	0.030822862386353657	0.007065665875435569	-0.007610166804009334
X960720	0.06342737567253785	-0.1019247365987909	0.18069671401917706
X960726	-0.012593576414305802	0.10289348151250527	-0.05161708951781749
X960743	-0.008071661826679288	-0.06832462396146836	0.15446565477672392
X960748	0.014351215233918892	-0.007942116352393735	0.007786327344079771
X960751	0.04714965056988721	0.0021683717424899173	-0.07032420231695258
X960760	-0.0058371620552901664	-0.038461280225407395	0.00241778035460782
X960764	0.057968789432681814	-0.057404452707978997	-0.05645191798493641
X960788	-0.04558680147967679	-0.048516437402190554	0.032077732071904716
X960792	-0.03898364807493384	0.001142309194423695	0.048228519372353194
X960793	-0.03203268712259665	-0.14935178277890226	-0.010266828728516716
X960795	0.029194624892994698	0.0008822448575017925	0.0011246642858878807
X960796	0.029555591136876978	0.04376655049816916	0.041160306598796596
X960803	-1.0529605327207046e-05	-0.007989804620281517	0.00494712109276485
X960807	-0.019850522478464607	-0.022715653658951715	-0.01499955873035386
X960837	-0.011962621944585874	-0.00046079114237143994	0.005228534329017173
X960841	0.0008886214339597498	-0.00967523398284585	0.11420756582347731
X960843	-0.0005266796398411096	0.016595778993986635	0.0008985092894794516
X960848	0.08574792697495628	0.015609733793640957	-0.08473722164668077
X960850	-0.08066981444605664	-0.03777230561882238	0.02302456216116937
X960851	-0.003958521361750448	-0.005493091263161887	-0.06221597342134163
X960857	0.005510846242146	-0.020572236701507658	-0.0100821579140333
X960865	-0.004128557774823772	-0.0010189345237615855	0.059749157268548715
X960870	0.006683580057039505	0.020744939945794582	0.0022638928257672744
X960875	-0.0060244766831373435	-0.0437296061045354	0.03091985658813581
X960883	0.007651212719400295	0.013807965709202055	0.037827513892865414
X960884	0.002237143113857012	-0.017003739312198726	-0.007017415576567971
X960892	-0.0453996582489756	-0.02599768937638754	0.040159135634384495
X960894	0.01959809088364838	0.017277979317590397	0.005078327018156496
X960910	0.020580701462481372	-0.01649500517723724	-0.012271150631341224
X960911	0.01696854686961626	-0.000661631083171349	0.006227623759524228
X960920	-0.04428610549969202	0.008460146395361192	0.010597025141330655
X960934	-0.0018549976259319733	0.07720323511699326	-0.10462286598064342
X960939	-0.0033261387922727394	0.008316579818492733	0.00983612171149575
X960943	-0.014634316693896223	-0.03443898000545473	-0.0038653579979939174
X960944	-0.03740009617732569	-0.12291628796908144	0.007604675958842648
X960969	-0.031937136452894414	0.013128459059135554	-0.023387801482803783
X960972	-0.007078301905472754	0.014606691488653834	0.03751975221986771
X960974	-0.01022864912494346	-0.0008195205206380838	0.007896102115380414
X960981	-0.014721027626904299	0.01814452879121802	-0.017288792566107932
X960991	-0.014364211396868954	-0.03356865265457694	0.019752260088386746
X960998	-0.010619032579273477	0.01742914498325123	0.00988190658348456
X961012	-0.021041232812417234	-0.024507436896287045	0.025540237786141607
X961035	-0.047094997343574016	0.012292143554139845	0.09507825820713253
X961077	0.02784491985972164	0.0004368242773472309	-0.004531527354320026
X961092	-0.03518175037922266	0.03910895664995478	0.022298090800139458
X961096	-0.009012641043707432	0.022030345792202862	-0.026397166879324016
X961105	0.004918302862366646	0.011545324592037474	-0.0016402633643013954
X961124	-0.004146825202330275	-0.04867038266266565	0.007425094515612549
X961128	-0.021611043601046834	0.0016812079519150178	0.006659622013629615
X961151	0.10042023678807727	0.048236827755125396	-0.09246276338041008
X961177	-0.049666351635354065	0.013632565808729036	-0.018250263521276313
X961180	0.002239067603772141	-0.013316351963514874	0.05457924773141573
X961193	-0.023940107771488934	-0.04720350531759073	0.06038416391771924
X961214	0.02238979898766941	-0.007607119556815701	0.003180738774756275
X961221	0.010640110772874935	-0.010148451231194172	-0.005222170027684458
X961226	0.011646751880713981	0.04263473107235184	0.07553767967485144
X961240	-0.028009770740386422	-0.04552506068953932	0.007348971564083621
X961242	0.009801496042671175	0.03519360689351096	0.024407567980099916
X961243	0.010794748414262083	-0.0012578978046287681	-0.018053564598267503
X961246	0.0024075225575843303	0.01871432455943744	0.004131550343468086
X961263	-0.0008059496674988805	0.011619654619485534	0.012077135223200995
X961282	-0.014790201409260063	-0.010391997663683076	-0.003849328092200709
X961321	-0.005227297787794275	-0.0007258123069528853	0.02020843887146503
X961325	-0.01397193723206528	-0.022800085303763144	-0.004106258729953945
X961339	-0.03415359489117161	-0.017297324172813475	0.06214362106890488
X961365	0.026518874229249683	0.006337629697840019	-0.010889034083216877
X961417	-0.0007083526282378161	0.011037209080693002	-0.0014506668148961024
X961423	0.016906644658650924	-0.011728433219365798	0.0016435027083582577
X961434	-0.011942928481066746	0.023552794340004204	-0.019209381052672964
X961485	-0.0032348169434926887	-0.05482246353494498	-0.016316322671832906
X961553	-0.06348282756925405	0.028189459215941966	-0.07236121935976848
X961577	-0.02233802242990034	-0.026024994270924195	0.010766890528126488
X961634	0.029687751590181426	0.008967925075697481	0.001407834623157133
X961684	0.0016296707166789444	-0.0004578030785458884	-0.009667505116884929
X961686	-0.08842032999068886	0.044359781205436766	-0.08402542333963237
X961738	-0.013688514958232164	-0.01738922359680164	0.06048552529702472
X961809	0.02271187039551336	0.0019413209247541694	0.023426086142499483
X970002	-0.010197576944481543	0.0154868559960454	0.019290275868315176
X970003	0.0154474524891754	-0.0006014771965148599	-0.003231283955864658
X970007	-0.011628359620364754	-0.013208773950986102	0.007734036923389212
X970008	0.004465608762252829	0.006176892675308197	-0.011525531718550044
X970010	0.010064040435517927	0.006160165533962106	0.005574695539566458
X970011	-0.016112312275086513	-0.024274297758891363	-0.006647991477644956
X970013	0.009718587502414888	0.016205769804545078	0.0014192871819372335
X970015	-0.05408861755581471	-0.024170931551322213	-0.04866812794413592
X970016	-0.004281009176103899	-0.00048427575617942685	-0.012094342503803479
X970017	0.03821939024967352	-0.022091352807832827	-0.040091152303784974
X970018	-0.04177613030020012	0.0338727187204281	-0.06302032352410665
X970022	-0.0011167674567026226	0.013012568836533504	0.0004108148622753269
X970024	0.002363427474298005	0.005109727795147603	0.000540306397270629
X970026	-0.002548215790832895	-0.007040824925328212	-0.00809753858718686
X970027	-0.0061791139175134905	0.00413651653671544	0.01706508477981682
X970029	-0.006291994225669641	0.002606171296205947	0.0032908638812706014
X970030	0.014141938598485162	0.06789641852107751	0.036922020959299036
X970031	-0.007980655628526631	-0.03384586497663041	-0.041316441229712
X970032	-0.025870060388657926	-0.08625169519938151	-0.04785366605614289
X970033	0.09789225789849555	0.056985686270543914	-0.04602755449922067
X970034	0.006478510211875234	-0.014093187455270125	-0.007431560891529149
X970035	-0.0018070685330250288	0.02240400102260282	-0.0015516198661413363
X970037	0.005936866708661913	-0.006285119051878238	0.015790740918726173
X970038	0.02918594748971263	0.005891950382460979	0.0030691979890157964
X970039	0.003815398582869185	0.00441665140883768	0.012844829670957231
X970040	0.028485828760569376	0.000946480209061658	0.0075358239530712535
X970041	0.006695585168427981	0.004620995227647321	-0.011689963903218102
X970042	0.004339370801955277	0.03188213588862665	-0.028226668565856892
X970044	0.0181251973761673	0.008888360896821254	0.007889608548486523
X970045	0.0015112003017304283	0.01044807355994673	-0.03186294408504383
X970050	0.01031785757632965	0.014671407746242116	0.021803899193363376
X970051	-0.01043370639540203	0.006734008273251713	-0.025328481171357876
X970052	0.017218530247227956	0.003916522062973679	0.011964272895809928
X970055	-0.007207314591317104	-0.009980960481109072	0.008161020815609066
X970057	-0.004664358570200593	0.00021360748170349853	-0.015190744294443597
X970065	0.0010416111623242855	-0.004308756885706287	-0.0059738691323816834
X970067	0.022645530170621812	0.002871900586232225	-0.0005423414986493463
X970069	0.05548233140542626	-0.0448920987893163	-0.05591765643465833
X970071	0.00325490548006873	-0.003112922958218022	0.0068640856842407255
X970072	-0.007300945622466193	0.00952284859820565	-0.023050133968707275
X970075	0.014999768195872598	-0.016046186763579894	0.0352621396045296
X970078	3.5329440117518595e-05	-0.0016086899466200184	0.011307816621220781
X970079	-0.010871104358184523	0.00471907315920996	-0.030744992295299842
X970082	0.025204223487859025	0.020823737389305427	0.034269540354171575
X970084	0.004984196338551798	0.003388449703517725	0.006201008638090027
X970085	-0.0035083465676516877	-0.059723452940369695	-0.037663886981920115
X970086	0.003024130900207834	0.013034732533691104	0.0025042392299640024
X970088	0.005465077730969771	0.0032155054848475363	0.010155111698097116
X970089	0.03800977309368728	0.04672338639946482	0.06828642611763942
X970091	-0.057216196027527214	0.09269111636819831	-0.045263233069439884
X970092	-0.10710818543043271	0.01297981201932883	-0.06571317868718184
X970093	0.0013200120862432512	-0.004679828547448058	0.005702761517715424
X970094	0.01865147007454942	-0.0027445580263039345	0.024530780799514748
X970095	0.033601061157205465	-0.0019041129459643703	-0.014273000076337795
X970097	-0.005711167859043718	0.0267741273456744	-0.007023663827738129
X970099	-0.008705863127397883	-0.02456992009277238	0.0008060212624399369
X970100	0.039083896345252174	-0.057328521587500715	-0.028304229712929473
X970102	-0.005187878193240958	0.0816061537269926	0.036752927374784965
X970106	0.013753190225150385	-0.009332014228745874	0.021819393280699022
X970109	0.0007061051438877326	0.009107324071106326	-0.007322276408077246
X970112	0.018363003530762364	-0.017772301083314415	-0.01379313889353056
X970113	-0.012989357234187178	0.021586161967962886	0.06832879863390809
X970116	0.004921893403876011	-0.021383192114695613	-0.02085290910215634
X970118	0.009766639312545133	0.005421577899283491	0.0007779109889204291
X970120	0.007735832435876983	-0.01562713211938989	0.02032143966525787
X970121	0.029412548664659668	0.07630168364059453	0.1280773281053045
X970124	0.012912718156642982	-0.0007886905362569628	0.011793660186079349
X970125	0.0004307563917852311	-0.0018347022017989295	-0.0024803633437362927
X970128	0.013968046973467025	0.08086815553220435	0.054442960469602016
X970129	0.010754308599228029	0.010274564737477565	0.009979731964368417
X970130	-0.0018371634310329452	0.014657465413016732	-0.0036766373360731255
X970131	0.02912952349772929	0.06829580675002216	0.08285912060432485
X970134	-0.003779873929027473	-0.0019672339263229538	0.00196211799711384
X970135	-0.01824982530832874	0.006698232416060345	0.015341873874861764
X970140	-0.00013711656225856014	-0.013932412912323736	0.0020369581080615425
X970141	0.02044773885489501	0.05538932583062631	0.055703910144581405
X970146	0.010714899437121892	0.0017773514095619724	0.0002234482672600796
X970152	-0.039754829055475886	-0.007141555367174568	7.18750461005654e-05
X970154	0.02254340631491301	0.011745161743566138	0.006220541758076657
X970156	0.0018260636766278375	0.004081977410358474	-0.016201153152636198
X970157	0.005598127599970935	-0.002523613291938878	0.014131648563066961
X970158	0.01426488300704477	0.006986736341925527	0.009593606660320204
X970160	-0.0003932153515528938	0.0008356187616669555	0.017533017688642634
X970161	0.0233874243247344	-0.014060472658168722	-0.009365960383933543
X970165	-0.0010445844808011874	0.0051313804516852374	0.01285379963748927
X970166	0.027194808416460617	-0.003705336126064096	0.015853610445288862
X970168	0.01643826773589517	-0.002954367320784843	-0.002472339130647335
X970177	0.021404615918793047	0.002717266952133478	-0.011212570101199375
X970179	-0.0026567703304950646	-0.004061735362296338	0.028602981959191157
X970180	0.007311498052880127	-0.0023874258042620266	0.005317780719923434
X970181	0.0003945781160333582	0.00031637529901394417	-0.009695209515136824
X970185	-0.03624764156371408	-0.04494088332227496	-0.007716017040240466
X970194	-0.017508573446708076	0.0032652642409305	0.012318238596462146
X970197	-0.009421405645482198	-0.004402028458279305	0.017737515594192545
X970199	-0.014248597045485017	-0.0022134203459520424	0.012958769751368653
X970206	0.019323102726791858	-0.0004500384834247657	-0.018275660794241227
X970207	-0.02029572874830558	-0.02433237149554898	0.020958432619911843
X970209	0.007325274290151994	0.005691126471368481	0.005639947812617283
X970216	0.01444536872197265	0.0434974032671425	0.06873345303197533
X970221	-0.0016911855478067529	0.021533202267038854	-0.010291199319489783
X970225	-0.0008430006255862421	0.004146251630772774	0.012446894271841594
X970226	0.012698471116347351	-0.02053566910039986	-0.020342467645363228
X970227	0.022702640273875457	-0.00015256144355826946	0.01607980352778337
X970228	0.00029122866325648124	0.01801845324533131	-0.0012328820487775016
X970232	0.002937712662359459	0.0450318610798944	-0.06437705266629429
X970236	0.07049369094121273	0.033849804359555424	0.008259670303688816
X970237	-0.0013246313427257026	0.022605616234821126	0.017472622164621233
X970240	-0.138635359206946	-0.07094041059754973	-0.02558883319750189
X970250	-0.017074197328161993	-0.0010754780831827493	-0.0023921576303782208
X970251	0.00869580874360504	0.009676689945702314	-0.03739219802429112
X970254	-0.05459342406898741	0.09632373907218497	0.043474801567390475
X970255	0.020538543852164554	-0.007193461446727664	-0.0017648316201778313
X970257	0.03984495187041693	0.0404245575613488	0.047721723595217966
X970268	-0.008010949438728078	0.0015107063017372358	0.022448795396712965
X970269	-0.018683625783622457	-0.05791485986916347	0.00029220953927723255
X970271	0.07970675640966078	0.027302198390071065	-0.02878737645805989
X970277	0.01013606414714282	-0.019519858101482337	0.014124828717991636
X970283	-0.06231944921815353	0.0652633776013878	-0.07958674276752593
X970288	-0.016945868482032937	0.017237444919886952	-0.018891951875645692
X970296	-0.03812399362230624	0.04793989269677053	0.019607796696672234
X970299	0.010213886373807357	-0.006031739724889983	-0.004643038008523419
X970307	0.011468792162596157	0.010505534105419913	0.0009842936462353172
X970312	-0.0017591595280051287	0.015121612959404772	0.04127551624974525
X970323	0.020554466937723684	-0.0012832737511265003	-0.0050454624453481825
X970325	-0.012554325081855016	-0.0015171790564846152	0.008615506377479282
X970327	-0.028012209885395697	0.025303825446130215	-0.036175212845357636
X970338	0.07536901135684967	0.024542510950313044	-0.03787864923397376
X970342	-0.049741730325156136	0.051317194486186136	-0.05863717775070369
X970343	-0.011641153454215214	0.023839547971157077	0.03342774409036616
X970345	0.014162255775488686	-0.002307379458455965	0.012037935847588803
X970346	-0.012457863295315478	0.0006419906800791865	0.08860481558558043
X970349	0.0016583980980296913	-0.02000850092930812	-0.005219511710469667
X970350	0.011592382417178566	-0.027038866473481835	-0.0012565454373245563
X970358	-0.0044733996380807535	-0.03024418956172609	-0.02122030898624207
X970359	0.028799803777196167	0.013347834327809447	0.012137101100226186
X970361	-0.006446852066197374	-0.05112568989304533	-0.021414320632890536
X970366	-0.004651161936706619	-0.03684088215477228	0.0247733799824229
X970375	0.012057943452477123	0.008681964424523039	0.0003163573823461435
X970380	-0.08372812442601033	-0.07282439954029336	-0.03689889176948689
X970381	-0.014804389507124063	0.02499798840985604	-0.00013255044301555517
X970389	-0.004805669254104593	-0.04866318763112002	-0.05937472073490419
X970393	0.07795830303989949	0.03229452288819879	-0.059654276746353506
X970411	0.02499031213231518	0.06433174513282308	0.011249784415839268
X970412	0.025383834042836895	0.010619762494744816	-0.01373431829832437
X970414	0.028379219213455972	0.024658748864760167	0.025522683430376465
X970425	0.015568555604071289	-0.004711140120199533	-0.0009484276626817043
X970428	-0.013877317999900461	-0.050700600084552926	-0.005171348989686007
X970432	0.01177190247214244	-0.008247819086288076	-0.0048920023631653115
X970454	0.0012324999308273678	-0.002391174526017914	0.007959309764377477
X970472	0.016485008653292693	0.003356860138971135	0.00425945255237723
X970474	0.0034466289853498076	0.015057643333050548	0.00788183417917543
X970480	0.002775948164094784	0.004317901152407172	-0.0047522971152496336
X970482	0.0005174410185873244	0.047957616110847756	0.038025182241991695
X970497	0.006232943520545188	-0.025449160602727904	-0.05683286277342563
X970502	-0.03147325474322665	0.003909279575511791	-0.013308996697040628
X970504	0.03740574609980406	-0.017865502047617145	-0.02962862252919717
X970509	0.04670550309934338	0.031226867437876952	0.03881694946798413
X970512	0.01322028475143551	0.003345857131188978	0.013745067440696297
X970515	-0.009140244626514046	-0.01075625431392439	-0.0018902305773357741
X970517	0.005169859656248465	0.009882937386756933	0.001576869056652295
X970519	0.01082345628623776	-0.005451111792408773	-0.010794624586356667
X970522	0.03430810682752958	0.01623377129737878	-0.007977013945190606
X970524	0.005374981735197314	0.0030407851261469846	-0.011791239352177045
X970533	-0.004209876541373343	0.0006004364897422357	0.00601022753196543
X970536	-0.012115927036529929	0.006660890064651257	0.02058239823673934
X970538	0.003989539325117901	-0.004453962014302984	-0.025413776418308057
X970543	0.01406966935108382	0.007865274177002186	0.003898605974457711
X970544	-0.019744035414516883	0.008293022763145955	-0.026021497986951997
X970549	-0.00020051647650344082	-0.04946590207569456	-0.05896152219536399
X970563	-0.0009389176608485402	-0.017459298510937554	0.022307201751766013
X970564	0.01067479671862227	0.0008819461295947861	0.0009129537842244404
X970573	0.0666823727531524	0.028504564288390752	-0.013518066129944693
X970577	0.022719871228401654	-0.017234176965396232	-0.01933372814296158
X970587	0.00019017353113475374	-0.0013403423421407368	0.013213740674827867
X970599	-0.029532893577414412	-0.0374104582454543	0.018570092513824493
X970614	0.008113402760911125	0.013800693566825041	0.0004773870723138489
X970625	-0.01462459382383276	-0.022249138946429475	0.0035637232880789396
X970633	-0.0034281981029715925	0.0713058975494867	-0.03800111479815449
X970638	-0.03552101473354134	-0.033801651337900945	0.019039369261636598
X970649	0.02231787232378147	0.06590604468059465	0.061640614712788165
X970659	-0.007356664374901648	-0.01623303098403354	0.019316780956918172
X970663	0.011349543822890284	-0.004478274324348506	0.010119931106654217
X970664	0.04856341580595234	0.06468752592710357	0.05445478412604263
X970677	0.014585375760688765	-0.011007589729180912	0.012002476017391774
X970680	-0.022870677076776254	0.08006951160435603	-0.04590553486826251
X970687	0.019366371377977084	0.02456452913932537	0.007156158485418787
X970688	-0.012929453873893371	-0.03642997157567803	-0.007366534610593805
X970692	-0.015852653950817704	-0.02149482318242793	0.01739803105477255
X970706	0.027492830435472633	0.11771829699139079	0.06463710762954986
X970707	-0.01027052605207503	-0.02776518432099462	0.03580144230024329
X970717	-0.002477436143913646	-0.003435589473576461	0.0011426445069194374
X970718	-0.005128099797654406	-0.010069003122356854	0.0033572752311407904
X970731	0.029843926348194882	0.013687042369827346	0.013894743343586886
X970732	-0.006493554087045921	-0.01687464470350513	0.018294673713958428
X970737	0.012519612537552826	-0.0031850086489252113	0.012012429058986385
X970745	0.02825788124467926	0.015383657563030543	0.02888719575090264
X970784	0.01953651298726761	0.0035644779595485412	-0.00136427556195644
X970791	-0.008948710919991826	-0.00678848065095457	-0.004346885461780419
X970813	0.007708480053304845	0.010914673021326255	-0.035680865045823684
X970860	0.012080015867994636	0.0083999590083968	0.0055363624024523704
X970932	0.022514483975338753	-0.007874918983002938	-0.0005661185295356507
X970960	0.007338068740995777	-0.031712124015693094	0.016945027036107712

Biplot	0	0

Site constraints	0	0
