Eigvals	3
25.346301370973848	22.00319067694756	10.149348716392188

Proportion explained	3
0.5224812959573675	0.3937430343640978	0.08377566967853486

Species	12	3
Propionibacteriaceae	-5.821619834118155	2.075148704308914	-5.33176511536086
Staphylococcus caprae or capitis	-8.465164914486495	3.457581294883838	5.575462100709029
Staphylococcus epidermidis	9.7278577495006	9.637119052277203	-1.1806708390409477
Staphylococcus hominis	-2.594118940964898	5.463288529389736	3.6048845477752294
Other Staphylococci	-4.883213155628592	-4.363414733006827	-2.7391733989428038
Polyomavirus HPyV6	5.53877994974422	-17.39276805543582	0.6283679240113096
Polyomavirus HPyV7	10.389922848096901	-1.5005008033999185	2.9875325504234076
Merkel Cell Polyomavirus	6.156481861657049	0.5419306296309312	0.8837175728912414
Malasseziaceae	-14.2229030131129	-3.233288350231469	0.8992752846014519
Corynebacteriaceae	-2.8494039353693164	2.480159390802364	-2.4161904664734375
Micrococcaceae	3.703280735684763	1.8872190061745076	-2.011358134316937
Other families	3.3201006489968186	0.947525334606522	-0.9000820262766815

Site	1225	3
X940001	-0.0019514988492441252	0.0008655399533017948	-0.019822672529605668
X940002	-0.007393436658969611	-0.007775747387639038	-0.009753740838747403
X940005	-0.00011071391330429482	-0.027518882929021153	-0.013180196195842611
X940007	-0.011126911777124241	0.008323118363647724	-0.01007758735614234
X940010	0.024274729722249637	0.005716039768669319	-0.03679842770820521
X940013	-0.0007840982261259295	-0.008010725852575644	-0.004260128384913765
X940014	-0.017697803451530037	-0.12212616280008405	-0.01755409291293272
X940015	0.01417651262275105	0.006078181176450703	0.003911810937512461
X940019	0.004005284955992395	-0.04919482110925285	-0.01834505986189175
X940021	-0.06434835604807657	0.03429858365989251	0.03100467195844851
X940022	0.008848898456875186	0.02073082431991389	-0.0069624121358051036
X940024	0.00846044796184964	-0.021820125182863782	0.0076395946688003055
X940025	-0.013262325715386266	0.004035267257594295	-0.020585930515771924
X940026	0.03682868068830659	-0.03513505498754235	0.0065562571697357075
X940027	0.009161515365358181	-0.010608832711336398	-0.004192230434667815
X940028	-0.007373029514219116	-0.01066100936597855	-0.004256970849982597
X940029	0.002404377278607506	0.0012574567222128218	-0.006022988619066949
X940031	-0.00992623864862286	-0.007108704920529101	-0.012135080611127128
X940032	0.010543014974050854	-0.010508176023441484	0.009431178367656102
X940034	0.01676613990103546	-0.015458492291616353	-0.009573627790885752
X940040	-0.02885524005320823	0.015293433342431622	0.006106678201077463
X940043	-0.0031725542220609796	-0.003508262305314426	-0.0007485285321962806
X940045	-0.01987037389381645	-0.019672257627022283	-0.03624249865253436
X940047	-0.05994291599333521	0.04721150330695477	0.03637033906861778
X940048	-0.020161325925080194	0.009118318606010672	-0.010560775502315557
X940049	-0.0015205570667341593	-0.016093525663592144	-0.002181774563419732
X940050	0.023482497619145323	0.03912839279069696	0.0027309507987328618
X940053	-0.011421059236987463	0.009397893967734982	-0.0008425722646932392
X940054	-0.051324670926880575	0.03587967641338476	0.006423484974168247
X940055	-0.009662376198121351	-0.026817422749814728	-0.05106952441431173
X940056	0.042164467130880526	0.004393812415859898	-0.01890660078250863
X940058	-0.007661929573879898	-0.014935753752360824	-0.01288572813642303
X940059	-0.008716393730531465	-0.013500462525926387	-0.002519815678680837
X940062	0.01302396571749941	0.051884442565572106	-0.0035411884625995813
X940069	-0.004530437226904342	-0.00753507887739418	0.0189096378233796
X940071	-0.023133998180535253	0.005395831222192684	-0.09704374689297122
X940072	0.003430521023256682	-0.006486691809224391	0.013975592495537587
X940073	-0.04121763705824247	0.01672569082993942	0.04585532235688732
X940074	-0.014026458396304387	0.006838401303329412	0.031519725724234206
X940079	-0.07749787550771796	0.08186778381667868	0.04316747329838604
X940080	-0.013987031703505086	0.0018885881332565805	-0.0008482186725081166
X940082	0.006434529185796305	0.05789458147825081	-0.0005731165819101718
X940084	0.01603779445329291	0.037182519518088666	0.005173370679046848
X940086	0.02213143989194064	-0.043763421899874096	-0.004305474362897715
X940089	0.02789032742369567	-0.010077677613517116	0.027938772239475256
X940091	0.010752746125112407	-0.008736176948209898	-0.011754509311586269
X940092	0.03479263812068597	0.009830014785001779	-0.010743390708673053
X940093	-0.007443553163230975	-0.0031520419085973115	-0.00366210952176492
X940094	0.06093907393998308	-0.07069630817967835	-0.1301667291043999
X940097	-0.009206962386352411	0.006379724172861194	-0.00931744277613449
X940102	0.0019657525499722217	0.015995898257153675	0.015259220625725486
X940104	0.0043213416909752824	-0.006955830423923465	-0.007527625662782879
X940108	0.0014131227851065702	-0.008346963119236444	-0.008666799744971974
X940110	-0.01800213442226341	0.04970078450667192	-0.0010594321099987752
X940112	-0.03668615090277799	-0.021610761804069862	-0.04218275579894395
X940115	0.01282922236231753	-0.010471574869959366	-0.0148448805663934
X940120	-0.0047583349400537964	-0.022375644513326694	0.0026811450903093505
X940121	-0.020313154645894647	0.07733284537907772	-0.007888934629952783
X940126	0.004552000824568318	-0.009233909563739038	0.022072813116343355
X940127	-0.01744271112706584	0.011487069142082511	-0.01011003675476685
X940129	-0.000197974379807433	-0.04968454985906344	0.010630426353136093
X940130	-0.02999366157391266	0.013849885953792213	-0.028107561833034114
X940133	-0.016033574571528368	-0.008600840180386482	-0.008123632148353467
X940136	0.015747429961896358	-0.01238858556305753	0.014901541517110888
X940143	0.00026854645643752735	0.007224485322499979	-0.007829589444226936
X940145	-0.006074675889328079	-0.004983705050479649	6.33542593408023e-05
X940147	0.019749801966121257	0.011885238754591378	-0.00630918792325865
X940148	-0.0026592201388209746	-0.0017694900496557722	0.011888247798663298
X940152	0.010706863198055852	0.010440664231370241	0.0017474580338341708
X940154	-0.007950758716753825	-0.03218633315998476	0.027520095373828397
X940156	-0.0023369507652998235	-0.010931175666266751	0.03434424459657288
X940158	-0.003801037672321883	0.0015699293401851514	0.03225695364076518
X940163	-0.022537022733756518	0.05863047894012931	0.017670395041946653
X940168	-0.03683237948349529	0.09107532790158836	-0.01007745249261399
X940174	0.010580038030049088	-0.02807668610715811	-0.032765096722098735
X940176	0.006658946141024375	0.03489871550588973	0.01163895885265219
X940178	-0.001335894706503021	0.0003511807076995132	-0.0002391785517482344
X940179	-0.019604328743188806	0.003662729392163356	-0.007753113812591487
X940182	-0.016308791468308485	-0.0180954076489898	0.0131657002097476
X940184	-0.049750771193105614	0.001524707831416937	-0.04652690358796221
X940185	-0.028440863441018975	-0.031986002965043864	0.043377482145734864
X940186	0.013588876382064187	-0.00642553660990234	0.023293972117207823
X940189	0.03580718700749904	0.017034375484568588	-0.0030248488278587114
X940193	-0.012812486726867488	-0.011937847767943441	-0.027763093897958297
X940203	0.06312406423857904	0.045816863925863864	-0.01489383086170737
X940211	-0.0036584023655886182	-0.010619323383868626	0.0024899753550648553
X940213	0.008431821400618943	0.020663889267350865	0.01728973893118082
X940214	-0.022978261889459773	0.01796052544445321	-0.010285659698289937
X940217	-0.004099720086297279	-0.0071894547877821395	0.012749463607101637
X940222	-0.003183307697878965	-0.029953085622043265	-0.014678997906296284
X940223	-0.062454246467959544	0.04430675415302036	0.04438013257081453
X940227	-0.04282979009165242	-0.017159707109761255	0.01025955570650916
X940230	0.02324991906133251	0.0018006127831812913	-0.000380219383967522
X940232	0.01836091479993811	-0.012708319855839745	-0.012066939929480774
X940233	0.015132914587071684	-0.009480620907178793	-0.00896769211675617
X940237	0.003598215937143907	-0.0145840630462034	-0.015575009345886412
X940239	-0.03666700351221093	0.0185346978226615	0.004479717298568967
X940244	-0.018797581908078235	0.0020482394702927556	0.0067189042010148
X940248	-0.029389704938097762	-0.011581783612160744	0.002199506360771225
X940251	-0.015459813414287015	-0.03012042193287294	0.015603221799440204
X940256	-0.032918315229573884	-0.021300765340424473	0.020534553740578596
X940259	0.017150008629860068	-0.006770622295816822	0.0004445097085662395
X940261	-0.009827773533730995	0.03143251178171785	-0.030364817558496682
X940264	0.013812950008506386	-0.015901113149938872	0.029726117336680645
X940270	0.01623955733808344	0.005491878820744217	0.01487018770584195
X940271	-0.026189900319148363	-0.00263661416204282	0.00824594272090277
X940278	0.007569188352145397	0.010372654276611881	-0.011927617907009136
X940281	-0.02595354908443286	0.006575877873133366	-0.011219563421779995
X940284	0.00316315410061175	-0.021769672050677747	0.03135677386412583
X940286	-0.04319331246877419	-0.02568567804286257	-0.08768205670577464
X940287	0.015182922867064871	0.014280039212404776	-0.011617708501576915
X940288	-0.0019054712302340462	-0.027457046894870808	-0.005380066931470874
X940291	0.002332026055133371	-0.003160689137262137	-0.00833166839457647
X940297	0.008078031361961365	-0.01701369927412185	0.015491614670434386
X940301	-0.00781956230461853	-0.012409437211572295	0.0021646303431474825
X940302	-0.012833721258397969	-0.03029653003951661	0.0005291797270372783
X940303	0.02263860628674298	-0.01009599825213792	0.02657148049864892
X940305	-9.812740422421023e-05	-0.01286833693941653	-0.010485408197199533
X940306	-0.04859314504855907	0.05311589143255233	-0.018236018527584275
X940309	0.0007654817704654172	-0.007086301166568011	-0.0038439374840750665
X940312	0.003921554820903411	-0.013316539466108002	0.0051048281359472175
X940314	-0.0038881661849635182	-0.006632187985035903	-0.005079661260448398
X940322	-0.026389547591757198	0.00013592125420390893	-0.0752280130784674
X940324	-0.018503312778967863	-0.00012964870436496078	0.01586081256477053
X940325	0.03517501649224864	-0.007405731713916416	-0.015476262906732314
X940329	-0.05753822292590223	0.0548033371772467	0.03344472757153915
X940332	-0.006792598277429052	0.02699560958080212	-0.0003281175626595119
X940335	-0.04269232162911917	0.0009515889386814258	0.022958721318173066
X940338	-0.0013229065065859457	0.017885341088463354	0.010873611531426224
X940339	0.022010688990274828	-0.0019554694456438283	-0.021213393132925463
X940347	0.006408445133218422	-0.009337037528790181	0.010266377929416468
X940349	-0.010797458815917432	0.00359231144634655	0.009609622530163838
X940351	0.0021586888763197067	0.000663877819817624	0.014164240922451533
X940353	0.02913204158338497	-0.011052666534079474	0.006345068051227391
X940354	0.00012024697126458296	-0.0036165731661971993	-0.0018882503839079828
X940355	-0.03842041740414619	0.058998498405992854	0.004168510300671979
X940364	-0.017492059098608206	0.04341563753863191	0.007174432331016089
X940368	0.02867340835482164	0.011537803030843093	-0.010841110177502014
X940374	0.04507254734617058	0.015028351080377925	0.005174411734458644
X940375	-0.004199942822216987	-0.01803024898305957	0.01667475966830458
X940379	-0.003228833049230787	-0.01138253602592538	0.0068545511425568174
X940383	-0.022002610951500207	0.061835625531119785	0.003364911771925413
X940391	-0.02371630793811327	-0.01336757402393639	0.02879487738443711
X940404	0.014095868580458411	-0.009426594588009485	0.021770594375808975
X940411	0.003998235681154859	0.004533645960942218	-0.0032948653149724384
X940413	0.05501748803407381	-0.014411999277998872	0.020988844462011925
X940420	-0.008478973859747335	0.02771888937727238	-0.010299361665180716
X940443	-0.011798645576722744	0.0529435304526999	-0.016684434938754364
X940444	-0.0378441436594353	0.019776964707315773	0.021907802696581973
X940445	-0.0034361809951360682	-0.006554996009716919	0.004565883579917899
X940450	-0.01278839923745316	0.005219873540279414	0.020633418842733592
X940451	-0.11193811505154944	0.020509609440764485	-0.14431255984957433
X940456	-0.011103337145487337	-0.005024330308097841	-0.0026762874348037627
X940465	-0.0017841757399301098	-0.001600152297910478	-0.012130127745407823
X940466	-0.01186456987552367	-0.01592761729179063	0.022557986900290393
X940474	-0.018287786767936645	0.02056139117968099	-0.003802427735000993
X940481	0.019810596600386456	-0.023698781429739198	0.022620368519331805
X940483	-0.012398747768103274	0.006969219380830609	-0.005150607666953759
X940484	0.033113877918070043	0.02144224463871762	-0.0055548906658701444
X940487	-0.01274197531680844	-0.028427988308202253	0.016526659103131083
X940488	-0.050422021186188735	-0.012622424439744515	0.030259807703691854
X940497	-0.011238546336818683	0.06780514392620013	-0.003310259519106447
X940498	0.0028555319895128277	0.007652527776022935	-0.00242140484139769
X940501	0.009313262701495777	0.08905644887756443	-0.0005354027347228665
X940506	-0.018821777745415384	0.12550412081059165	-0.012943758380932585
X940526	-0.026266612333370954	0.021029897342750962	-0.004522449445556378
X940529	-0.09760615831688521	0.025590943929676584	0.09249717813552195
X940532	0.00029415843111593536	0.0005316128532851451	-0.009271542908115849
X940534	0.02149235775270492	-0.024213036205793893	-0.008290708198581524
X940535	-0.018001358497983354	0.0011904190531462782	-0.028913405765835308
X940540	0.01374478937470517	-0.00039272307181910057	0.012893282093181772
X940547	-0.008479444308972557	-0.013161036395141552	0.02397885790454476
X940550	0.04515148323623967	-0.0013828716196530122	-0.0030712282549615706
X940551	-0.026280643175600027	0.018874048699709177	0.0001778289680938438
X940555	0.0014707959462501895	0.009873425896527876	0.010991700156006198
X940558	-0.0021897436062612925	-0.005658107631535931	0.007661423548061728
X940560	-0.07462355543764777	-0.01716152724421133	-0.12666851414367075
X940562	-0.028088741974657754	0.027803609814444213	0.022979943058715546
X940570	0.02342521759552085	-0.003693105052706743	0.000792704520154465
X940571	0.040955437376450694	-0.0026581931520233346	0.015942679974495187
X940580	-0.004302125846729181	-0.01731556362006405	0.028527516576644207
X940584	-0.006358058885974162	0.07200715476917621	-0.002315961289508066
X940589	0.10001515594504422	0.09562219110854489	0.010958544306127886
X940598	-0.000355436913607814	-0.0006790079944908701	0.012450192422782056
X940602	-0.09832449434723387	0.05458572688636701	0.050915227448766164
X940606	0.007198229931277555	0.012046440050267644	-0.01662611879660892
X940612	0.010539849904482125	0.08753577850410652	-0.008285535861786772
X940623	0.008261071501051152	-0.0101850204585968	0.005017875664108739
X940625	0.05722090007980315	0.013563178744362931	-0.015525584671366895
X940641	-0.014346448862313961	0.014912998233810688	-0.0009630765065480657
X940642	0.026994760581389412	-0.0036670860461838766	0.007722079450198076
X940648	0.022947705070885588	-0.05065261566070821	0.01124432965743565
X940649	-0.0007637475756283175	-0.015403465391408428	0.0023765654771611398
X940652	-0.006930381050227493	-0.01685094782646791	0.0036447452079331703
X940662	-0.007797972551494739	-0.001299824294113155	-0.013251649616922734
X940665	0.019028872294028713	0.008119667454043286	0.00843975244456567
X940674	-0.006608948845840974	-0.008686514418291727	0.001492097082217937
X940689	-0.10431517541214969	0.03804253893141353	0.0490188852056853
X940690	0.001819344366403933	-0.027474210161256597	0.02723206454442925
X940692	0.028582356335641285	0.023116296584657064	-0.001115366989255162
X940696	0.019055578741074632	-0.016747378601953813	-0.019770588786000576
X940700	0.01893543260988151	-0.009910921385138128	0.032696133454512916
X940714	0.027908095987160358	0.00834092137409886	0.0017283596032939383
X940721	-0.04636239145405421	0.014902824619418935	-0.0704954090112847
X940727	0.03330075263766866	-0.004309057461141857	0.023477231733286984
X940748	-0.024396491600088867	-0.022164257579666405	-0.01744551844138551
X940756	0.0020131689089383383	0.004246345672277077	-0.032714036528420684
X940761	0.030389452278329062	0.007696783762998323	-0.014378359829900355
X940763	-0.008070370222675484	-0.027069077878599156	0.01635746011173345
X940766	0.01121827184107953	-0.024597583237950416	-0.04093721589033929
X940769	-0.02270880874133382	0.029020761434251516	0.0067475213500086655
X940775	0.029114582371504237	-0.009422776259796671	0.009627591657008211
X940778	-0.019634134809733018	-0.01751201200540136	-0.0043450493401227
X940786	0.0032028378482399137	-0.011239372083079163	0.026446287516979958
X940796	0.0011698170275304786	0.015775212816191368	-0.014086102522578949
X940816	-0.006000769993320517	-0.005841427617200137	0.03315872648517691
X940819	0.006750493230536539	0.013789025934609265	-0.02621203291355075
X940820	0.00921647585358563	-0.01584473303388033	0.007356995710200531
X940826	0.020347609186664416	0.02419676688306699	-0.0736300966399427
X940827	-0.04655972577855917	-0.012334185852013142	0.018895844304444884
X940833	-0.005008735596604967	-0.05252865654987987	-0.022013631863482062
X940843	0.005597272195937822	-0.012907330699041588	-0.011212097562729792
X940844	-0.015624452815469432	0.0088094925661075	0.016343943305499254
X940845	-0.009387340131238871	-0.03670280110925249	0.007575281049585987
X940847	0.011675229358488881	-0.04335834950633185	-0.026757757353301933
X940852	0.01599544409209841	0.013252314130203221	0.015439085278584551
X940863	0.011668398897666665	-0.022070952314704823	-0.01356018914592863
X940871	0.015429886767004004	0.016926412778939078	-0.046576979515413675
X940875	0.03278714196007245	-0.006920965689869679	0.024401299719399947
X940882	0.01806693844846856	0.0281176405627584	0.02152601907970493
X940889	0.003129915455800495	-0.0009253949739532113	0.006778298442531345
X940892	0.01026930976015834	-0.049020081413574126	-0.007630484316529082
X940895	-0.00029094239326556983	0.00248487890137194	-0.021418984726585003
X940907	0.010606785728241811	-0.033348774941175996	-0.026907288002537857
X940912	-0.021312929166920576	0.013111128042563515	-0.014554138633659487
X940917	0.017903877569196983	0.004812399826264315	-0.01013486082776365
X940925	0.08081865538613821	0.03610010673782159	0.06719192595875118
X940936	0.0728695112339408	0.05032871339596605	-0.011455266632704547
X940941	0.03028446895979224	0.01891111920536576	0.015104275296367296
X940946	-0.00370478010552299	0.018822860941382424	0.020100343675280224
X940961	-0.006840738732389282	-0.0018219956462867252	0.005209276229619294
X940966	-0.013415712036489807	-0.005938246643711829	0.006491691896671346
X940968	-0.026552933999323243	-0.01035784340703228	-0.0023908494225592727
X940984	-0.01699062123243281	0.0001802940571569265	-0.05229641129792177
X941001	0.03698788905087272	-0.0009351716526427093	0.0503128543808537
X941014	-0.08559141304017176	0.014155049507022566	-0.13384410175939146
X941019	0.010127844896135592	-0.02433505930755758	-0.00902313987831348
X941024	-0.004850545221100914	-0.005019981110801636	-0.025537364818711557
X941028	0.007716142974406908	0.0026265772049686793	-0.007244366461213314
X941037	-0.11064319840278855	0.06570602241536735	0.05377103517498466
X941043	-0.029260405951892554	0.02091741277722444	0.03259641086729426
X941046	-0.02356285311941885	-0.014466709054351086	0.018598817309223394
X941049	-0.0014349122420526876	0.02236762674930938	-0.0005086679769422091
X941051	0.020424661425804708	0.014872914845527592	-0.017651632101680973
X941066	-0.0030724579527235405	0.018127095006450218	-0.02073749154437879
X941074	0.014710953491696243	-0.019796179389823174	0.0005144171882052691
X941079	-0.011648139754567731	-1.630596149700704e-05	0.00418240224811849
X941080	-0.0032944308410518095	-0.05829970281238171	-0.07093252568652678
X941091	-0.01875161146886549	-0.009357200502160724	0.07080717515007587
X941095	-0.03166906523665652	0.02955506072835865	0.01805699950142436
X941106	-0.023346342717060323	-0.016477060224545263	-0.0033289619204530745
X941118	-0.003809136519996144	0.0039118780793930726	-0.0021581938139621833
X941124	0.05885039142551901	-0.02260191242946149	0.00711279974133778
X941134	0.00714283488160508	-0.010934518432758685	-0.01037459826500876
X941144	-0.028372435243286084	-5.634988025420819e-05	0.012206767940375706
X941153	-0.0038273522728040224	0.0008793918255190623	0.011100126066094689
X941154	0.013365131264686097	0.012797551465748184	0.0019992081713315754
X941192	0.00781621579036259	0.034738194586083584	-0.07464732749595893
X941202	0.004650448478120269	0.015228903934182745	-0.01823957539504911
X941204	-0.01833460798827492	-0.001108686886184187	0.026676238234816633
X941208	-0.01893291465405145	0.03277227133343811	0.038910254920280093
X941241	0.002868954945325204	0.055223288562825414	0.08343052311037365
X941250	-0.015741864822848586	-0.011750004457208684	0.03429519487829695
X941253	0.017087181613219708	0.00857446038042127	0.009024628146350583
X941257	0.03249362312740679	0.017971788887121268	0.00012413272825398215
X941259	-0.01823708338124338	-0.008594542650910317	0.01887781646303034
X941265	0.020031817646374562	0.025323092095203677	-0.0285974033320585
X941274	0.017647517711713637	-0.013237448925739652	0.021985134848656284
X941308	-0.01866882021106142	-0.001027880456541794	0.017295135898557554
X941315	-0.01290827627106539	0.015477443676024251	-0.030908290303546193
X941320	0.003608858006516943	-0.00664548590044623	0.013099933564701816
X941321	-0.024505280575785764	0.011187298934595141	0.010529220530232067
X941367	0.007157912646977825	0.03445151425502148	-0.007348097139551591
X941373	-0.02662976995158657	0.019214955116193033	-0.01909893939305129
X941384	-0.059180670148219656	0.015571197370910797	-0.08525077284212398
X941385	-0.011820421232312217	-0.0013612247824848348	-0.016211386589086284
X941392	-0.1290606538672206	0.018057804148383184	-0.12872886825775562
X941398	0.02067919274191946	0.014485232059019183	-0.07123858278907236
X941404	0.0007589176934210622	-0.0013516566022501446	-0.017884439571658636
X941408	-0.008218555782971985	-0.006559585937186906	0.027807274366705347
X941422	-0.009081588904519442	-0.007090120462415523	0.023659141194068343
X941439	-0.002612756339905692	0.012853751336889636	-0.0067486590478006815
X941445	-0.015516221733686938	0.0037250707060003728	-0.008167606863408724
X941454	-0.006310002240353914	0.008464310157670801	0.013100038117791072
X941460	0.026651477863992416	0.06748526747262128	-0.0012501822054883187
X941462	-0.0344522625553029	0.013212644836893685	0.010275892781899049
X941464	-0.006599518454626964	-0.0031160302945807423	0.02470382538917989
X941503	0.007046255810008153	0.019704269142545205	0.033101123814484205
X941519	-0.004817131301407829	-0.00606107103724189	-0.010271844618582531
X941530	0.027273775709140333	0.015863153447381186	0.015135330168634402
X941547	-0.002541349877586072	-0.014800819023421181	0.007262281496731287
X941582	-0.035361063365569996	0.0318827977346559	-0.05495798500706954
X941617	-0.015716014235152412	-0.0028218714784771556	-0.0002610038089944714
X941623	0.024254081674845076	0.06635528591060792	0.0024231389894446573
X941624	-0.002414882564211653	-0.0009395559618461545	0.01991631279734524
X941639	0.02572477427625181	-0.00534081179165971	0.0028089425284211844
X941680	0.007614856046876524	-0.03797902460200055	-0.006266339150645187
X941684	0.0314671807528794	-0.01197812254485025	0.005180748218161289
X941709	0.014297586739104856	-0.03444211339321264	0.023711561577383224
X941714	-0.0348232004063669	0.021778804212170468	0.06055251838913996
X941715	0.011542296104435336	-0.019986213658134612	-0.000604230537277401
X941738	-0.008723408690688408	0.0055896747033560975	-0.0078053913796689335
X941759	0.011262935118218732	0.020202072516712948	0.02843860706194583
X941772	-0.0007056528008656177	0.07584392504478428	0.023208643518633148
X941774	-0.0061273213756048335	-0.014216946623764586	0.034632251499149086
X941807	0.01393678796520803	-0.04672631939840219	0.00852764766125854
X941813	0.03672750736270275	0.015443532478275637	0.01087597965435122
X941817	-0.004138982293293143	-0.032645843274649755	0.015529966368681264
X941887	-0.030615640602336645	0.020700749921191745	-0.009230821021858892
X941902	-0.030846571525874108	-0.008826654465765128	-0.029749590071035045
X942011	-0.014431825631393405	0.0038224355315156365	-0.015240732864393165
X942026	-0.021764617029976053	0.0063502442041661845	-0.03960524729976241
X942039	4.3173385318711794e-05	-0.014692580253753942	0.010311108225145228
X942075	0.017069856153137587	0.0017250960045554983	-0.007922386971740884
X942094	0.009192665972744814	-0.017842513850966104	0.021994839933556165
X942128	-0.00142474783643482	-0.008170838967486296	-0.014917816551496281
X942191	0.12199101565266622	0.053571915320832206	-0.03497579771756576
X942237	0.040098902317459446	0.03901640743445525	0.04457627505310989
X942303	-0.03477129580032551	-0.01674723379336362	0.01917080440997487
X942319	0.05736960922015796	0.07744381970398852	-0.0010913766245837543
X942359	-0.005511767665437007	-0.017937723900674094	-0.005509991776429564
X942398	0.004965304834034045	-0.006336101853280539	0.014412118003386829
X942402	-0.007883567349685358	-0.07085679431880407	-0.03766501030788616
X942429	-0.028561519679261647	-0.011111212750942259	-0.0324442182014607
X942467	-0.01844314274943098	0.012859853422775297	0.013579686247611243
X942487	0.035307965455964194	0.020254493925754787	-0.005262213762579233
X942489	0.028043725439147033	0.03968357568893121	-0.0005259351641931918
X942490	-0.03616513685574207	0.02087326109290827	0.025821932092250574
X942504	-0.015040438870471778	-0.011369665335240198	0.011127315521333525
X950002	-0.00797785705028172	0.004665825567011287	0.010431296406610136
X950003	-0.026091207355752922	0.02053114004358245	-0.018223035328543656
X950005	-0.009758760649118863	-0.0010381426306330943	0.0032975457355664526
X950006	-0.009323111257817651	0.010167583159427944	0.0004898100728315169
X950007	0.016215500811417986	-0.08311225595925706	0.02077293304903645
X950008	0.0018600496647290501	-0.023088219691835207	-0.017855088080174608
X950010	-0.012570881596685799	-0.009091808113990877	0.021048480099943
X950012	0.033082076220921096	-0.0587542193325366	0.012583731742704987
X950015	-0.0032548518539995885	-0.013936891479708514	-0.006791087176119184
X950016	-0.006848204488039022	-0.01013740043373532	0.016483631792163254
X950017	-0.0003154034554261542	-0.00497378258294184	0.009689817997980795
X950018	-0.0008866607922063756	-0.012639771425825811	0.009082536248915805
X950020	0.004577425086701367	-0.006009776612961381	-0.005313545323971338
X950023	0.1121763920398256	0.06708806386509523	-0.025458676316950254
X950027	0.0004931310944502668	-0.006748230114582417	-0.006612821127812031
X950028	0.1378335174093207	0.07220304308872676	-0.047241317857684206
X950032	-0.001251967964519602	0.0037191843612244414	0.006370878066050293
X950034	-0.009940125539806558	-0.0035771339145732987	0.011592008040196826
X950035	0.004102907644815071	-0.00926162670721382	0.01365551624471559
X950036	-0.014013541201505084	-0.00961307165773799	-0.0017987687316031132
X950037	-0.008104320203408174	-0.01926479977608593	-0.006250865403936402
X950040	-0.007776408532659014	0.0009017316083683835	-0.015166569082550803
X950041	-0.003008891783209723	-0.007466346800421409	0.010300806987101256
X950042	-0.00990003290105714	-0.018027728669315582	0.00033831203698347727
X950044	-0.006471687594025062	-0.009488751151315056	-0.02332217437942015
X950045	-0.009588073487897407	-0.009616455854939275	-0.0067153711865059335
X950046	0.0059179603593881415	-0.017796587822402805	-0.002933221728088192
X950048	-0.025100637049707036	0.007747382598942934	-0.018645270482790622
X950052	-0.05589026736021096	-0.00717077720992598	-0.08771284790978659
X950053	-0.008710930612348539	-0.007820193847354405	-0.024026937673654186
X950054	-0.001188790011837938	-0.012214217110660059	0.011402044028668899
X950055	-0.01670907425146749	0.01364957251040654	-0.010448695959253532
X950056	0.11817373479987961	0.0642689909323693	-0.051370943564637915
X950058	-0.03158973539123546	0.030089437138044014	0.04260644171278337
X950061	-0.004717199502795472	-0.015452934561644543	-0.017672951911745824
X950065	-0.012809929715631743	0.012072484474690996	-0.015570952695338725
X950069	0.005693349252354222	-0.014428480072440544	-0.003280335819140117
X950070	-0.009524922296018274	0.007922501626988123	0.012239349033785289
X950071	-0.0002612098679339553	-0.006073578432227354	-0.021515249932537676
X950073	0.007625685657206917	-0.0533815775070175	0.02329654382084844
X950074	-0.001543123573356604	-0.003127910471047784	0.014104064312376305
X950077	0.0005319617011933062	-0.00036983702214617924	-0.004548692335885762
X950078	-0.009471093882217289	-0.0019259388369969085	-0.016848437274665628
X950079	-0.009412961040302112	0.0022837686554602918	0.0005449419311216765
X950080	-0.01332500086036445	0.004300808605250526	-0.020649249003245492
X950083	0.020997396681633838	-0.009630557599819045	0.0131923873065206
X950085	-0.006306877807154197	-0.004121212629008607	-0.00337616037240533
X950086	-0.012182533509779023	-0.0016975847272291537	-0.017544751039780045
X950088	-0.01042287094790108	0.001182062771952253	0.0016784317836320574
X950089	-0.003629817774346985	-0.02780088640276545	0.018969530578825177
X950091	0.00021466312445029962	0.023436189309325624	0.003993894053319698
X950094	0.007995889903464856	-0.0088781089689398	-0.03514620805930544
X950095	-0.03936422372956555	0.018001955989656385	0.0035393637800083646
X950096	-0.0035749360924018044	-0.002689458468266673	0.003526235873429588
X950099	0.012449318109393712	-0.011338303079008644	-6.136951902660073e-05
X950101	-0.017145457730290976	-0.0025923805712135223	-0.002779755707178531
X950102	0.010859429743564634	0.012503692803633884	-0.009261669699926712
X950105	0.0017296739228602755	-0.025919884772905924	0.007691517454904186
X950110	-0.014194036347581212	0.0034100290834098083	-0.01745759230516557
X950112	-0.009424021542774453	0.011293678549577652	0.013714746962363319
X950117	0.0005671535671558996	-0.015240940766656701	0.011775944449385563
X950119	0.0050261413050367515	-0.002950853068081903	0.024624010108042715
X950121	0.010126165102793579	-0.010853236834407537	-0.003683544005053812
X950123	-0.034760112238194765	0.023226373284938807	-0.0025892680026837855
X950125	0.011953359268841108	-0.010861974811660359	0.025342385792563347
X950126	0.008502615744997355	-0.01891852849180136	0.009100539664855094
X950127	-0.037924199120763905	0.014028314259701356	0.007027409936617075
X950130	-0.004875313344339442	0.02924589782503278	0.034919813113095485
X950132	-0.011609074586983105	-0.003994355269156625	0.012970231280509972
X950135	-0.015580107855105699	-0.0034493711931631297	-0.002843081418382325
X950136	0.03591099307493428	0.07314040509990427	-0.01766598346576312
X950137	0.011347655488039095	-0.012689681195242407	0.010310763861804285
X950138	-0.001269696961354843	-0.008089417484174516	-0.00044183402298396635
X950139	-0.0008370972425982087	-0.035940004593975707	-0.023221139081411463
X950141	-0.005585191222191854	-0.0329374178398825	-0.03560031361061599
X950142	-0.028786082343351695	0.028521580800770916	0.009883485465076561
X950143	0.013045895232273164	-0.016131439815505622	0.008728378532675843
X950145	0.006604502495971253	0.0006996609097080454	-0.005233894855866169
X950146	0.002890726975323288	-0.007699869635154822	0.014097336745493384
X950147	-0.018156115519660815	0.02016220801723283	0.021029141277135514
X950148	-0.04636617415546056	0.029334340179779105	0.010983357907527457
X950149	-0.004264667191958217	-0.012876731234978334	-0.024346619227501635
X950154	-0.006448778669977299	-0.005901464246143183	-0.007000954528672152
X950155	0.011845602109278102	-0.01341821164703379	0.008933946907396318
X950157	0.16874952937483925	0.05456534475883848	-0.011940539238337353
X950158	-0.0014453966223157756	-0.008472315498320681	0.0008150863150541015
X950162	-0.004610968265784633	-0.0037756956827153017	0.016514993052101412
X950164	-0.011375382805739865	-0.002756090857172111	-0.015334182972914804
X950167	-0.026061604008416065	0.024827429720695092	-0.016123376623344565
X950169	-0.004414403766301067	0.0015324134723317892	-0.017016755725102573
X950173	0.10072405908438092	0.018818446800653945	-0.014963248333435987
X950176	-0.007168006560681303	-0.00022067485395562656	-0.00543269354938905
X950179	-0.02956298662389453	0.019481871029456727	-0.03333902659444494
X950182	-0.0031071471842519637	-0.00046819673704343766	0.0001674825979127369
X950183	-0.0029857292225904447	-0.025872272301512837	0.039506243812091855
X950186	0.0006839496959254067	-0.03218974027952608	0.005270649274749611
X950187	-0.007016976944110351	-0.0051503617349324925	-0.004261750360786433
X950189	-0.03462121567210264	0.007634211776757791	0.003254302362230679
X950190	0.03598767080866554	0.07026419601335067	0.01568121380067424
X950191	0.003118201188421877	-0.006233980511285913	-0.0017272379581463762
X950192	0.06440716130517886	0.03733466773466356	-0.021244681403083592
X950193	0.08583791802052923	0.04311252694125697	-0.011638172252918558
X950196	0.02831183237943265	-0.01016159920060107	0.003174111057283949
X950198	-0.009084647928982259	0.006124828675472724	0.01074391534136141
X950200	-0.009291781764732717	-0.010539306304433432	-0.023065155668009985
X950201	0.008874374225038095	-0.00013314463671131437	-0.0002573389747304423
X950202	-0.00037001410652213204	-0.005461431109543594	-0.007340702688862724
X950209	-0.00782595157483879	-0.0017138038760600132	-0.0027058310790243835
X950212	-0.004245674232542368	0.06540940291128279	-0.005260347143150901
X950214	0.002046061370682721	0.003167044196764359	0.006885074669158931
X950217	-0.010958304551872768	-0.008989773856391863	0.013952285304103682
X950218	-0.0028361652400088013	-0.007930904013894152	0.011891553430952752
X950219	-0.008210176284511159	-0.001523565853112603	-0.014977218227896305
X950220	-0.015830274357082893	0.012117109769669572	-0.015939202116510287
X950223	-0.0015876209675683957	0.01878004644923273	0.004052371917884075
X950225	0.14524363666493867	0.07968720867555165	-0.04334390498762893
X950226	-0.0005782427479688343	-0.011591096245391506	0.013866808176928007
X950228	0.11471977238953288	0.09222569408385593	-0.008885106766255374
X950231	-0.0008346860921742773	-0.02163532879765988	-0.005523891630564497
X950233	0.05489734744619857	0.04665741444914153	0.001636483461874798
X950241	0.008513779050243106	-0.004723986518987116	0.016902586499459325
X950242	0.008780387842587195	0.011074518979539743	-0.004202755542242748
X950245	-0.027847089624270314	0.007005797260628901	-0.029783694133494118
X950247	-0.011110113819171128	0.006447751344359341	-0.009360963850587134
X950248	-0.011003293028901252	-0.0017441269909936052	0.005766611750137751
X950249	-0.011158809883493236	0.007927903673649457	0.011219821895823526
X950250	0.006998973713051979	-0.03006532749437409	-0.03210187157734783
X950251	-0.004951922519645555	-0.004631735421142033	0.0017345554400543881
X950252	0.01588567822088397	-0.0124413963721894	-0.007843794676851304
X950254	0.06568277144363002	0.01785356671003322	0.015013380750849847
X950256	-0.022775882523166546	0.003566257052814723	0.012792863053254798
X950259	-0.005835868015933137	0.005902394554625465	0.008938143720336527
X950260	-0.006994799768710962	-0.007325728193103673	0.013229312612306289
X950262	-0.001251296997826791	-0.05607769828928214	-0.03338475069117694
X950264	0.008734150620453874	-0.014428230443496773	0.006474887693330917
X950267	-0.00038318657917069273	-0.014702771349440962	-0.00024562886683668876
X950268	-0.005844457755454341	-0.019764226868825778	-0.00045318096924397243
X950270	0.002366979893897114	-0.01311685060419836	-0.0045389591884604135
X950271	0.007370621023853545	-0.014715042431916105	0.00392966591510933
X950274	-0.00647606258363621	-0.012154273855034294	-0.02060310412001623
X950275	0.026607636723836394	0.011436804404607662	-0.02694947250153727
X950279	0.007359667352812242	0.024596332338625945	-0.029271793322588675
X950280	0.007918796514669679	-0.0003270577710993705	0.0003158056126945867
X950281	0.014374687814506432	-0.008706048557885749	-0.008221937508339026
X950283	0.001539160567597942	-0.01693926495217147	0.011173583569491463
X950285	-0.009989954327271894	-0.008222370159659428	-0.008058742350890987
X950287	0.010240456471124313	-0.004101557045756609	0.017205358266549696
X950288	-0.012205743547324729	0.0021334322675714236	-0.013836786302413421
X950296	-0.016956800330216053	2.335328339239058e-06	-0.011739799772225742
X950297	-0.02477680510067175	0.010473312601285903	-0.013450249351965794
X950300	-0.004831124019517884	-0.024659629256021956	-0.0041882927217751255
X950302	-0.028392108987510028	0.004086051746180573	-0.035238903729776457
X950304	-0.00966706186702802	0.003932244120888351	0.022475300527417
X950305	-0.0014831100950886279	-0.019228729216950086	0.019341001031583895
X950306	-0.0010288757538921473	-0.019222434951060654	-0.001773286097224575
X950313	-0.011576138209641259	-0.009096920973264559	0.007827886930704015
X950314	0.005049592139273944	0.031094830432575295	-0.013999427419439133
X950316	0.007747706478413062	0.00534162795803124	0.01835573317479737
X950319	-0.007402814117943277	-0.00670702605244987	0.011330457242222343
X950321	0.021843303762889798	-0.0020552564069420535	-0.0021027560818663565
X950322	-0.0275204205245735	-0.001378070213604751	0.003421392765935189
X950329	-0.019388727728521106	0.006604306687611773	-0.022413218006509455
X950330	0.008693839127513722	-0.013022306725502813	-0.00041649768970780665
X950331	-0.005721983272223557	-0.0157536855498964	-0.019860502441510098
X950333	0.01853991703545569	-0.004245258117083695	0.008242205113712544
X950340	-0.024125364237962528	-0.022151880887105305	-0.007248243052017579
X950343	-0.0044391393908364205	0.00435790944764698	-0.002154039601263395
X950345	0.015454074352123093	0.007506662044817031	-0.009825051952028737
X950348	0.002064240634751119	-0.01056252281112804	0.022132454031973173
X950353	0.0019606017530978937	-0.010458570575792546	-0.01077413644929762
X950355	0.0006097540443969061	-0.011423825176463688	-0.01248637473645957
X950356	0.013228463111335312	0.05586573624554714	0.001230290830512011
X950358	0.0037291428043237924	0.05062545059864686	-0.007038095181300512
X950359	-0.0017607737631850674	-0.016343604298558898	-0.008683251725501202
X950360	0.005455931307611887	-0.0089667372916315	0.0004890711530439345
X950361	0.00026566638618775985	-0.014512818411137362	-0.001121669101270584
X950375	-0.010317570387762732	0.014229293203222526	0.013051093072495322
X950383	-0.007100906795358332	-0.029230912615540602	0.002058719585362582
X950389	0.013476613812263732	0.007078726347837778	-0.002951304601896578
X950390	0.0095672835313972	-0.002159938432861063	0.0007455449756475995
X950391	-0.010531521870713547	-0.0027088565396337946	-0.015133477587100925
X950392	-0.0025632229165006007	-0.011937980509114555	0.00745006762261113
X950396	0.18159841110684694	0.09548547353885838	-0.09388810654719112
X950400	0.004618585851008055	-0.02135682964841572	0.009329479459818754
X950402	-0.0004453355149779863	-0.01585050933129271	-0.0071585813483317304
X950406	-0.011133817097974426	-0.019126215440812982	0.14699616387321773
X950409	-0.008214885594728247	-0.01191541407771917	0.01733124659694312
X950410	-0.007759971631687918	0.018805003056307425	0.010088458719279015
X950415	0.02506004527929012	0.03035172369081751	-0.04714741704124503
X950417	-0.007922512493186843	-0.009508623331828923	0.0022618611928329254
X950422	0.0027516989988007772	0.014918433618105114	0.01709038301865987
X950425	-0.01100567042641379	-0.008527458210962215	0.0127779448646937
X950428	-0.029116251290520888	0.001417544988371839	0.03594625794536325
X950430	0.015963447028228273	-0.015167586888576286	0.00026547308178135953
X950432	-0.01068241523199414	-0.002014436019892751	-0.01896061434355385
X950434	0.00023306652252881048	0.0017247398887753381	-0.005031448096020034
X950439	-0.004414370794371999	-0.009897916720943685	-0.004655530903867921
X950449	-0.00034962882943053174	0.012455885856039227	-0.006396631207687719
X950466	0.006567590744332142	-0.0060559473373442965	0.0007266844166746863
X950474	-0.01098116363140874	0.011784826162791256	0.011715412295220894
X950477	0.029179805766716298	0.005759413111030934	0.02525563146790407
X950478	-0.0009868342246222219	-0.0008229314138094215	0.005138723883796304
X950483	-0.0011116179134239793	0.010268421053471392	0.0075612295106947496
X950484	0.01108672585841311	-0.0028538922772343577	-0.007861083695734742
X950485	0.10926437241106532	-0.009117054464951566	0.012530456454803864
X950490	0.009910159030511739	-0.011508590147272253	-0.004249524188694438
X950491	0.002377912198802664	-0.013043033387033233	0.0001785705463544995
X950503	-0.002559117556670821	-0.011146370271785843	0.011161330432524404
X950504	-0.0052225318710404835	-0.01543667579372423	0.00011098873198786527
X950509	-0.006740867804440623	-0.004455911921229493	0.010306622131442553
X950512	0.008922687824845498	-0.008693269669238777	0.0012214085643320082
X950513	-0.001787992751540241	-0.0004761088719507961	0.012156328337538583
X950516	-0.007526443781237504	-0.0014627994092293187	-0.008333881086696164
X950517	-0.006465891959930496	0.014704865980949113	0.001320288679948929
X950521	0.022761439063292203	-0.003868039922584122	-0.008409314152901763
X950525	-0.007648931505126369	-0.009678888653696188	-0.0026849445885077086
X950528	0.003766089968169964	-0.015307164589054921	-0.003567538038045113
X950535	0.005630164451577259	0.0038135742540859646	-0.007545318771521467
X950536	-0.010551431029739872	-0.01094013789960288	0.010370943109403749
X950545	0.008235852109106066	-0.010752165131456912	0.002724647932429224
X950548	0.00935165761775909	-0.030161295973861156	-0.008340349681948493
X950550	-0.00631505291738642	-0.005671282903543805	0.011281622665822978
X950554	-0.029247824279342957	0.0769349439659198	-0.02688514944133966
X950557	0.0064318937169917136	-0.01801582268577526	0.0015052596758575998
X950559	-0.0009926609947546532	-0.000946105131239851	-0.008541958436736037
X950563	0.002821831691658356	-0.0058935001107367725	-0.006344239205821031
X950564	0.016229134001615384	-0.004498872158203325	0.0036304108298012717
X950570	0.012702992499430504	-0.011168729587077618	-0.003161261809410351
X950571	0.016744049985017693	0.0004157923832274096	-0.0381810087242706
X950572	-0.0054756533095258126	-0.012145451165731992	-0.007324378629280225
X950577	-0.006984638125554002	0.0013614728288827004	0.00997146398767749
X950579	0.0354481480038764	0.015296698810537912	-0.007301220899264401
X950584	0.07268686645090673	0.029978729344588263	0.04838059342455772
X950592	7.778139797577494e-05	-0.008613572054425278	0.0008398836687568471
X950593	-0.007518620032582345	-0.004250179540851297	-0.0011068381668741874
X950594	0.004496103144304726	-0.02372931031865207	0.02171510838644967
X950598	0.004717451825142206	-0.012355420011688416	0.007027821002801144
X950602	-0.006320833600929767	0.0006165175507048992	0.015011737644288802
X950606	-0.018683905823833478	0.01829741263347293	0.007490767279862831
X950607	0.030392614469937816	-0.015299394248427132	-0.0018879117897141894
X950611	-0.011326209566460778	-0.021585907830400704	0.001702772275138142
X950613	-0.007180489721215947	-0.020336377200248522	0.00951706406639963
X950618	-0.0026611249654948143	-0.015999572485690453	-0.02243073803996063
X950632	-0.012302708675636787	-0.0013998773786485382	0.001033842352657231
X950633	-0.0364814225548927	0.044671929073346946	0.04266687498548675
X950637	-0.00064646609949628	-0.01722825308981934	5.5587187663095914e-05
X950638	-0.009199274549736843	-0.018124512742372534	0.01908253704316072
X950641	-0.012857258665279491	-0.014364218206401123	0.01632582209588035
X950642	-0.009310512394179788	-0.003997969891385146	0.009637360083301433
X950645	0.009511649237429384	-0.003558572531337771	-0.004764985637078093
X950649	0.0014443755794372314	-0.006808176981584425	-0.010538302616006037
X950653	-0.008077805531257724	-0.01215135651375028	0.00994167154836029
X950655	0.005405458398441636	-0.00987515649923843	-0.012047611935928475
X950657	0.032387552272405466	0.011694330440477413	0.0028841687837698133
X950661	0.08727981870757243	0.05290637002595681	0.05663176819848783
X950662	-0.025503570019526935	0.08402989193494333	-0.010792318742225087
X950665	0.005062756784614976	0.0033381331048805106	-0.002900441003211577
X950668	-0.0061547633006017914	0.00705712780873437	0.01283269087538201
X950675	-0.0034810362928305114	0.0039032830466119856	-0.007945449417058745
X950677	0.004701145159684861	-0.007228095859660287	0.005059920488014995
X950680	0.0002751893860570831	-0.012913985433640996	-0.021692325314636014
X950687	0.018175268765976266	0.013116689535796583	-0.014618186384695185
X950693	0.013173831920915147	-0.008423913052334808	-0.0034824365611663462
X950695	0.002112804313293056	-0.005824272953756638	-0.0015727562938011872
X950696	-0.012337214603846167	-0.009573034157648763	-0.0028953727686266933
X950705	0.005057799185028302	0.004938210718937136	0.010383602447291253
X950714	-0.06175055021657933	0.08748321684980367	-0.028583244438837807
X950726	0.02716233318214041	-0.07705970195586696	0.010836399688257283
X950728	0.001843394600522708	0.040353523889007155	0.02577451612418822
X950732	-0.004240187247620373	-0.0002634684239755776	0.015472509013606146
X950736	0.016628153319482187	-0.01992313151784052	-0.018002468620797313
X950746	0.008691049891332145	0.0037430388481790385	0.00680064358039338
X950747	0.008401642627008566	-0.015568704937059136	0.005365089448628638
X950752	0.0049334830430193405	-0.015450142187412105	-0.015334476222834008
X950757	-0.02094790712414778	-0.0022714792570313843	-0.000511075544264296
X950758	0.004323599406860208	-0.005292884059991222	-0.009497570681103183
X950759	-0.002064461772394339	-0.006353610384370163	0.019557392347944503
X950766	0.0031740247686315093	-0.006154948738844294	-0.0009575697246308591
X950769	-0.03143302629068867	0.01185028663664074	-0.03221070748579869
X950782	-0.012724754519762925	0.008805570704447051	0.0031945284092688014
X950784	0.007087659541042953	-0.011914944910021501	-0.0004897372989191955
X950789	-0.011009241304602797	-0.005755786200731326	0.004187760048399154
X950796	0.012229965766608692	-0.02190508535829236	0.012918487294541522
X950798	-0.007456026943068426	-0.022146746696197362	0.012357038082519206
X950799	0.01634987494402187	-0.010007904445952308	-0.015640744184037544
X950803	-0.0013146736300320258	-0.025181997893229134	0.0015122859854321824
X950804	-0.006798807271847823	-0.017093898558547743	0.0078801116138995
X950809	0.0021705282442724566	-0.01679849626740397	0.014059233363356452
X950810	-0.009625174328194415	0.0028700419038749122	0.02071764871592993
X950813	0.012157357979799438	-0.010474508224042901	0.020920478037829093
X950816	0.0035632601728183295	-0.005972058562408716	-0.016016391981645617
X950827	0.03782657143682368	-0.019180329438096357	-0.004681024280106548
X950838	0.011431722424065982	-0.018865791414488194	0.00899951741533885
X950841	-0.0009968820652618098	-0.015039910692338863	0.009104174695281917
X950845	0.0013681254041058165	-0.012478721664535045	0.06962522362973411
X950846	-0.009399316200873007	0.00489384578365493	0.0028147649978286873
X950851	0.03894083183399575	-0.004641779955579952	-0.010748364234430437
X950859	0.010156236598236279	0.011055266356458007	-0.003148377913297098
X950860	0.04169096131207084	0.02821022830261687	-0.011932574041228175
X950869	0.00365641871723127	0.006510881811285206	-0.010746592588334488
X950873	-0.0007670491158325516	0.01097268857578455	0.018026486322641196
X950900	0.014850028452548882	0.0352688595701188	-0.018497021851093632
X950904	-0.008093009763078387	-0.006564890932418553	0.020772938708724504
X950906	-0.011681712816592818	0.007879964834867253	-0.008440150654098331
X950911	-0.003706093150297024	-0.019147534349944557	0.008932344330198806
X950914	-0.011040551104300921	-0.006304155234324836	-0.03641176425495715
X950921	0.00633260066271663	0.02461429442578215	-0.024298291402481027
X950925	0.0005014515573891708	-0.03450512598517778	0.002548876890920546
X950926	0.02346251621896612	0.005231069106493605	-0.017156571319726976
X950929	-0.014997423389946725	0.009649984469283097	-0.008209682376755302
X950963	-0.012867970420694638	-0.003142048844514682	0.017413181989455094
X950966	0.004717093740370308	-0.0011139790364050493	0.01829067885373928
X950968	0.008663867444227669	-0.04037140986103831	0.020084724883674448
X950987	0.007437350903135158	-0.000264048445711034	-0.005369443877347521
X950995	-0.03152032291528487	0.007442024976674605	0.004643346518056492
X950996	-0.015770989475232252	-0.001193292665140531	-0.004565074613085159
X950999	0.08107597421839353	0.017894292266038656	-0.004931083668414295
X951002	-0.006460837735878863	0.006546417020287851	-0.015441290709990308
X951018	-8.387938635230065e-06	0.014976469492333288	0.010965629838714935
X951019	-0.006830300870431088	-0.012081270630514554	0.03965248972566759
X951027	0.014968243411830657	-0.018849228854961573	0.01685134997375949
X951030	0.006748294624343948	-0.028305469136761657	-0.01655770304092286
X951041	-0.0062302206754185335	-0.0023403870189837956	0.018933795596795335
X951051	-0.014922423564699788	0.009878384665307542	0.005083723565598919
X951054	-0.004694921394938943	-0.005898850747678364	-0.0012794251010400724
X951055	-0.0004798788320212321	-0.002959209340861631	-0.002003930001028089
X951067	-0.001156043968056054	-0.01074445545543366	0.0019625794119461954
X951071	-0.005594361938619457	-0.012758808999865487	0.013623739365535471
X951083	-0.01777177479306222	0.01400657179682344	-0.007539765907629241
X951085	-0.015428272954413442	-0.005019271122916861	0.005599487533934849
X951115	0.0030159148277458954	-0.007444373847960489	0.001091678660645683
X951141	-0.004938131229398605	0.030332065718239938	0.0015189177834846073
X951144	0.0057841223477869365	0.015409027381066748	-0.018395610896698666
X951150	-0.019730894108648214	0.012461751811647595	0.01404476552387679
X951151	-0.012775079747754	0.007204845397416835	-0.012693577374045702
X951154	-0.00043968163598047226	-0.0047027002281054015	0.023918414524460686
X951156	-0.0006844959352062693	-0.014827074962113326	0.0024212480928229906
X951162	0.0011631039730084904	0.016697804515242953	0.0029214705039237376
X951171	0.009238968460905939	0.0053140115575313705	0.024042996097020874
X951174	-0.011614745928886724	0.007151409153829743	-0.0029488179235453165
X951242	0.006624260804318542	-0.014578740863192432	0.0008775806513157391
X951273	0.005588411435406687	-0.004483551583903843	0.018849938362908044
X951284	0.0011385803405157388	-0.010148886142895379	-0.003990369465325437
X951317	0.009959096394470294	-0.019638766642652364	0.01696836163989885
X951318	0.01745171974350606	-0.008621250231701915	0.002543261282569338
X951322	0.004706582339272555	-0.019190121328298417	-0.02275536494626684
X951337	0.014060356901688434	-0.0033216407035966925	-0.007696551081220843
X951365	-0.015943753849260504	-0.02870977378175375	-0.02270403636817276
X951409	0.025712900411728107	0.03703969657215283	-0.01631395327882161
X951429	-0.0035074251772649187	-0.01923777060952687	-0.011935620238704453
X951457	0.030397374199484725	0.011116265683841027	0.004559558187743134
X960001	-0.04385615226404892	0.015172952105018825	-0.03697710170513022
X960003	0.0026771977569962063	0.004567851323719792	0.03036783226407056
X960004	7.627080435396183e-05	0.004092199058561525	-0.030863631278446668
X960005	-0.002859124050187104	0.003153223268463549	0.01601829487456122
X960009	-0.020716431033481347	0.010918971250371405	0.04317169790516234
X960012	0.00541890562051991	-0.0050135070456206856	0.0036012869877558988
X960016	-0.005608637438255174	0.020983532788460924	-0.01050612989957919
X960018	0.020063502891777205	-0.02918690851991276	0.008663103824388277
X960019	-0.050868736100537715	0.01052368008634361	-0.05864986370450763
X960020	0.010544747680414291	0.027356219562356256	0.017404410440795704
X960021	-0.022920396072035328	-0.012962748858305279	0.01653116134879744
X960022	-0.00497606884510079	-0.00561432558702229	0.008716945402137436
X960023	0.010873637617119115	-0.04653638281930094	-0.028027311191747322
X960025	0.004788904750917697	-0.0034906014621114917	-0.0009599480391635567
X960026	0.007539943266290717	-0.02224612655312448	-0.011240580834957202
X960027	0.013383826828032186	-0.01881049287854175	-0.005984517596357197
X960028	-0.020804380654254075	-0.03444497641309558	-0.04181920774306912
X960029	0.014267540311722247	-0.010031195622237074	0.02452036229810413
X960030	-0.02310344032898637	0.010391969009056114	0.025198260636697712
X960033	-0.041039802685651966	0.022983427107115775	-0.0384062972103658
X960035	0.09513883636397893	0.05820634444050109	0.003672872998944373
X960037	0.031118139587417357	-0.03491720949775326	0.012740492974031747
X960039	-0.007073754118552145	-0.0022630856942991136	0.009416809906202387
X960040	0.01843036455043647	0.02461343816787637	0.009131153649540412
X960044	-0.010119043429719692	0.02018531891146071	-0.011786211453587192
X960046	0.05524505533851459	-0.053369126718873346	-0.08216835827200954
X960048	0.010571259950454923	0.020756297127030476	0.04871978697896905
X960049	-0.00191473492413471	0.018907251537864083	0.004709045136007902
X960050	-0.0025256285845456864	0.00034279428494057287	-0.005929667751618525
X960051	-0.014683091660488168	-0.018047078427482675	0.007705884643569767
X960055	-0.016301882467488333	0.009963262854874285	-0.016743601373572663
X960058	0.005774523893344842	-0.0033194416767816427	-0.02706183222788368
X960059	-0.019338278039795573	0.014587329810390676	-0.017867481921722172
X960061	-0.04059587171931467	0.02390346802145615	-0.0015778906579828804
X960064	-0.0017221208095095563	-0.014132031203313843	0.00041491502840849064
X960069	0.0003450911008145682	-0.019882486596156324	0.0215284495203537
X960070	-0.0012065429317060063	0.005609861616071712	-0.0011919428711250008
X960071	-0.01673403706365238	0.010741750024612884	-0.008132584482242959
X960072	-0.0328083616316103	0.01871824680503043	0.0018123889063806579
X960073	0.015026793804785835	-0.029309947777620256	0.0009785371703227273
X960074	-0.023036453353726907	0.02264200610053031	-0.016101254219987413
X960083	-0.0025210590836169263	-0.002326370632042468	0.0007947359081557539
X960086	0.020306373408744048	0.02439165830710113	-0.1105266072207641
X960090	-0.02012255903900614	0.01134625634466301	0.010871869721519106
X960091	0.016250219237540556	-0.017958730712934044	0.012948474176128457
X960092	-0.03797200200978593	0.02086835688628605	-0.011770842630243026
X960093	0.009788888201743716	0.0022300070867376015	0.0168977857994318
X960096	-0.004066424113722436	0.015858695037511472	-0.0055763690537587
X960097	-0.00617675555170455	-0.005103619430003008	-0.009560503460184146
X960098	-0.0036736580432431445	-0.004402171267210295	-0.006592766080867016
X960099	0.002343376023407905	-0.007736369243430184	0.019786130242037486
X960102	-0.007789542595469318	0.008972071497491043	0.018049155623617516
X960104	-0.0190313775309154	-0.0037438456912333032	0.013897000126988973
X960106	0.0018725231991469796	-0.008321266841069796	-0.00404146089195745
X960108	0.0003552648831000611	0.0029557171181664875	0.020157769645448277
X960112	-0.031290029409153264	-0.023833085157229275	-0.05711543661567174
X960113	-0.016344345670714043	0.010604623137957141	-0.006301576594820345
X960114	0.01233499154113994	-0.0137472714132045	-0.007710624909875217
X960115	-0.004893857223654691	0.0012796854823352518	-0.023245306171138715
X960118	-0.0025017799969995623	-0.07803223908031795	0.0008881773431578634
X960120	-0.005795632895132962	0.0022731188096863347	0.006068625910986239
X960122	-0.047266150797173154	0.005541830513311899	0.007655074114529544
X960125	-0.005352532592569363	0.01330531183212693	-0.023419246661999463
X960126	0.021126581286583263	0.0009956604617243998	0.013529595745026268
X960129	0.011862225637040261	0.041877929104271634	-0.0016772101104423757
X960130	0.008837063051240839	-0.003837438813233725	0.016262585091192848
X960131	-0.019555502798913264	0.0277450018224881	-0.010048852532679209
X960136	-0.022307689463520772	-0.004176439956097382	-0.004370936330820841
X960137	-0.0001593129127754389	-0.008067934777176513	0.01171392505024125
X960140	-0.005200989308423754	-0.0028851310785579817	-0.007324099033332224
X960146	-0.051190867172868096	0.04039540907578894	0.14985853303289182
X960148	0.022831426841579103	-0.020053647350289604	0.015775440574734092
X960149	-0.007149738230347676	-0.0033863455589717996	0.010507947387100569
X960152	0.02813303651234748	-0.0038206890898840285	0.009350787789464441
X960153	-0.017846781168627625	0.049728298975210763	0.010927197891143681
X960154	0.022926874191886513	0.04266073182660613	-0.0005292435190630258
X960158	-0.014642078868497518	0.001767000788247787	-0.04929463229250468
X960160	0.015015680464568314	0.020821064489643947	-0.011029507627843427
X960162	0.002335763858368155	-0.004766805526318295	0.01096798206886421
X960164	-0.006823649879845689	0.013580923182561433	-0.0032331960987440145
X960165	-0.0037842816127125517	-0.029627889877729904	-0.04104960186138145
X960169	0.0004485641955732921	-0.004101745584900369	0.007000718863165294
X960171	0.008826303141601839	-0.0036548336410011143	-0.01064130871592613
X960174	0.0151746582387618	0.016689657269922022	0.019280234348918568
X960175	0.0035295206623284173	-0.0072855167611461154	0.006293374954598525
X960176	0.018273232585325618	0.00018066552116179435	-0.018661747098572573
X960177	0.0040377445462056695	-0.058115230347183286	-0.029354496402079645
X960178	0.02028146371805705	-0.009817129221742476	0.011879648788405
X960179	0.002389610352402546	0.00380610149638085	-0.004930617042519768
X960180	0.015789464923528607	-0.0187829944613496	0.037921278482173325
X960181	-0.014630023637543071	0.002673122590002154	0.006979271375437984
X960183	0.02315689736819853	-0.03095018537140746	-0.013738112025240952
X960184	-0.015682186255307942	-0.011523968395357699	0.005493768160218583
X960187	-0.017636348760513308	0.05006337466208014	0.027756236897444476
X960189	-0.010556556804423505	-0.021221240463133343	0.07468879447486461
X960193	-0.003961445244597616	0.04202790964537747	0.01278453854109205
X960194	-0.03977293348289388	-0.015115219735387556	-0.059187706851299225
X960197	0.00070488583431786	0.010430196155433231	-0.008666678490448226
X960199	0.007362670067111765	-0.005878845902711975	0.0017872662411592378
X960203	0.002290155262717895	-0.00717276063147043	0.0059752457450012635
X960206	-0.008333319202101867	-0.05931139407208534	-0.06904200061557793
X960208	-0.015261090105926902	-0.049129000252966494	0.07739726280055594
X960212	-0.0031578813943880703	0.014892712657272541	-0.003435756014732746
X960214	-0.020876114149592596	0.009672192569199174	0.029339339471207853
X960216	-0.00880640011284339	0.015381108941269385	-0.01177595944097293
X960219	0.0038970687395800036	-0.0443568862440061	-0.02256118078808351
X960220	-0.008220128094150419	-0.03480599818394617	-0.03060697172499015
X960221	-0.004819136094676954	0.018224528637427555	-0.029671835317760565
X960222	-0.03633024795904699	0.029912060266217302	-0.042298894441448
X960224	-0.01016823678316379	-0.003634920805019189	0.0023478107424385725
X960226	-0.04296162257341869	0.12948765040547597	0.07865843915841592
X960229	-0.014951230508448142	-0.003258660862863698	0.011210892942027973
X960231	-0.025353166817946415	0.040117178405841634	-0.016918659507069205
X960235	0.0297968109773733	0.0013694946880282144	0.013557435425085066
X960238	0.01648201535468781	0.002361543445865248	-0.02721469217671819
X960239	-0.047506889359045436	0.03625492360315976	-0.02823293706814525
X960241	-0.011281196982885653	-0.008309808967654436	0.018119921581423386
X960242	0.15607669962261742	0.10297989151904618	-0.07542398911584905
X960244	-0.00998593586142411	0.0032189674504134545	-0.007933439363909197
X960245	0.003121688460214994	0.037892835451260494	-0.013673845753913465
X960249	-0.010276387980178906	-0.015923833773280317	0.024020985082676815
X960250	0.004845074865778722	0.006656591072859421	0.009362667842798269
X960252	0.014953864176990872	-0.0020913484305394216	-0.003319833522452315
X960254	-0.0031974869617874767	0.008200605173895478	-0.0385778535041869
X960255	-0.00856591376400723	-0.0021193924043571588	0.01723233773146335
X960263	-0.01057155873706595	0.011891905041853739	-0.0057219619028713335
X960264	-0.005741449961350208	-0.000357884398448863	-9.987794237497167e-05
X960266	0.01311844070053077	0.0014944155551016	0.0031637543402361595
X960267	0.005099452863662215	-0.0007099374809043127	-0.007830010478227727
X960268	0.024620592823283608	0.029406101094421704	-0.0036383966967194663
X960274	-0.019667016908916597	0.011955753611107078	0.015888657789119784
X960276	-0.011410951494481002	-0.01726293968257452	0.021620036680831442
X960277	-0.01740348217182593	-0.024066902140048092	-0.012175788880073233
X960279	0.029694738645758244	-0.01950939460967446	0.015753923561494916
X960288	-0.0043019393211365204	0.0004164062764510189	-0.007946633287134823
X960290	-0.010945692351791039	-0.002762801694863843	-0.0072531278119548435
X960297	0.005235501904940444	-0.008102164368218612	0.006149822186978025
X960302	0.00990511021639535	-0.053062540716499865	0.0111531662512058
X960303	0.006677800141888059	0.00854675548803608	0.011511614150641133
X960304	0.0383141346092408	-0.033610072408195114	-0.019399520348789025
X960306	0.05059247604179752	0.024568431493956627	0.03442230962129187
X960309	-0.011958493405973169	0.07211710902406368	0.00030009625076427113
X960312	0.015231560882289594	0.017208422800570153	-0.0015871505352308666
X960315	-0.014594397381908824	0.012622524840145555	0.003606321988180217
X960318	-0.004257203045798882	-0.004990184426386516	-0.019939747451491158
X960319	-0.03188972975209796	-0.0018216628457484135	0.03259297187302258
X960322	0.005777996624653932	-0.0215740772980827	-0.006135928900937801
X960327	0.01238310233505795	-0.016055317201031913	0.010618950229787507
X960331	-0.009611226595309582	-0.0023962366647459253	0.004698283239589241
X960336	0.0020781378206614462	0.02756843808854812	-0.00439440805261365
X960338	0.02639568332260939	-0.07076460281339762	5.579399282367568e-06
X960339	0.009726358838669496	0.0024936409712434074	-0.01087321869102261
X960341	0.009717879042876253	-0.0013584659186766982	0.02939131996399967
X960342	0.020209888217597276	0.01736152761995374	-0.011090496986506103
X960344	0.025865759796584724	-0.0017876848567499241	-0.013659679957012658
X960347	-0.005472205978540609	-0.0001848963876316691	0.005318353283616609
X960348	-0.005431835592738809	-0.0042360394238305675	0.009673680418027374
X960350	-0.011488968146807495	-0.010805339204384697	0.010778994069157014
X960351	-0.00841084368729007	-0.01599705461216972	0.0005602893119917552
X960352	0.03166645528324756	0.007002815992740854	0.018636620660229787
X960353	-0.04280337441225906	0.014315229778956285	-0.03031278019661492
X960354	0.0234495861614601	-0.0802092530637769	0.0037626846970021336
X960357	0.014381599236338484	-0.05772028583748089	-0.021563985296271862
X960360	0.09389085753461619	-0.030454106300989697	-0.0258233165879119
X960362	-0.0160296257625541	0.00577471043795959	0.013927667709446171
X960363	-0.02164148140938786	-0.0016841362537706834	-0.044765296086798315
X960365	0.0022557832647429237	-0.015058016017591297	-0.02278828747676846
X960368	-0.0066645194106808485	-0.0058840920883816246	-0.0015587343563811865
X960372	-0.025824237466649705	-0.02076339124166654	-0.03135075337101863
X960373	-0.011999867534879197	0.0074104751171058586	0.007332160697120177
X960374	0.05760521300437671	-0.00655757054038717	-0.03092011898564012
X960376	0.05601210809389088	-0.021468404285929683	0.0022933278166399704
X960377	-0.009615887713383014	0.016347438399157442	-0.0387759024863011
X960379	-0.005420748281950841	0.008966324063655055	0.008772761739051472
X960381	-0.01510181919624418	0.01045028565012784	0.026203651878691628
X960383	-0.02905860269071271	-0.015242458502469866	-0.0401139597658286
X960385	-0.031864352346730754	0.040072088364601	0.01510973295226902
X960386	-0.050555288616468186	0.00684283364253974	-0.09125506765917095
X960387	0.008521531665785259	0.012268396546213721	-0.01091617113306208
X960390	0.007368211011965575	-0.014888757212041666	3.363223931650603e-05
X960394	0.03364378065936487	-0.027750174433669686	0.017225274476845267
X960398	-0.03278890154685113	0.0038161414630227537	0.013594900326788548
X960401	-0.011836791168811724	-0.001100580189543572	0.033628205941278806
X960403	-0.012440982890139262	-0.008478190925011958	-0.01509927326211231
X960404	0.006997093188377867	0.0018265446596564315	0.00913542989926793
X960408	0.018330041947945522	-0.11063216991280869	0.0009314605697632223
X960410	-0.028666943921649066	0.018194865080679547	0.015222849313149649
X960411	0.01782931840451644	-0.036158088187590885	-0.005093335460230203
X960412	-0.023338276543672192	-0.009608294451088677	-0.0038661499721208727
X960414	0.02192979191414584	0.024443394242398317	0.005345782555515163
X960419	-0.012558387527730757	0.010586914276108157	-0.013823892692683096
X960421	0.07957762077750742	-0.010986125630162507	0.014136434471482837
X960423	-0.005322004142445413	-0.01110434923586511	0.01618856180721486
X960425	0.006848943256449479	-0.01686354980361553	-0.008806285168998932
X960426	-0.002039444843476645	-0.005718830589087074	0.005260779106335395
X960427	0.014363235062553303	0.023120511280942706	0.007567859342026368
X960428	0.0010975088950376936	0.003722602690332338	0.018986660897828096
X960430	-0.00951600061300098	0.00525615114402645	-0.003486633303782277
X960431	0.0022067196846171063	0.01264554454654886	0.012743524716902422
X960434	-0.004761540042823112	0.007153534509894201	0.027359342106045095
X960435	0.044564633135949466	0.00608356968900356	-0.01632556472129876
X960439	-0.0031019925344527885	0.005261893436646737	0.015342121738736123
X960443	-0.0347692912116246	-0.025160599860198612	-0.07486869911011622
X960445	-0.006719381564084024	-0.005870150632048006	0.010147278549735581
X960446	0.002172528043579435	-0.0008551231462619282	4.403298938255118e-05
X960447	-0.004169361263046076	0.00875816257866238	0.002119950750874559
X960452	0.012925377847140346	-0.004461009925439955	0.01010028941604404
X960463	0.09488257682173853	0.0600400219028244	-0.04575697781145091
X960465	0.0977876810514026	-0.016532231455993973	0.046857962782316506
X960478	0.009144505025675665	-0.0009181480029983579	-0.014056495116047334
X960480	-0.009190362822922815	-0.0209191576816062	0.013903531215299891
X960481	-0.004348841065972669	-0.08583140535143895	-0.0005290098230547373
X960483	-0.029593228330439463	-0.002325843596361414	0.038837416641898534
X960485	-0.021035952222200772	-0.07725427202796309	0.13633868350667694
X960490	0.017358080829908487	-0.017506956035926946	0.00748374941919293
X960493	-0.03487096517735198	0.027537414077055018	-0.051430924739336546
X960494	0.020900388799437362	0.023438266006344233	0.08608289538735045
X960496	-0.0028546307160882776	-0.004976889293947869	0.01515848076461151
X960501	0.00020286769588666429	-0.009841232988306737	-0.018980341838764
X960513	0.012432407994730948	-0.0011358097346125852	0.019643184267289057
X960516	-0.0007847578233758296	0.017331674612603758	0.0002663586796220671
X960529	-0.012848772238293267	-0.006304601129168036	0.01878730155013937
X960538	0.0038791589958566053	-0.0354030521441278	0.011788970032709801
X960542	0.06688805535789656	-0.1165689714163602	0.021160496668227953
X960544	-0.01985371789245759	0.006458713527277809	-0.006350535230981614
X960550	0.01555989758929993	0.015502992985331332	-0.0009402436201015964
X960551	0.00035060663195397444	0.0009890003804243137	0.0072724401105164795
X960553	-0.005653715297631489	-0.011598811406091012	0.006727435671476749
X960557	-0.03955172038023488	0.06310626364876831	-0.022025406489850515
X960575	0.03339390228558259	0.03309893163117038	-0.12837020282319586
X960577	0.0015085129573253657	-0.00922631090817477	0.008370170004441365
X960589	0.012975938327924156	-0.012556175481742239	-0.011805238604272975
X960591	-0.059904446752639895	0.009278265209754858	-0.042531107202040085
X960592	-0.031992541328338	0.06465949934844012	-0.06271739112305151
X960596	-0.03526164336181858	0.02943652013442909	-0.013054584536486457
X960611	-0.016403126823577054	-0.007306797711376532	0.010469913523011319
X960612	0.04355886471854935	-0.010696156548306777	0.0005028225653633664
X960616	-0.0014046963396209464	-0.0037197228225649592	0.020130373066581338
X960632	-0.007424953766181394	-0.003086174440339272	0.006719435614902935
X960635	-0.0025975276965133085	0.0012225687792156606	0.005422294488591984
X960636	0.0006197484942656124	-0.006841193656967463	0.005041697533362773
X960639	-0.026460858328941093	-0.0026782826961913586	-0.028560636190990935
X960643	0.001587791076292023	-0.006404454049594845	0.0059206345775083755
X960651	0.0016936232501225947	-0.052885554973286626	-0.006551382620134058
X960658	-0.006228236674378138	-0.07438478829588817	-0.03328818109964751
X960659	0.022615465239446474	0.01467433342414171	0.011555564431426267
X960666	-0.006904188659414898	-0.005159004175275526	0.025778344085365286
X960667	-0.008956017912564307	-0.004787179043262286	-0.002376031472594279
X960672	0.010268867804157372	0.025777986434975524	0.012113107809657173
X960673	-0.04715317928053949	-0.007147133191111034	-0.06949802671890287
X960683	-0.06100869764084851	0.04626245397733555	-0.013185097955807737
X960684	-0.011993402109836215	-0.005790334957043782	0.009233865737778395
X960692	0.0057949519573810915	0.029757794096035885	0.02221779111004039
X960693	-0.00933589898637012	0.019128582456821662	-0.007729888068957684
X960712	0.010317286403539289	0.08569672126255824	0.07213787004610095
X960719	-0.004968654285951335	-0.008730614637621125	0.016244631110094873
X960720	0.005219760383852851	-0.02586901413727487	0.004732026764701149
X960726	0.10719548013363452	0.013592056360272962	0.04261006170074112
X960743	0.001439581339153917	-0.03978464378197122	-0.06317446667137644
X960748	0.0013996245245733723	0.004457505205601906	0.04288572015126758
X960751	-0.03343233061783259	0.032235826506795455	0.048026229557828065
X960760	-0.03285088744508284	0.01386602456054819	-0.031012503238856896
X960764	-0.040173748146283605	0.09789452550157207	0.06738022448136634
X960788	-0.016879392760409177	0.009607932883752817	-0.06609919296278889
X960792	0.009182699624269677	-0.028420778090179	-0.0652846881905112
X960793	-0.11633306586633323	0.028220079745222223	-0.117917508901049
X960795	-0.015546995459995437	-0.009080528449845443	0.026152862644709472
X960796	0.02084829347348879	-0.05605432409091646	-0.0034674724570172297
X960803	-0.00869142979924821	-0.002308487895200224	-0.013348722015866146
X960807	-0.008159319487926078	0.032150337572836044	-0.02684218967608576
X960837	-0.019875117730280275	0.013412467169875934	-0.0033470752215112145
X960841	0.0010425710418441986	-0.058681660514574366	-0.04185854039983844
X960843	0.005843860950333469	-0.0041504164934997425	0.015907212668159233
X960848	-0.03844647737571846	0.08573041661947865	0.089230252041475
X960850	0.0036383555819674562	0.024695304503299344	-0.10265489020162022
X960851	-0.0063500028562714925	0.030863782939690314	0.0004836371941863804
X960857	-0.02711193578170036	0.011678294892076033	0.003024044469683469
X960865	-0.007591462038651829	-0.05060128748888166	-0.03588312617079976
X960870	0.010169781295706634	-0.016801859480220553	0.006634898248513729
X960875	-0.0072855355736692815	-0.017526185118998176	-0.03312216829524377
X960883	-0.0006623834327551066	-0.037090957864371533	0.00014962496949956868
X960884	-0.01970958536473656	0.021316278494729994	-0.00496064285620694
X960892	-0.007533787305520411	0.029974082325533	-0.009300792422674902
X960894	0.0005925643938128291	-0.019559611437408413	0.015742558342874625
X960910	-0.022724518864741094	0.0014606405364142457	-0.0023671304467014834
X960911	-0.017044635829130954	-0.011916702144700898	0.018762726316043466
X960920	-0.005407272507065114	0.04725835062804896	-0.009546894077240839
X960934	0.08654579271451136	0.042556457957181014	0.08989637394143996
X960939	0.004330971866629849	-0.008185817666497959	0.00030387899370492227
X960943	-0.02306228301820879	0.017776400975557622	-0.023163719775959886
X960944	-0.10619203718848236	0.03192749418465137	-0.11544189479269017
X960969	0.02763719952437147	0.025565748166506176	-0.021082380750169077
X960972	0.008948360668459816	-0.03387013509903675	-0.011800349206516238
X960974	0.002659313703587202	-0.0014397448026304284	-0.002410743401799114
X960981	0.027999162676536724	0.016294434826069147	0.008992429668261956
X960991	-0.03683099468054887	0.014451311238808473	0.04271154767727957
X960998	0.007843195414595744	-0.01344509014784778	-0.014556248121355364
X961012	-0.003019900234967318	-0.009254932846671204	-0.02830914940296471
X961035	0.020226375373039833	-0.06637325222931571	-0.08581304355016163
X961077	-0.008710645023150028	-0.0014776054154722123	0.020071946631985596
X961092	0.05207134776805067	-0.021583809754873243	-0.021939445869812644
X961096	0.0211202473270635	0.015520164933848989	0.018786186028740586
X961105	0.002887931083719741	-0.005072872408169708	0.010736325547949767
X961124	-0.04057972251087494	0.0064289128266624964	-0.006497730792010343
X961128	0.016051656728596802	0.0011376291612532413	-0.013864488165792083
X961151	-0.003072071486122652	0.008195943471492984	0.0769702993565183
X961177	0.04216211000981523	0.02861523054693108	-0.021031105677051413
X961180	0.060239967877334	-0.0208122611802048	-0.010768247070902683
X961193	-0.02999334448347057	-0.02281992971839458	-0.03911869967881188
X961214	-0.018024966341854926	-0.00878994594449595	-0.0023504213197191467
X961221	-0.013550475243062255	0.003312876064537101	0.0011135634674488745
X961226	0.014068719745682152	-0.08310357592986552	-0.004962055164014647
X961240	-0.020573272288879427	0.012433622856613032	-0.054045619195145896
X961242	0.01765856334079894	-0.03520528276955671	0.0037686671473307577
X961243	-0.08147011369641498	0.015396366821387718	0.27172309787289184
X961246	0.00659306502735791	-0.013257751790922177	0.013260185093416895
X961263	0.008198370251269535	-0.014159086502233024	-0.013243165711029646
X961282	-0.00030839581192705786	0.013379882721941128	-0.010386949354415701
X961321	-0.005006966891907065	-0.013614173300557121	0.004081590840955561
X961325	-0.06506081131518596	0.06815937190568103	0.13982241889162517
X961339	-0.009526795957047167	-0.03973165838844551	-0.06722162974230803
X961365	-0.007681287572311338	0.004992973541087427	0.03969019215675936
X961417	0.005688792571176841	-0.006532542767648344	0.010816004792597903
X961423	-0.025318271581736804	0.0015608490267447221	0.016054146451856433
X961434	0.029228183483415826	0.005687616228761438	0.011954000689559952
X961485	-0.045887590505686714	0.0207406850602448	-0.04023868401474593
X961553	0.058944961755381865	0.09536064132080099	0.010590691023680165
X961577	-0.004838172505418811	0.004726116170328531	-0.019238332513258967
X961634	0.013405260754178295	-0.0193725045537675	0.010993007984868837
X961684	0.00024577549368283956	0.003300086159198505	-0.008619509837276235
X961686	0.08664298798540249	0.10265912073695885	-0.01072896427168928
X961738	-0.019945753576582306	-0.036676954789757396	-0.006733662562613743
X961809	-0.018619791281731315	-0.029662393368946632	0.005033765283072184
X970002	0.0150448312481868	-0.01842743585715193	0.0002452201052086734
X970003	-0.011399608018644692	-0.0059234451208506475	0.010783120255743092
X970007	-0.002225787272629937	0.001238313709818689	-0.02462594806843445
X970008	0.0007260140446511311	0.0002394196374758852	-0.00040170966033536884
X970010	-0.003691107899928741	-0.011372821964394288	0.015046186553121055
X970011	-0.008469847877574486	0.016047985287288045	-0.02680342576340102
X970013	0.006368794065090158	-0.011336263654584199	0.015737253142256217
X970015	0.009838043425761068	0.06598731331872897	-0.032222460332298246
X970016	0.004057278669228554	0.010773354674621302	0.003570327797203558
X970017	-0.047107533264886085	0.025133951476519454	0.02913544213892561
X970018	0.06920114831309837	0.03548679172357436	0.024980544268212924
X970022	0.014731552928848276	-0.0009037384204437073	-0.002443500923870932
X970024	0.002362313083743379	-0.0031808380013047936	0.007644279320551068
X970026	-0.002471135290769681	0.010194095619959995	0.001551481060326669
X970027	0.005523957103078627	-0.013199990645394214	-0.006709419578881345
X970029	-0.0019025672749447197	-0.0032123377207292705	-0.003170170382315831
X970030	0.05012196168398893	-0.06189839351751489	0.02256075872276215
X970031	-0.0136488659263137	0.04307605997195247	-0.021394496699552255
X970032	-0.017297835843023784	0.04915377891159024	-0.01930686192661445
X970033	0.0013651930594904304	-0.026064613050003384	0.08401947413645376
X970034	-0.02609843253745646	0.006842583524328926	0.0009901821878394728
X970035	0.0161571682748692	-0.007116089284198686	0.025236642900750325
X970037	-0.004158121832244908	-0.014873121863126712	-0.0014209905925903414
X970038	-0.017075368459086592	-0.016460564066662225	0.02786929610664398
X970039	-0.003099342486507131	-0.014123048119473462	0.007680162729227316
X970040	-0.021800475992260718	-0.014597370501284256	0.026515823578184983
X970041	0.0027789414541006083	0.0029503751810759267	0.009707824660000985
X970042	0.027977485095132888	0.008377724051618803	0.020906022823864633
X970044	-0.007866980601150025	-0.016668747759659607	0.01528529750469092
X970045	0.014013106118201994	0.021433353165049282	0.02055263346798147
X970050	0.002743413773355658	-0.027708799655584097	0.009981322826628237
X970051	0.01548337055427603	0.020892002919475624	0.005376377535066566
X970052	-0.01066954821300524	-0.018929871197715126	0.016117241679645462
X970055	-0.003331018151996272	-0.002188535924310894	-0.00541598576562147
X970057	0.0062142282601448	0.012558100231057294	0.008313774089825279
X970065	-0.0019591591355874773	-0.0007680453585263242	-0.002929207272481556
X970067	-0.008238578696185252	-0.010096221808672548	0.012771520671202137
X970069	0.0038055223385098274	-0.006340666589678727	0.0028951958176082265
X970071	-0.004298941630536973	-0.007125791721129951	-0.0030664474353008873
X970072	0.009889080641377883	0.017529099359768173	0.002252319125385119
X970075	-0.022505574420401724	-0.03202731832069483	-0.032741948319166554
X970078	-0.0012785463734131788	-0.01019275715596417	-0.011299308858736095
X970079	0.01683745063171279	0.02974492962021203	0.031094561269227997
X970082	0.004038471778708909	-0.0412750302009355	0.020984755591866817
X970084	-0.012087485128508579	-0.001782284110504177	0.03461195364719626
X970085	-0.04809074781198428	0.051850442165093116	-0.016283615502250395
X970086	0.018108261582257125	-0.007569912153356961	0.005013907978122875
X970088	-0.0007000304478158268	-0.01309984142594356	-0.0027931286695913582
X970089	0.003213513724083063	-0.09146957881744495	0.01920866349209794
X970091	0.12764964450910513	0.032221180334776	-0.000830676901951943
X970092	0.10081317431718097	0.1045459335005391	-0.029280260882690007
X970093	0.0016762731661007788	-0.007544921053147851	-0.001980783838126864
X970094	-0.02130408594109458	-0.03147691683810349	0.01287585835192838
X970095	-0.020160779854816232	-0.003913977087414223	0.0175814461298978
X970097	0.022702571611292237	-0.0022171306015856553	0.004634353605970475
X970099	-0.01752379365857587	0.011117948461695568	-0.02404699974400757
X970100	-0.020689650149888446	0.01831777723393665	0.03982412756173049
X970102	0.08114645170594581	-0.0583669803155938	0.0320723638331672
X970106	-0.013339068439131786	-0.0168647848158194	0.012305144193019448
X970109	0.009323773993001303	-0.00016855338560434422	0.007046473813158969
X970112	-0.03139888905905017	0.010980237124610378	0.02176470108396642
X970113	0.012584340341722426	-0.06224157768964727	-0.02699788341561879
X970116	-0.02387970980042329	0.02311217457140513	-0.003699024280596944
X970118	0.002381486295422356	-0.00872625146327996	0.016642122209328945
X970120	-0.0037953102235812036	-0.01200312070391319	-0.022521092536223135
X970121	-0.012380880379494079	-0.16854576831485496	-0.05302449742094516
X970124	-0.013342082115567972	-0.02567169546283297	-0.00985906254928867
X970125	-0.0003900312032792269	0.0016105553495194636	0.0005354763865658791
X970128	0.0501873245970316	-0.08551975044120737	0.021490282976648102
X970129	0.001362239544049203	-0.017836694155092807	0.00971898347766148
X970130	0.014246120509327928	-0.0015828825215056395	0.0004740823193398688
X970131	0.019798753655728325	-0.113451655102428	0.0028328759966933007
X970134	-0.0009778457405409692	-3.773709097193099e-05	-0.0011792915216446312
X970135	0.015520508464861684	-0.006546416301029555	-0.018764839396526595
X970140	-0.00886740444576371	-0.0009387275483201791	-0.01594751861403973
X970141	0.023181140576416872	-0.07758292755362506	0.015906402772980537
X970146	0.000758298321848628	-0.008781177703495568	0.004939328207417258
X970152	0.030119974947426915	0.006294878049568003	-0.009558669900554326
X970154	-0.008589562466940457	-0.018195034804266527	0.022072121489203417
X970156	0.009759173515941973	0.008358680030447643	0.0002615530086160419
X970157	-0.008959741337686341	-0.012245998027152677	-0.0024390404298188016
X970158	0.003533964325714198	-0.01878358772810034	-0.013433688277620303
X970160	0.0023782564629843553	-0.014771421755863804	-0.008894268071048532
X970161	-0.03703731925937219	0.0015666091186999677	0.00737308941163309
X970165	0.005187629125142306	-0.012436472226876293	0.0017216653194233945
X970166	-0.031555803167743486	-0.016795094184197033	0.023806414145502088
X970168	-0.012329213415317671	-0.006429100196170707	0.013608977612058929
X970177	-0.01113195316936445	0.003472972094047051	0.02575385829212063
X970179	0.007623984357737816	-0.00596823375084659	-0.000916605119897064
X970180	-0.00950677896345526	-0.008477588468003968	0.0004657219381451886
X970181	0.008905331216514508	0.005358445513301242	0.005910805521303083
X970185	-0.009965502521438943	0.02560777772483044	-0.041145929317669395
X970194	0.007459981874050556	-0.0034630914956094395	-0.020191814173430092
X970197	0.0005815272836501106	-0.011085592357316685	-0.019321693314315855
X970199	0.002602970390564316	-0.004374728732258921	-0.005758512475129946
X970206	-0.011223173809417035	0.00965637527309048	0.04445890106987266
X970207	-0.014176858779707178	-0.004806648210504252	-0.050272768134704396
X970209	0.003355670524984076	-0.006684962823528249	0.010649131444893784
X970216	-0.006633871054835808	-0.07813297168063253	-0.040048616069165446
X970221	0.016386011551997606	0.0005469551622320692	0.011316946083058664
X970225	-0.0001879551076588802	-0.012287866549938017	0.0048489595209647695
X970226	-0.03029064370848726	0.020246573361140805	0.025830489507418935
X970227	-0.01277594152126574	-0.019276130524365335	0.0036126352066378578
X970228	0.010599273798267939	-0.0053020129369098995	0.0008020719563758376
X970232	0.04740016248201859	0.03435143404855177	0.04052850967017021
X970236	-0.005810938674680525	-0.04872987101571665	0.039377039502089886
X970237	0.01027630172224414	-0.022509099854231905	-0.011585238799834469
X970240	0.0269733497125969	0.06703988046698937	-0.1454143434070271
X970250	0.0010683121292713905	0.014627458831804451	0.012360210194278656
X970251	0.016949613327791754	0.020621826872412916	0.00305257496478746
X970254	0.09973999990975446	-0.048855935744056535	-0.014506073440683248
X970255	-0.016113331051867266	-0.006377964834263132	0.012821002025679436
X970257	-0.005407330036227972	-0.07398918077335957	0.03209274835001449
X970268	0.0018083755281671358	-0.017718159270005994	-0.017598802083329233
X970269	-0.03703115283294861	0.01763448392282977	-0.04252510537617396
X970271	-0.013668233878455288	-0.013907531063787849	0.08137168001400169
X970277	-0.023890085379919143	-0.007296502896903532	0.008797505093976917
X970283	0.10679026339199794	0.07822777593515406	-0.001340879275540681
X970288	0.02161263222527991	0.017781681977255766	-0.003246326776437476
X970296	0.06656361154168737	-0.01798361540099548	0.014403363995180852
X970299	-0.01020267265911079	0.0008110600902518377	0.020127740951532733
X970307	0.0007005573200582168	-0.007450660630135645	0.013947863242739032
X970312	0.0063092914111259665	-0.04072673615338676	-0.004754816539307485
X970323	-0.01365383195266744	-0.003652108599747386	0.014502172467456931
X970325	0.006841331319581631	-0.0016991821278813713	-0.017634712605278373
X970327	0.05056912939368743	0.020914076318875624	0.007822467527977878
X970338	-0.011140430834040286	-0.013985218768251938	0.04072801914475008
X970342	0.09643283478402076	0.044503122729643844	0.039048090129941655
X970343	0.041018106924079985	-0.026507988885863788	0.004244832739646304
X970345	-0.010526202210712933	-0.013750393826211661	-0.0010672866146464665
X970346	-0.017403431715361843	-0.07015460101974146	-0.0238622168508258
X970349	-0.016369018506209563	0.005767807585403348	-0.009184502526213566
X970350	-0.030782911731754115	0.006512635969133656	0.006305694861395698
X970358	-0.013995633288510957	0.024799508526443595	-0.005031372489247527
X970359	-0.006905176812633233	-0.028791049444505456	0.025011351768670996
X970361	-0.03978271144752544	-0.02179934324581979	0.021219996983916228
X970366	-0.07032802321469431	0.02753926220112073	0.08246406436010856
X970375	-0.0033273784910897207	-0.009702690728196336	0.02124588627359312
X970380	-0.01565573049086549	0.0757327513643913	-0.10149125582273565
X970381	0.026900053969176153	-0.0019441930393211022	0.0018646486310048872
X970389	-0.05339328628189864	0.10681764157021391	-0.0013431680807593491
X970393	0.009012241040193297	-0.0031259847287987306	0.04972600403004599
X970411	0.04323102600382468	-0.04698550581691314	0.03820813210249007
X970412	-0.007245489873548743	-0.004545148449251087	0.02982315623817964
X970414	-0.005239803902732901	-0.0426890157459764	0.018526903433174688
X970425	-0.011633469672657515	-0.005984610535644101	0.0008039798091689537
X970428	-0.04105947572577914	0.047863942680995246	-0.017374805512633203
X970432	-0.016276506167301724	0.0009981511374929255	0.0036855881444160087
X970454	-0.005864837255306991	-0.006306928518346026	0.009709360398945103
X970472	-0.006044428705112609	-0.012628768197013161	0.016857931794282147
X970474	0.007724472229507076	-0.017600710632107476	-0.00511641634269317
X970480	0.003699914727867426	-0.002409127640310363	0.008606174125026617
X970482	0.034835142765273594	-0.048918862756970716	0.0047079069667040905
X970497	-0.030904549848598275	0.05773013347090656	0.03225052895792518
X970502	-0.00473237701551167	0.050593921049303166	-0.0063493761420295594
X970504	-0.053669675072802576	0.014072726854624337	0.027239759421087174
X970509	-0.011988308872693016	-0.06612422704690597	0.02987854210455715
X970512	-0.011913499200754768	-0.01769562455290025	0.008752896472506525
X970515	-0.00583639534289048	0.010646666983672472	-0.009194513059143808
X970517	0.010514864711218819	-0.004016858898487108	0.0009243191647976502
X970519	-0.00818598567030627	0.0073239207759277425	0.008346031660880299
X970522	-0.004696595348903688	-0.012302352705981246	0.017548219698606923
X970524	0.0025051999370001824	0.007018396286660933	0.024484856399865876
X970533	0.0015902328749005335	-0.004620975724429404	0.0012250555378468073
X970536	0.00806091906927541	-0.015265344419624306	-0.008078926797601213
X970538	-0.0045653369295857865	0.006961682135735286	0.002205895210181542
X970543	-0.001556222356773825	-0.013953478259822913	-0.002465574118743756
X970544	0.027527175877478317	0.0255184638224278	0.00045271993274587
X970549	-0.03904993262268189	0.07267931642468038	-0.0046349342805832045
X970563	-0.01947302111760628	-0.009492781336403718	-0.01729803144563998
X970564	-0.0014925003178425525	-0.006712881334996153	0.007246712191103784
X970573	-0.0010028162655921385	-0.025864113410520084	0.053871773243880934
X970577	-0.020621907208455643	0.021892267258398317	0.02353167700185628
X970587	-0.0013326162732183683	-0.010461145869586021	0.0002678505748583802
X970599	-0.0084531509102245	0.0008235719881356184	-0.03170784663827557
X970614	0.00170355903653146	-0.00735454132490944	0.006273485908966443
X970625	-0.016410369199468058	0.011774091936085947	-0.018846767037582143
X970633	0.07510037305260821	0.005818619604020142	0.013083530810176014
X970638	-0.011631538490035984	0.012708645371250403	-0.029090396666511545
X970649	0.03458471600361372	-0.08944090818553968	0.016966847530251412
X970659	-0.008591834763428795	-0.006914631712481582	-0.022756405336406736
X970663	-0.01661381738831852	-0.013754550093392756	-0.0018804406184163315
X970664	0.013049373089347801	-0.09534001754429207	0.024313942346356015
X970677	-0.021688342814864158	-0.013829092202341641	-0.001254479779719793
X970680	0.0932971857484711	0.022369028815768965	0.037575565893205876
X970687	0.005900761531361812	-0.026706260386558666	0.010280789486528165
X970688	-0.027751581427162452	0.022939922903008832	-0.035132888466470245
X970692	-0.00557208232169413	-0.007002053352945567	-0.031925157617195936
X970706	0.07080458023685408	-0.11621573121375363	0.03332405814816003
X970707	-0.03450993239408428	-0.01961728040974354	-0.05721442286089169
X970717	0.006237715350665035	-0.005430622205131887	-0.005974252772577339
X970718	0.00016571442466682167	0.0037737172291597712	0.0015702017484537324
X970731	-0.004081371554201725	-0.02369711340225496	0.01690110576027874
X970732	-0.016464688972289487	-0.007006446975227608	-0.03175147825782885
X970737	-0.00961034916560656	-0.010478201510549155	0.016454896972779246
X970745	0.00012434588986994392	-0.04633859044807004	-0.0057411181961991116
X970784	-0.009792983931738804	-0.007433312686083288	0.008921686960924874
X970791	0.0033773428937739266	0.0024158179757077527	-0.030223645349233254
X970813	0.007908955186091379	0.020849280662410135	0.03466249750036314
X970860	-0.002491176332840785	-0.011353407596798704	0.008650115624239871
X970932	-0.02384782933497462	-0.0010511835793003703	0.033299172784876936
X970960	-0.04467825188815448	-0.007819343584573243	-0.03380078265866511

Biplot	0	0

Site constraints	0	0
