Eigvals	3
25.511446755119938	23.824284354708468	14.908234908732421

Proportion explained	3
0.45175281553938246	0.3939765924044812	0.1542705920561365

Species	12	3
Propionibacteriaceae	6.332758298401275	-7.5775110021298335	-2.2500301917583365
Staphylococcus caprae or capitis	5.869949582054565	-8.330411923157607	8.337849105784292
Staphylococcus epidermidis	-13.189356313603321	-8.833505650957854	0.025920399099261998
Staphylococcus hominis	8.335607787496718	9.352690017914696	-7.4107473020610195
Other Staphylococci	5.940492941613961	1.1174696705468277	-0.49807134110484375
Polyomavirus HPyV6	-0.6600780116780831	14.875518438152247	8.716906893349858
Polyomavirus HPyV7	-8.732971373195413	4.980422813902191	-0.9434154902001514
Merkel Cell Polyomavirus	-4.40973159091487	0.23897233166650783	-1.7428152744895993
Malasseziaceae	12.274051272770135	-4.301221365704356	-0.12399450101828631
Corynebacteriaceae	-2.1624243322310184	-1.7211095277104265	0.7661187248471991
Micrococcaceae	-4.7514880693798585	1.8888246948687353	-2.6566730884964933
Other families	-4.846810191334071	-1.6901384973911309	-2.2210479339518607

Site	1225	3
X940001	0.0014002980881978669	-0.0014934720488970611	0.0005989131078709577
X940002	0.012631733426965736	0.006942368457107371	-0.012104282615721648
X940005	0.009302665796510871	0.03231053400768339	-0.0016468357437787184
X940007	0.011475601751780057	0.0020183542816114976	-0.008834330495895503
X940010	-0.0259348800436485	0.003208692578042219	-0.024694744111540226
X940013	0.0037441359731272723	0.009657990159177647	0.002456043256142505
X940014	0.05507093363406492	-0.04021564948043885	-0.021269451985788914
X940015	-0.01529296704441503	-0.010572865209498381	-0.006246902001424894
X940019	0.05732462872343831	-0.06712013352758638	-0.03653470948052049
X940021	0.034741531311853514	-0.0025093011489416956	0.006780522176641735
X940022	-0.023947530662800177	-0.0019592083630991125	0.0023303390078937493
X940024	-0.0011968118767103435	0.02299449708385554	0.011657720002527591
X940025	0.01591405643714642	0.010557909677045669	-0.011641659901229647
X940026	-0.02574180589392547	0.05421867678821551	0.009992077764949075
X940027	-0.004552365336294117	0.01378788559378328	-0.005687792643927515
X940028	0.014058871407334856	0.01100346625749917	-0.0028808504454276617
X940029	-0.004646573405841929	-0.006199635161408521	-0.003938917983408715
X940031	0.01247981772903269	0.013399190150305142	0.0020594110633099716
X940032	-0.0056556393460405	0.005810826203601895	0.007160596996698521
X940034	-0.012487417106925162	0.03938728405989553	0.0055407098646181145
X940040	0.02070689200089901	0.00018908931831700508	0.006183413586773571
X940043	0.002866585101603041	0.002011213042716134	-0.0013199240428988083
X940045	0.0344840675193558	0.060863176872580395	-0.04590707030806497
X940047	0.01966474406004575	-0.026506190685607577	0.015598113765173394
X940048	0.016977029649735964	-0.004820267072907344	-0.00011791105751111407
X940049	0.00857492197992045	0.011712309873097824	-0.002847801961099456
X940050	-0.03825384932089392	-0.022828777570869725	0.010645884630944269
X940053	0.003498080810017658	-0.022474372370253043	-5.52239046068989e-06
X940054	0.031097776797212637	-0.010648554269692433	0.01329521262120999
X940055	0.007885565824853094	0.023291251337222953	-0.050713815604543085
X940056	-0.04163978960034022	0.010412944051827511	-0.009239412761894335
X940058	0.015074401875131994	0.013325118580465376	-0.009067612919992796
X940059	0.012630760095602113	0.009510661035566451	0.007869627401901669
X940062	-0.03306858347440607	-0.04257688961946661	0.010751380425010811
X940069	0.0065660870975210745	-0.006097486967740907	0.013210931866108912
X940071	0.021528527372201203	-0.015280977136865274	-0.07401373688311147
X940072	-0.001109259134981123	-0.004765727520459844	0.009659562551924902
X940073	0.05996137059843504	-0.06270052828167381	-0.005915888050221954
X940074	0.010632534693332772	-0.0007944747616454887	0.016157979604590363
X940079	0.05574903342576037	-0.0773790338199236	0.04778597004112294
X940080	0.013716270954923341	0.016868701115265162	0.007372188457778363
X940082	-0.02912961308035615	-0.057590579509417344	0.01280051203697475
X940084	-0.027995426508382538	-0.014553637845026331	-0.004588050641157319
X940086	-0.010766598829112762	0.059296044873576134	0.0030289383706336086
X940089	-0.024577502143487504	0.02329976719931485	0.0010731803071827967
X940091	0.030224866733065976	0.07333556390553012	-0.07816046242827428
X940092	-0.04039839966977197	0.0021397920742341316	-0.006393163178626488
X940093	0.008351324031242257	-0.005295892749012018	-0.0009026927980056179
X940094	0.009031748098843034	-0.05528645936234801	-0.13238447502794837
X940097	0.01016492029517233	-0.004072333597477926	-0.012028604017725429
X940102	-0.006598356481351203	0.012547697951645934	0.009705487266763162
X940104	-0.0035035244877955215	0.0014600470196228495	-0.0036333661927182145
X940108	0.0001855989269499154	0.005916782057677185	0.00022109364059298041
X940110	0.017181212359782972	-0.05454328308847288	-0.010715879838658078
X940112	0.07920542468915062	-0.051568258546336364	-0.04716866890897539
X940115	-0.007117248531783385	-0.03435593119416042	-0.011851907296865844
X940120	0.01166032513240832	0.023768056836084944	0.01822379187661831
X940121	-0.01247134865039555	-0.0719948351672351	0.016688257208093683
X940126	-0.001625988637989851	-0.004220977750415437	0.015667051772081067
X940127	0.0066916140590515035	-0.01254937186896038	0.009242555195483646
X940129	0.020837649743018095	0.05143201515664731	-0.0002313573362293475
X940130	0.01863227697572578	0.0032890929587354126	-0.0050991904642202195
X940133	0.01791936290330317	-0.026466203083190667	0.002368558715067509
X940136	-0.009346859409741705	0.019191924688971893	0.015976707497862695
X940143	-0.00022194633724261813	-0.010681110592014336	-0.014824686878959844
X940145	0.006450029028294544	-0.004876397395800559	0.0003313616289217212
X940147	-0.02657972225474195	-0.003097347893015425	0.010477341807167292
X940148	0.002650472665521323	-0.017958568446673664	0.008740721195462134
X940152	-0.011450135869445108	-0.0064113407951008	-0.007791813202342876
X940154	0.018881467346176673	-0.0055664481849795186	0.028359336012074687
X940156	0.0032443794609790144	0.01045737008487823	0.02907366967909654
X940158	-0.0016899311971126554	-0.009606257437450819	0.03519550633647524
X940163	-0.0057879505288946954	-0.0462245455514045	0.04562519467144157
X940168	-0.0025269001191923768	-0.12597942279034746	0.019817175478314988
X940174	0.07570336760464609	0.0008601093144420692	-0.053073899258493866
X940176	-0.022721870221454242	-0.03578408046978488	0.02294869838494609
X940178	-0.0014687754395328683	-0.024501985068784	0.004195882154915759
X940179	0.021817147534764558	0.002134492646588952	-0.009320172678185468
X940182	0.019510222679929943	0.0073746575276784024	0.021499009961866558
X940184	0.05134146241426973	-0.06800294352444998	-0.035303061235264756
X940185	0.027827921468270716	0.013219986999482675	0.023274342903052914
X940186	-0.013430138803289951	0.009139642707684406	0.022933745202392906
X940189	-0.038596814016164424	0.003623388410047916	-0.01502260991472452
X940193	0.007380656795457285	0.009489295899868846	-0.0320024298511234
X940203	-0.06554906972843637	-0.03076919238913538	-0.023138188305042814
X940211	0.0036992290873333277	-0.0009509371868203287	0.007280397654543883
X940213	-0.020003722966600482	-0.020129323963002193	0.029622058875491252
X940214	0.02180179368245374	0.003409146777403186	-0.005913017933315585
X940217	0.005335430496384608	-0.011538601779116283	0.00895408807535571
X940222	0.02240948921732446	0.03429444122477989	-0.02459896245926661
X940223	0.010167109459195123	-0.018726623506487003	0.008887182132860456
X940227	0.04555529183397389	-0.02150827404228674	0.006223058691511928
X940230	-0.023640854732583115	0.024592905511124422	0.0101523216790498
X940232	-0.006916150538306024	0.009529418445290726	-0.02227633863425918
X940233	-0.011235670907329583	0.03618605811728392	0.011199090085694377
X940237	0.006681084920862289	-0.01160172878942534	-0.019588086490363983
X940239	0.07863651988453323	0.10310660995369302	-0.10136463354062639
X940244	0.016733366557519305	0.026446922895214886	0.009093750148865681
X940248	0.02492279756574127	-0.005895994795155693	0.005276014319838607
X940251	0.02736059188356205	0.01698340839051085	0.019395413838682034
X940256	0.03351466613188216	-0.014484834667029371	0.029148502925858175
X940259	-0.016646978711192875	0.003695568987941812	0.006299552012021317
X940261	-0.007079200843640781	-0.013613914137529107	-0.016292320594157653
X940264	-0.010032379821985123	0.014740793386190129	0.02569632642096986
X940270	-0.018550077742529345	-0.00933482503550518	0.00917696438298813
X940271	0.020373340930892055	0.0011768112425883186	0.007988878264874152
X940278	-0.012632014301715795	0.005303848097614397	-0.00244534945544226
X940281	0.024051519992607347	0.026840871262741643	-0.007089757759928838
X940284	-0.0003585829628885364	0.011403151240550649	0.02674398803496149
X940286	0.06365282914508556	-0.04104222689031284	-0.06712025748793486
X940287	-0.020909096576510924	-0.019679106676333942	-0.0016010618876631097
X940288	0.008935884301885562	-0.017274740283957375	-0.01579842685657265
X940291	-0.002933246089878545	0.007160067457429345	-0.00011082953565259778
X940297	-0.002827767113054625	0.016485114771977255	0.013290986181109698
X940301	0.01100265840437467	0.0035306009216056066	0.010994720711482931
X940302	0.025735763583553905	0.030576140708785664	0.0009121280071312096
X940303	-0.019383942159005272	0.016957061782645635	0.01849576912627771
X940305	0.00474480298152256	0.018849669814178585	0.0009849618774747926
X940306	0.023276408232965017	-0.06230479742468465	0.001654719238145067
X940309	-0.0031793204615767658	-8.281170417562558e-05	-0.004384974100224111
X940312	0.0045386535075473645	0.014417583950577718	-0.001286662230932435
X940314	0.004837039941808427	0.006650290746981167	-0.0005511842755311266
X940322	0.033785366734534424	-0.06480112949163541	-0.06345878842012527
X940324	0.023664857143067954	-0.015731253061479603	-0.006943535051802874
X940325	-0.032820551423097005	0.032932606315999965	-0.0017748423586319737
X940329	0.03592777736224075	-0.05027007631860837	0.038972503212408735
X940332	-0.005920281210062268	-0.030657156897187277	0.015067709094894643
X940335	0.021321989531754043	0.012081545401388463	0.02085692390617552
X940338	-0.011602470898784344	-0.037982334736902254	0.02345090436330627
X940339	-0.02240036325047347	0.01255502437911194	-0.012841673807608471
X940347	-0.00774733554609282	0.01610007009227519	0.02388138834854855
X940349	0.01007819746736025	0.015948321475506563	-0.004554262924723583
X940351	-0.00010830120224059527	-0.009205688699224102	0.003176540146704011
X940353	-0.017097109860146377	0.04303334215390347	-0.023999638088161624
X940354	0.001654346488329862	0.008502093394891289	0.0029457228635356965
X940355	0.013799173698403824	-0.07073694251671298	0.01658349043444872
X940364	-0.021092995851524035	-0.012994289101826323	0.008680674930513568
X940368	-0.03215937692899507	0.007028239244794896	-0.009316342391132389
X940374	-0.046764715230482645	0.007827704671982504	0.0008779562282502762
X940375	0.009288861857086541	0.00023691765854083385	0.013853620846143708
X940379	0.010837541926906401	-0.00021546090587262678	-0.0012203992904696816
X940383	-0.001679264871276258	-0.038449807495746335	0.017096178890095317
X940391	0.028345640732817225	0.0003575660199303645	0.023453151500445753
X940404	-0.0034238368125286646	0.03863293429490236	-0.0007221117721537371
X940411	0.009171296236748732	0.011084361834609523	-0.02121206568376272
X940413	-0.049604927411237745	0.042407071416106765	0.025223367427767436
X940420	-0.00463013556256518	-0.014106834947475371	0.0027468344387304258
X940443	-0.009446843554439185	-0.0783105589442368	0.00024362372861297464
X940444	0.01950692521101794	0.011420435668944615	0.007468499858832886
X940445	0.0025388246237347794	0.03377804198808416	0.015005866431631867
X940450	0.0120585111765613	-0.021412847576537733	0.02032594788099559
X940451	0.10821149910834543	-0.04543023739121466	-0.11118519123398878
X940456	0.010623044853087979	-0.00010511699805106435	-0.0016217212601163193
X940465	0.00855689021896889	0.003478961864713978	-0.0028758221091008313
X940466	0.017323969511459935	-0.005652124035695832	0.017631922355866365
X940474	0.010051351996802661	0.014365307153721543	0.0027404085331532643
X940481	-0.01071304531241174	0.029577715926837354	0.0163244665704264
X940483	0.016527849366147058	-0.013116579886839777	-0.001998131032620684
X940484	-0.03663369546768376	0.010347663840938113	-0.012951776916111924
X940487	0.023423175924562622	0.03081699781585169	0.018483894385320464
X940488	0.06871305743870194	0.012377273073577583	0.014159376900875972
X940497	-0.016750760578010716	-0.05476902543408753	0.019218156494605107
X940498	0.012784102309332808	0.05289518884929028	-0.009698534534674978
X940501	-0.041837219639215814	-0.07319290041185045	0.009968187554486339
X940506	-0.03253053182944968	-0.06578424369262101	0.018261132660360578
X940526	0.01610648937565976	-0.005794283632593338	-0.005800981633238364
X940529	0.03379464120957883	-0.01309160009889569	0.010139696335991872
X940532	0.007312869760666766	-0.010066188421831247	-0.018023568930296215
X940534	-0.014879599632371345	0.021111113737414818	-0.01366660584103729
X940535	0.026930161868552585	-0.0005402508184481715	-0.02998544894516818
X940540	-0.014635344995244793	-0.005800994287997035	-0.003670887207190174
X940547	0.012234538573556025	-0.0053748656007826055	0.014675867588609831
X940550	-0.04684882307867198	0.026619047588981547	0.0018221365691266308
X940551	0.014585039604177927	-0.035908448149518025	0.014588930756998679
X940555	-0.008708768388653676	-0.017849699059150296	0.01996467559178316
X940558	0.00653406984588054	-0.026060773823374166	0.00576750114500867
X940560	0.07927836566092564	-0.08916155366447939	-0.09024594199999605
X940562	-0.0023099262499363853	0.014822928308856858	0.007935000191682378
X940570	-0.02253233950927166	0.0067368100163938075	-0.009982154912037598
X940571	-0.04834943369726009	0.01993877469506621	0.02489706720366374
X940580	0.010104934235168018	0.007984110710098528	0.017480712216644302
X940584	-0.022122560368873005	-0.0707918454159813	0.015296407314325036
X940589	-0.1090151764699387	-0.07228431706168666	-0.022264662839283487
X940598	-0.0006675323885327102	0.0032062317487284438	0.012233627114072016
X940602	0.04686306410502147	-0.06263831121334973	0.005960085283686815
X940606	-0.005028385069246706	-0.012549657285101733	-0.020499291934714333
X940612	-0.04278165458801704	-0.07381303919381793	0.008266968847316366
X940623	-0.0015559194241709477	0.018550164146653274	-0.010199945935131337
X940625	-0.05897893577109269	0.024573729170167737	-0.01994049515766465
X940641	0.013328017367241263	-0.008068165555716652	0.0001372772913361927
X940642	-0.02347424765082008	0.013748347421659679	-1.3890095089342923e-06
X940648	0.0003602943180570319	0.055012611805504555	-0.006713679117683935
X940649	0.013442856765665246	0.0016170014483857414	-0.0011870127908143442
X940652	0.012975517410907743	0.011131058274994754	0.004229744199776543
X940662	0.010773178683529496	0.006464751430826765	-0.0028093439549872123
X940665	-0.023647422097952855	0.004976735161925296	0.007384446083110353
X940674	0.010017074366533454	0.00400632605353278	-0.0011630478081817912
X940689	0.06002029265659831	-0.04122173870931479	0.0056950807303153776
X940690	0.0032836940060959516	0.027845059309742085	0.02129616895470076
X940692	-0.0320728532923475	-0.034891143034441505	0.0019945010727623483
X940696	-0.014766222964403587	0.019613669380192555	-0.004759683365780709
X940700	-0.020813013894492336	0.010888052524291822	0.032131250982931306
X940714	-0.02888036686887116	0.0016915568715749033	-0.015281544418119736
X940721	-0.024419803362496547	0.013386966039639169	0.01882714589975002
X940727	-0.02799575195323675	0.008586611395099778	0.020104025095602777
X940748	0.03592515090895495	-0.013960303088474168	-0.013527025709665862
X940756	0.003377466838436418	-0.021364356399479645	-0.039187757334262927
X940761	-0.03080132421506523	-0.004796710672585147	-0.007924312827757652
X940763	0.017912167660916165	0.0197663791601753	0.01622874061815237
X940766	-0.012386932802489016	0.03070319984197081	-0.033252878832786305
X940769	0.008760131229275018	0.029383138208171806	0.0057581077967234755
X940775	-0.021163950128925007	0.00537723705906606	-0.009935514607148253
X940778	0.024549425569937902	0.010433437183825597	0.006451273475676594
X940786	0.00030350992405464014	-0.01566841118431415	0.01831285853398045
X940796	-0.0055810114549698555	-0.014509971988492163	-0.01257445192255918
X940816	0.0106466602289103	-0.019591474273630536	0.021329942810845298
X940819	-0.011489350445868232	-0.012348844739522323	-0.012930438305402433
X940820	0.0009341950266221593	0.01116814385974365	-0.005524523226242155
X940826	-0.02662714798413925	-0.011619657503333854	-0.05025650120770255
X940827	0.058525724233442086	-0.012979194232961252	0.02822208105653004
X940833	0.019691963192834148	0.0031026399676330027	-0.027205915751962538
X940843	-0.0021796372878825124	0.02941593970144544	0.0026279250285762713
X940844	-0.002392958148282474	0.036862503137569794	0.01127279750509633
X940845	0.022111482660586053	0.028325796861690986	0.020579904528234147
X940847	0.00385536439536145	0.047835574474593384	-0.014558777899751345
X940852	-0.016905566068960078	-0.004946580179881357	-0.002194752937337726
X940863	0.0007038142897956051	0.025193625157205874	-0.013724596951706502
X940871	-0.018002045506990697	-0.008727978385845254	-0.0483458265028216
X940875	-0.03532536851455622	-0.029833735858246755	0.02600321503565148
X940882	-0.028393149190562943	-0.037191344483995144	0.019023404066671166
X940889	-0.0032040830360494125	-0.0044707327282782145	0.0020865035245273803
X940892	0.003140603621241335	0.062103247529459046	0.012938291080887034
X940895	-0.0030989502238317006	-0.013267847356004343	-0.01463770110680588
X940907	-0.004103044202765008	0.04386812999098551	-0.020949190523985743
X940912	0.019356676815825247	-0.00036260755237210203	-0.003554406846153354
X940917	-0.01920538421986167	0.013363659388024526	-0.014471335724419884
X940925	-0.09800604985804427	-0.0013007255251367435	0.05847692197834583
X940936	-0.0928176342020588	-0.0001878989788953309	-0.03656789955415566
X940941	-0.03581464031607646	-0.01572493049483165	0.018727794393321277
X940946	-0.0020195280055469965	-0.025826781029094522	0.01569627664908562
X940961	0.011001046265777067	0.004619554704752618	-0.001250387077993413
X940966	0.01397328388761566	0.002699590073742548	-0.002188598849178759
X940968	0.03207941357096359	-0.016688013133156276	0.0055145687980616125
X940984	0.005197533511455796	-0.013023559533359224	-0.0523931155796378
X941001	-0.03239639043501533	0.018682451536071714	0.022148121090367106
X941014	0.08203535908969538	-0.07015174313917427	-0.09082464739097765
X941019	0.0005248444602815223	0.032705678812900485	-0.01642817710133555
X941024	0.002971538917217729	0.004702673199209686	0.0029681812262332486
X941028	-0.005566775728424646	0.030639956470512455	0.00911047477465513
X941037	0.07348311745299918	0.008795314491725267	-0.0036173208300999825
X941043	0.020904998819069712	-0.022624081256480612	0.033924204258383724
X941046	0.026001441701268613	-0.008341215823297488	0.0154898215115276
X941049	-0.019378173809644354	-0.015035107814206038	-0.009928658904273717
X941051	-0.022952953579410924	0.01264620039711309	-0.004652847070423325
X941066	-0.003087724728956385	-0.0090431751064122	-0.01641238131197147
X941074	-0.0208058285692262	0.019995667668633296	-0.01912397196677658
X941079	0.002140604260430057	-0.0023485019086207535	0.0032694111683246674
X941080	0.02973838936428501	0.06016529146022037	-0.05589006143622121
X941091	0.01689613368612269	-0.021233842836219565	0.06474089510726096
X941095	-7.963714660854808e-05	-0.018070784996573136	0.009979524426213002
X941106	0.024559618323169777	0.012996636198191863	0.008315251570125562
X941118	0.009018915088540176	0.029284901254212337	0.010737403758738254
X941124	-0.052981563109642124	0.047644408361173826	0.0052623820833972695
X941134	-0.006892107414288167	0.02920683175797713	0.004089960173991221
X941144	0.021274157038099904	-0.013619785369029167	0.02142468549355431
X941153	0.005358721828469884	-0.006314496477606338	0.010470469907411021
X941154	-0.014445793906552805	-0.005055561739589002	-0.009583311584141416
X941192	-0.028347670722635058	-0.03016492713850196	-0.04741468323596971
X941202	-0.01100457039883402	-0.018643355485249275	-0.0019478899675522633
X941204	0.01809658098815196	-0.014650586744314914	0.016422927226264955
X941208	-0.012518969224865903	0.023461523647715626	0.014545533371385058
X941241	-0.029735080406352483	-0.06235779748112951	0.09157837084943862
X941250	0.01320105815774621	0.010779988836356742	0.027974253009134704
X941253	-0.023231331131109968	-0.005019558272431271	0.007735759730184825
X941257	-0.03383010206890804	-0.032302361868741795	-0.013450636948500478
X941259	0.019946450195185355	0.0036086814010949397	0.014390089750281977
X941265	-0.025031975456904113	-0.030672776201190546	-0.026628628235629292
X941274	0.004709631729118761	0.0379101409077299	-0.017767153809055674
X941308	0.01752047564496212	-0.0064666786412423205	0.014957062621695733
X941315	-0.026322703816141955	-0.009781823911991755	0.020824039825265064
X941320	0.0010065944271277526	0.020943816835512656	0.007310241142694403
X941321	0.017391492903007153	-0.023128025257543903	0.011248229155957966
X941367	-0.020682966314900054	-0.04087618407806583	0.006469941578572502
X941373	0.024892879766892986	-0.025251223490948167	-0.010600970308997855
X941384	0.06173826605864755	-0.0808927980531235	-0.07737434057550709
X941385	0.017676754248452952	0.004593089128584758	-0.01618931720999861
X941392	0.09765112256731394	-0.10275411059870962	-0.10934970023486038
X941398	0.0027036844369151157	0.008241705580099306	-0.04369257461867749
X941404	-0.0013562883110755021	0.0006395352542015051	-0.015379769118179221
X941408	0.006826802196035726	-0.0040450765158613665	0.01609783619921156
X941422	0.011258688324193765	-0.027191134327267164	0.009840472492121879
X941439	-0.003751280910357691	-0.007283196020567428	0.004552513161615612
X941445	0.018744573602137604	0.02470999970051011	-0.02233383193818162
X941454	0.013538806737789321	-0.008000342844071168	-0.0021641762215330153
X941460	-0.050711497222562255	-0.04988306124123117	0.009250325402408914
X941462	0.022426407175947342	0.008184505362184178	0.018188551161780607
X941464	0.012163234667283123	0.002846708885083276	0.016539752359759248
X941503	-0.009113203270447113	-0.02391828527688045	0.00983911576290902
X941519	0.006413354678491621	0.013462517518937251	0.0002430655270067612
X941530	-0.02682200846958861	0.0005056234654515447	-0.004630018771465133
X941547	0.008246742041503876	0.007604158553545507	0.006875971001707873
X941582	0.02055882218936439	-0.032802993854082245	0.00052794689703915
X941617	0.013787512980459887	-0.021769853921820268	0.004259740485604778
X941623	-0.04794977318358006	-0.050291819870314274	0.008930100197487802
X941624	0.003239315508120397	0.010038914718297478	0.00973184463604498
X941639	-0.02141103251455073	0.02036857552526275	-0.01211997043638351
X941680	0.002034431577499215	0.04322356402280352	0.0009679325064114082
X941684	-0.029149492147998352	0.026023244196220274	-0.0036149616972458772
X941709	-0.01806623994539045	0.048501950712987504	0.02208317333036804
X941714	-0.002338649801097805	-0.008425469944409215	0.026107148775552896
X941715	-0.004078533920689909	0.02715751842747367	0.0028631981861810926
X941738	0.00897242199416702	0.0012579348602053532	0.0005228489321450565
X941759	-0.02116880276520607	-0.0039083099577663346	0.02576981037681938
X941772	-0.04288737218595241	-0.06343457543067818	0.050078836154790383
X941774	0.007981289813096579	-0.004096618156149607	0.02589905605515548
X941807	0.0013496338537675931	0.05225145496023618	0.021331606441205398
X941813	-0.048526014232157785	-0.0061243913038156305	0.014266373555735373
X941817	0.0136374755585305	0.020190503118888592	0.016424731616054598
X941887	0.02404615450540368	-0.015027089210779963	0.01429747656692092
X941902	0.034713471351955995	-0.031477540008602374	-0.014474162007913674
X942011	0.01251088018835609	-0.02229406378342787	-0.014016137956082506
X942026	0.01748765336252074	0.033612247927158646	-0.06173604619481755
X942039	-0.0018567510040067012	0.031489810775314826	0.007614318877844145
X942075	-0.017671797667116143	0.01573209839525405	0.00016397864668699934
X942094	0.001272607778637997	0.01192566786092855	0.011635652646730724
X942128	0.002632904134578396	0.029336325911229706	-0.0017902397802618296
X942191	-0.11558348396907915	-0.015690512812049865	-0.050759306078973686
X942237	-0.05363257741772418	-0.05252128377133883	0.03704745045057839
X942303	0.03213934396864129	0.005438422753394633	0.025743286912877347
X942319	-0.07706067924938621	-0.0409895256465553	-0.006456227331205053
X942359	0.01589546909333834	0.01407629747096728	-0.004836060526097224
X942398	-0.00131812873328663	0.002126143664522151	0.011180871205219448
X942402	0.05067737392447384	-0.01966698732489588	-0.03774018616629314
X942429	0.031152898122605858	-0.04033936611513692	-0.015643939689184195
X942467	0.004165317652535744	0.038047219978419415	0.00019119470433460824
X942487	-0.03766827139001354	-0.016746761460181125	-0.014038831225919066
X942489	-0.04203061228766953	-0.023226670493353602	0.0007018673063076142
X942490	0.02187432859904409	-0.03286810048625198	0.026015407532932966
X942504	0.021013499454535477	0.008767646174785287	0.008050446398301011
X950002	0.010558432699287745	-0.01284291224468269	-0.016637450802796546
X950003	0.019950133479984852	-0.004935607180312213	-0.012801490338237544
X950005	0.011450456958606232	0.001332799481521663	0.006506336333635301
X950006	0.003938803118895918	-0.012576746502341515	-0.004832358286946866
X950007	0.004285036873933815	0.04559258052124476	0.008940379978864774
X950008	0.006664460120349143	0.03417103780756801	-0.012107575400505567
X950010	0.013637887099107817	0.0020094008822185774	0.014494663744281665
X950012	-0.013874420477341776	0.030369170638429217	0.0019829383322603525
X950015	0.005119808398045414	0.01570412611314926	-0.008416730439182172
X950016	0.008151041512236215	0.005479952311546841	0.013162875519582229
X950017	0.0027068908003999724	0.0035684302925323742	0.004975751903547309
X950018	0.004339774354513811	0.010924066214149545	0.007048102518561108
X950020	-0.0021583816859850956	0.01392226923166182	0.0004955920541984398
X950023	-0.11686426461316501	-0.038378562099744995	-0.042201920451596805
X950027	0.0018004465657392244	0.011166725716280693	-0.0026628222814213667
X950028	-0.13341175842682687	-0.04845885652304731	-0.06281317903030106
X950032	0.00022310357833595323	0.002199359307762613	-0.0027770356800765695
X950034	0.011508141260605651	-0.004162830832706481	0.01021648284164974
X950035	-0.0021247709737165998	0.002490985998951581	0.00960034394179843
X950036	0.016137750472626645	0.00786854009889516	0.007244681202621154
X950037	0.014243183887196137	0.01554592102776887	-0.0005619985160407462
X950040	0.0058921586062304875	0.0039900699486779675	-0.011339818764641237
X950041	0.0058375715010782064	0.006555560154556407	0.009546376895849805
X950042	0.009640070521988594	0.011579720500436133	0.0028127891370111065
X950044	0.010033735912690496	0.020428218282469383	-0.012668090189056487
X950045	0.012194808299809807	7.103826548383176e-06	-0.0029911080390319054
X950046	-0.0010534114678405584	0.015702586035942007	-0.0015372804052332227
X950048	0.019494078306017244	-0.00850571416099114	-0.01407399961651569
X950052	0.06432534548912602	-0.09604809564769945	-0.06789453439175794
X950053	0.012057506310110731	0.024360854772393453	-0.01533762831320658
X950054	0.00758186652531592	-0.0005032446219584084	0.005857077645211801
X950055	0.009138799860901914	-0.02145631923989901	-0.012606058816813719
X950056	-0.11233590141888973	-0.03546387724078725	-0.06325401435341585
X950058	0.021257014704408255	-0.04255788482923982	0.03753732635675163
X950061	0.010865082618852497	0.02259148739980572	-0.006297838837930884
X950065	0.006989125063015754	-0.017859086281708823	-0.012499357760643376
X950069	-0.00026773795516427844	0.01888717740559024	0.005903672642972757
X950070	-1.047774596517467e-05	-0.009034034143364523	0.008796365671151224
X950071	0.00432912346141194	0.019680210285865883	-0.013036888207691975
X950073	0.0072930048246311165	0.0566022118191475	0.03177371452810829
X950074	0.0009047293815302932	-0.00269859786811346	0.0023008741004533115
X950077	0.0021214061815681483	-0.00497505736239797	-0.010758955468152554
X950078	0.009188406811793145	0.005211703247166086	-0.010693559611672693
X950079	0.00632857239509752	-0.012731066885296327	-0.006694812324433583
X950080	0.012453057881998261	0.010699815547890252	-0.009952497637066857
X950083	-0.01964585025096433	0.016197593410247582	0.015617907679593748
X950085	0.006393228064135054	0.0061925029483406524	0.006781354668377407
X950086	0.010408259763986611	0.0072358540686990915	-0.010044644170577538
X950088	0.008029794005662252	0.016663914341770027	0.0034689925003521345
X950089	0.010021222461528853	0.024514770292862652	0.0243574203505907
X950091	-0.0018858141033406522	-0.026640053172402457	-0.020154052150855847
X950094	-0.0015093644320507257	0.04318537793197064	-0.04519421544579214
X950095	0.04502622379300161	0.0058099284703292	0.00047424001284468144
X950096	0.006863328283617699	-0.008441455416380054	-0.0036823416212305505
X950099	0.01416764549650435	0.0607191807248549	-0.06085809079003725
X950101	0.020667922827577862	0.008389562023107469	0.0037193587352001866
X950102	-0.016076063744751852	-0.0075299311028658444	-0.01544997281712003
X950105	0.011770488067128921	0.027563206853015706	0.0032400523340523815
X950110	0.016628242007257994	0.01311046342306959	-0.012109386619430024
X950112	0.0021114518282236076	-0.012529534775925198	0.01129363168963241
X950117	0.005474074729703062	0.013215319014956714	0.013508971076571724
X950119	-0.0018728584374980387	-0.0003823172435362342	0.021649907229946388
X950121	-0.006394031711476079	0.013885874270889146	0.0009401551679653569
X950123	0.04346363267915701	-0.0011964279549312525	-0.009538698537029695
X950125	-0.008441426406228003	0.0108076880514082	0.01771687858522578
X950126	-0.0021840376935875583	0.02046183977015012	0.018293000413288116
X950127	0.044210049884135516	-0.004003992291236935	0.005019229669499396
X950130	-0.012898835815401216	-0.02799788707359807	0.042561656843685965
X950132	0.013449673015436607	0.0056021588146802515	0.02100512545778536
X950135	0.016972829363947978	-0.014392871613238408	-0.002880883147825266
X950136	-0.058434447396316945	-0.05172542580447209	-0.027557931468903858
X950137	-0.008628992277599862	0.014789534083536894	0.011802532454782466
X950138	0.0004117624423327703	0.004421843055073967	-0.0028585443880539277
X950139	0.008316481343994028	0.0524125143545253	0.002208707730631938
X950141	0.014615987517490448	0.031787666627069375	-0.008551367858310985
X950142	0.031241038185705745	-0.03315201145086781	-0.0060474499215326235
X950143	-0.008256612248018044	0.01612730050337487	0.0087583548054115
X950145	-0.007424014840813835	0.005287766150511431	-0.020155235180881133
X950146	-0.0013061839943648147	0.007149403681319371	0.011315871784996719
X950147	0.008538084469197835	-0.026509464559446663	0.015832088725307066
X950148	0.04796386098005616	-0.026754862680295793	0.006084376551151036
X950149	0.01162836653730356	0.02529938433347444	-0.01250136593724638
X950154	0.007670783943652376	0.0012233049341969723	-0.007615666649420254
X950155	-0.008283314838437996	0.014100170833310386	0.007447259606261489
X950157	-0.15562828767287903	-0.004684466919543549	-0.04717748907530516
X950158	0.0038818032128792967	0.008797406806311496	0.006119861838787539
X950162	0.005774421059756193	-0.007444325934434275	0.014770262254383569
X950164	0.010477525074486908	0.006309439783411166	-0.010622483639628163
X950167	0.012402606320423762	-0.0015213575216294617	0.0012885677316654689
X950169	0.004917433586106469	-0.007431064146664628	-0.021374271414803265
X950173	-0.09279267745920149	0.03352921397769984	-0.04456338204151396
X950176	0.006998355367493904	-0.00085997047065236	0.006036238535865808
X950179	0.01909516500185182	0.007094163435187198	-0.018508715802851055
X950182	0.0006511231273342692	0.01099773173057551	0.004837570049975058
X950183	0.009746311776949509	0.04116088127188451	0.027403896233212387
X950186	0.008830098752976995	0.02925656197199823	0.011300955604293396
X950187	0.006833437994390633	0.0014231209549059735	-0.003966727931752772
X950189	0.03983093145036249	-0.001145596752874492	0.005869593364974057
X950190	-0.059103023817464045	-0.05004087507642052	0.01423925562833789
X950191	0.0014483147196881253	0.012045762224224075	-0.009011324687095935
X950192	-0.06124490407376424	-0.023856810153734	-0.03389433948795418
X950193	-0.08992890574814488	0.0046337227801812675	-0.05709454998890465
X950196	-0.023821794477471854	0.017748820097128123	0.002962327984241766
X950198	0.0019235671809506815	-0.002481904116288359	0.014106583056375126
X950200	0.013955877453665829	0.020073257944062634	-0.009752788148859418
X950201	-0.008041730916086981	0.007553998746441166	-0.003003683337000212
X950202	0.0052477831046771435	0.0046926239215940935	-0.0047687067855052565
X950209	0.010246700157040833	-0.012426874907294936	-0.0054068043104346765
X950212	-0.023462563290318636	-0.04962160786543806	0.005747825408608078
X950214	-0.005013670643735999	0.0033767852419087116	0.002291686885027475
X950217	0.012680675330098075	0.0014345823226248934	0.01340878562336995
X950218	0.008098685889853283	0.004447454154606755	0.004398788255708213
X950219	0.010418571434104854	-0.012902282346557664	-0.01900071665659603
X950220	0.011102784774588672	-0.014217189885995195	-0.015712820443567584
X950223	-0.004411194111968436	-0.00454963275050781	-0.003203041954054394
X950225	-0.14357640250832082	-0.04185462473211182	-0.0594180859451113
X950226	0.003530949779438621	0.0059689736869573	0.010848415685810157
X950228	-0.12743246490003496	-0.05381374372114602	-0.04039830945086425
X950231	0.006307590243584399	0.01287957677970946	0.0012233473701242854
X950233	-0.06744304800076167	-0.02171241062104894	-0.012307234413178757
X950241	-0.008980909873494822	0.006080814389016307	0.01440994137393227
X950242	-0.0133379486544763	-0.008848893162201334	-0.010244119553187846
X950245	0.01693430768626176	-0.004340470753234858	-0.015184024269684977
X950247	0.009269052375763509	-0.015231853679969867	-0.01529155753201806
X950248	0.009661292484643499	-0.006758186358528243	0.0016210473731738462
X950249	0.01132431144454972	0.022918924055293003	0.011968307507852155
X950250	0.012578070799966232	0.025002024620554585	-0.039071530169417834
X950251	0.006807504249982857	0.007161658526615732	-0.011813149036290887
X950252	-0.011123537733237283	0.021254562614195293	0.0029378070107574793
X950254	-0.07009667858608043	0.0026676862128647482	0.0058061293054277804
X950256	0.021985564831578503	-0.02440216262935334	0.007739018506736745
X950259	-0.0010763674315935948	-0.0012233822840370225	0.01293217422524012
X950260	0.013555289331650445	0.02314734024650116	-0.014566690287369686
X950262	0.023851530986676184	0.06443534277794451	-0.025319042353885667
X950264	-0.0021910444567770715	0.013529822323895747	0.00300014416116578
X950267	0.006102777078916023	0.013630503009019324	0.005612281592978686
X950268	0.009895622840575713	0.016973115044660408	0.00528847182410916
X950270	0.001750806030196046	0.021562733834426976	0.010242153437850593
X950271	-0.0022947506758125764	0.010885822439463498	0.0073282487317065485
X950274	0.010979917030141392	0.027992625331455634	-0.008596269839016013
X950275	-0.029004016361323975	0.026172708227992173	-0.03668468256985747
X950279	-0.016333607086170442	-0.016185779232573087	-0.02268462618072283
X950280	-0.006404490325755472	0.01001178076406963	0.009302093963454279
X950281	-0.01260455191052236	0.018722277843682387	0.003656674521959558
X950283	0.0042955914218517745	0.01943763615336882	0.013440531835774292
X950285	0.008558584524679102	0.006748168174647724	0.001889351713388743
X950287	-0.005746906278365589	-0.012992072619681534	0.008757171851833273
X950288	0.014522095073513666	0.016448936678978395	-0.00961302143326403
X950296	0.015322154373597168	-0.002762833254464193	-0.009895131030577759
X950297	0.022248952726481325	-0.011919202277689162	-0.016524494167898952
X950300	0.01655009486468094	0.031000007833551408	-0.0035914458870920122
X950302	0.03051510347758433	-0.024205187365567274	-0.031836186150747264
X950304	0.006828143673030689	-0.00631996678348481	0.021484798368157053
X950305	0.00839559337891476	0.012015746632659115	0.01262755495557028
X950306	0.008582266832775461	0.011633151438406344	-0.0012080448978830794
X950313	0.018350529897681506	0.011628548787711508	0.008652944686298914
X950314	-0.018323594840395183	-0.031230603444138087	0.002623882483416744
X950316	-0.016013731771773246	-0.0010207785945264868	0.005527195562922745
X950319	0.0077876159671525025	0.006284787435100334	0.017727648279757122
X950321	-0.019232682141254828	0.017411775400196904	0.0033161378105258568
X950322	0.020971180601355163	-0.024366821063453715	0.006384084206780937
X950329	0.017991038751125378	0.013137030284440116	-0.01698548783419292
X950330	-0.003548965235949088	0.01496315739260928	0.00443565526110727
X950331	0.011333820844565788	0.02337657761373652	-0.010759827069717329
X950333	-0.020337715948712403	0.016794829183761448	0.019318438020012117
X950340	0.02427530755351326	0.021307584062903805	0.0006133434751787432
X950343	-0.00011699597704587651	-0.0036963993647813904	0.0007439803566167899
X950345	-0.01904996047160923	-0.005302976099645336	-0.021090404602404432
X950348	0.0005455993391967705	-0.0008458546709900564	0.018755559433167927
X950353	0.006666627303821082	0.02142636196085048	0.003850164036361556
X950355	0.00017016041920412742	0.010654011179110122	0.0049465121071221125
X950356	-0.0338227404532159	-0.05109160379556672	0.012610985776376996
X950358	-0.021246009179916443	-0.038301479947828836	-0.019488266718504905
X950359	0.005684212444824344	0.011159207695753985	-0.002332133504491174
X950360	-0.0043458918943383345	0.009106802422435964	0.0061009874728443925
X950361	0.005988960208362272	0.021514167748166457	0.005520457261905451
X950375	-0.0006739838903130602	-0.00992090698085336	-0.0019903242995398785
X950383	0.017354027726683673	0.021955171229728232	0.005667576917101019
X950389	-0.016269406403158333	0.0007201636097669021	-0.011463692476119466
X950390	-0.01076000260125174	0.010871202534914113	0.014032415198539627
X950391	0.009705476986509068	0.005601920648705222	-0.006712698825018457
X950392	0.006596351971980254	0.007382845667778876	0.005806975778279493
X950396	-0.17197383232278857	-0.06957295293283013	-0.09739453303240819
X950400	0.0019477516114393284	0.019984230565109663	0.006400253069448947
X950402	0.007873994023856511	-0.0053974495770800195	-0.019343891988703593
X950406	-0.005265057033681341	-0.006568555657884183	0.16959269713592853
X950409	0.01143523250438651	-0.00763089357972461	0.01835952735868963
X950410	0.0007572819546946941	-0.00045211153993301106	0.0038927003324233022
X950415	-0.023538413525251392	0.06871808566188492	-0.09818153562415352
X950417	0.010994345074764843	0.0004946049240868656	0.006573937040853052
X950422	-0.01144998875556193	-0.014558296064481429	0.02810728731967891
X950425	0.009515438962673305	0.017218145627569004	0.005995476149825966
X950428	0.029365416414735744	-0.055298218934191984	0.02334868994600188
X950430	-0.011014989226776666	0.024902132995855336	0.007870876955692791
X950432	0.010403601272502198	0.0065983829593563486	-0.01314692451418087
X950434	-0.002705784590584873	0.0038532200350626603	-0.0012897866832375293
X950439	0.00880379666750922	-0.001230252208632217	-0.008826729191694896
X950449	-0.004335105362318526	-0.016653996524319706	-0.004554007722173585
X950466	-0.00387737758182389	0.006241616582606006	0.0028058583237558104
X950474	0.009902718384892198	-0.016992157080119932	-0.012773291469486886
X950477	-0.03225511818036548	0.01572300633689577	0.015929597438596007
X950478	0.002787502339350153	0.00029923388297394926	0.005136698732132838
X950483	-0.0031176595018101443	-0.013081412997474982	0.0031478894338745314
X950484	-0.010634548004899451	0.006329949507470926	0.002972350525862919
X950485	-0.09078097851402313	-0.0035207248017872957	-0.0017207184718314157
X950490	-0.007615308647058584	0.01602176157001683	0.008092081136822285
X950491	0.0032147643965948994	0.01715740286634526	0.009214039752042867
X950503	0.0063847615633861685	0.0037474237303826013	0.010626662606224871
X950504	0.007004105611856652	0.00715862841872713	0.008831690149941703
X950509	0.00915793918702236	0.017974987187620643	-0.0012508505022911648
X950512	-0.007602414704491687	0.0040257645815006664	0.001074515354896712
X950513	0.005316547468618937	-0.005772077143808224	0.007369092492705892
X950516	0.00792126161943562	-0.0020663011767149304	-0.002466395497633136
X950517	0.0009713347083654192	0.000838616648507076	-0.002306384657084032
X950521	-0.02224409180708504	0.01414708911068081	-0.014451631152050228
X950525	0.010291526987120592	0.010364201945578307	-0.004202734491152573
X950528	-0.0010676557076187627	0.01999775295192262	0.008644550538537691
X950535	-0.005315862436395424	0.01344019920921989	-0.005484027697228821
X950536	0.013883634457550474	-0.002559952403250081	0.010766616004831727
X950545	-0.0036281602138625102	0.0032255115754175256	0.005721748774279863
X950548	0.0011226443119831324	0.03743362606672831	0.007931892387583022
X950550	0.003893960485190053	9.88211405189724e-05	0.020233170916498323
X950554	0.00648524586726443	-0.06581186384508904	-0.010801049648244661
X950557	-0.00029165514858750996	0.022259852261291443	0.004270009826973117
X950559	-0.00023956344616298534	0.006127554805567555	-0.006171688214388137
X950563	0.003264228326291709	0.01731790634608	0.00782787039830923
X950564	-0.014710643979690354	0.01691164673138366	0.010640971117918467
X950570	-0.009225622490654378	0.013639075842182859	0.0029305098890269024
X950571	0.008558322440483462	0.032617246281012945	-0.06376744098549596
X950572	0.01083662450252636	0.013428841351460634	-7.739072533987198e-05
X950577	0.004313061591361402	-0.004169200527680635	0.008263119099354876
X950579	-0.04030522232830632	0.00029393851284026807	-0.002429371098699262
X950584	-0.08965142547062044	0.0005334318497073025	0.04394639569009656
X950592	0.0033133622082674647	0.01470536669813347	0.0042504837650972705
X950593	0.009024827357986974	0.0034941626475309562	-0.0024006431605142564
X950594	0.000924153188536167	0.0296782606307795	0.02422015828303688
X950598	-0.0014967737306167393	0.01811460756886072	0.005651193084558478
X950602	0.007830739592563541	-0.012892943314428832	0.006661613424484872
X950606	0.008537647573795382	-0.011175337459186871	-0.0005600762069677217
X950607	-0.02421405495329549	0.019377287817051798	-0.018344631716135453
X950611	0.01330833194068507	0.023571348642041544	0.009737361437832137
X950613	0.014143580478468887	0.014018827345571312	0.01699447551135903
X950618	0.008662263147469146	0.021644219184555356	-0.012177350301836242
X950632	0.009314846917659348	-0.011099979196179116	-0.003491234565161317
X950633	0.022950916970590124	-0.018577618807645475	0.03775676572435595
X950637	0.005792490161736314	0.019402646860202027	0.008489715016173457
X950638	0.014292419752489367	0.01913035426917966	0.02482839870164544
X950641	0.014774203608834042	-0.004316738973780345	0.016817335512189092
X950642	0.012663161715687857	0.006127056401293738	-0.0068932916507816475
X950645	-0.009642086625683702	0.01261332293753795	0.0017685794953063213
X950649	0.0006351573728225399	0.011799040232362057	-0.011685987703298144
X950653	0.017608675233814656	0.012690259436393415	0.0003757465601610501
X950655	0.0006841248955947189	0.001536433609313494	0.0011703098523749083
X950657	-0.03842146439038259	-0.0014892626692526475	0.010868868393603386
X950661	-0.12084128798883907	-0.005010491692771077	-0.052390845449103635
X950662	-0.011373539643734621	-0.06115996908430078	0.01775498710984472
X950665	-0.005073713940692921	-0.0008691596838199997	-0.007011611310673186
X950668	0.0019717146244736584	0.002420424405669424	0.014315361375604916
X950675	-0.0033173158922624887	0.003643363095112953	0.007625015578431436
X950677	-0.000961106752226354	0.012714358761950989	0.004627158801700583
X950680	0.009247014270404282	0.022838025029295824	-0.011349107305955895
X950687	-0.022875330546430008	-0.005926059916258937	-0.02314681376295435
X950693	-0.011754536584841846	0.012858077704432957	0.0025529300535980055
X950695	0.0017907015620518693	-0.004493201281401904	-0.0017070251164889283
X950696	0.010011640825354363	0.01207739316057268	0.005925873123351292
X950705	-0.00817147549314368	0.005893402425800705	0.0023878314317723197
X950714	0.029733960308220415	-0.0809979040655021	-0.003138434678711675
X950726	-0.007380171730695258	0.04290198823488472	0.017607154103621885
X950728	-0.030174934684263445	-0.024247584699969137	0.015236967870621683
X950732	0.004577576373567003	-0.00743340343939109	0.009912103834863925
X950736	-0.012996780499526423	0.00888060677353901	-0.007739387670140686
X950746	-0.004879250274146925	-0.0019055302502353707	-0.004943593328046411
X950747	-0.003479477747619496	0.013677191522565928	0.00871986883985808
X950752	0.002201196914726179	0.013299449274886646	0.0034213167252504792
X950757	0.024698114456943105	0.024076784035645636	0.006315739346136553
X950758	-0.005981745764840463	0.007512746050193731	0.010824081239248128
X950759	0.0036216454566368812	-0.004242742680702686	0.016394239279663523
X950766	-0.0009480750973019438	0.006769903783444225	0.003211428240502468
X950769	0.029349993116221995	0.005957975994531993	-0.028587256777473806
X950782	0.007142162085279442	-0.00219958269118656	0.0061631527212720316
X950784	-0.0022399699072996977	0.014329811227663249	0.003126975517629707
X950789	0.01135608171593107	-0.006482575941240789	0.004318511900618804
X950796	-0.006614016918667497	0.03079994627751079	0.016298133687125956
X950798	0.01533429204058783	0.02057713711872048	0.011616022343815655
X950799	-0.013515768077519311	0.02431712485705572	-0.005801080223572192
X950803	0.0043520329229941555	0.02997321830854374	0.0026926512455829194
X950804	0.01401122236775547	0.015448463840723414	0.010365127340760965
X950809	-0.00041911675586279567	0.023083073217792623	0.022278227632728364
X950810	0.010243132697084925	0.003653165320560707	0.019870275228178323
X950813	-0.013393951081694458	0.01401447795400108	0.020113021326825013
X950816	0.001978946913711632	0.041587435016069034	-0.042045480091215684
X950827	-0.030715678888390115	0.02411269023498896	-0.018311969301643465
X950838	-0.004862154374315365	0.025849558617377512	0.009312514293281409
X950841	-0.001386930754654124	0.027340814064022292	0.023009368790973782
X950845	0.009130196700129349	0.02566254483848269	0.03636210104495014
X950846	0.009974967646527727	-0.004504219795430952	-0.006545361997586809
X950851	-0.03896629822745349	0.013967059703089807	0.0007143573643750897
X950859	-0.013958069009425646	0.0012589776079772119	-0.0028596065979087475
X950860	-0.04606329947495264	-0.035145979447367984	-0.031978054229833144
X950869	-0.006332784264440362	0.0026432901856350537	-0.009521972442629272
X950873	-0.014163166373138877	-0.017561675429974184	0.02941584731916029
X950900	-0.028988567026458332	-0.021554750316635608	-0.01953452426731033
X950904	0.010991897758544816	0.007766694416112478	0.01712976820799381
X950906	0.012239504652395953	0.01787289510967288	-0.006179426257802631
X950911	0.006084842262320806	0.006858843888189318	0.017004985374807498
X950914	0.010984374176414222	0.01777351972428456	-0.0218034669977188
X950921	-0.02180889494261984	-0.019048632221075296	-0.009897774485230658
X950925	0.004690975735550345	0.034568925270305965	0.014678201955104563
X950926	-0.02647145624256326	0.007007732185529166	-0.02706385122254172
X950929	0.01016960350158826	-0.010069913313735532	-0.0075886314629967574
X950963	0.015709712051901397	0.007196429449615018	0.021547776169066668
X950966	-0.005402207104705627	-0.0012969846404721852	0.014785254969800423
X950968	0.0019467496738157259	0.042273072002287915	0.022674024964446052
X950987	-0.0068318872761393085	-0.008875473741069303	-0.005445072456488997
X950995	0.04524588814300649	0.005323501016683495	-0.0037374124289270335
X950996	0.014009958226279635	-0.01707021539052008	-0.0060450082892599755
X950999	-0.08101682032732209	0.001605415935369327	-0.027440480338755204
X951002	0.0020644067533378265	-0.008844205088663893	-0.015947068015113166
X951018	-0.006061459950653996	0.006914512603376611	0.006484405314804036
X951019	0.025223161333949296	0.011304186460052355	0.03721093620313816
X951027	-0.008180267215410665	0.026867124768160118	0.010851230702780794
X951030	0.00606002854943177	-0.00014592447076650252	-0.017812717734239966
X951041	0.007094726591412606	-0.013906482382766582	0.018545897239132546
X951051	0.009638564792904826	-0.0013425483796685566	-0.0032573384646196503
X951054	0.005005561558995458	-0.005414945996900497	-0.007493916028985866
X951055	0.0036194247671674858	0.004365849913057963	0.0017726527090393344
X951067	0.003937894682820602	0.009068766262117741	-0.0023164609140581337
X951071	0.009665933085030429	0.009291896576500262	0.013824095930763336
X951083	0.01093444078867053	-0.02048614937062576	-0.006474003159212757
X951085	0.032892229222501734	0.029339496824588557	-0.0026654579963515624
X951115	-0.0011098234989787425	0.01963903138884598	0.009427319681680252
X951141	-0.009144165337971301	-0.02182127283850756	0.003417689238615449
X951144	-0.007130110326691556	-0.010504361355124628	-0.02015571412576639
X951150	0.008999197957399917	0.00026638556863038703	0.011534709605323505
X951151	0.011288368143319927	-0.0017886163897831327	-0.011056067446333657
X951154	0.0009315661936789857	-0.010049790048524156	0.013514245023632786
X951156	0.004334217659324173	0.01239988021841127	0.013078965469690606
X951162	-0.008267077745383853	-0.022975613302753002	0.005955471278985163
X951171	-0.00820221114220121	-0.022753900514010425	0.011093610433991466
X951174	0.012775533217784804	0.006067548627442161	-0.003922742236776852
X951242	-0.0025324794832598967	0.015936704003787317	0.006081533129722153
X951273	-0.004384641386419323	-0.005496665674940718	0.0034501074237303295
X951284	0.0018771874966800849	0.011957978651659321	0.001129862427562514
X951317	-0.0029103510454362965	0.020545016524549698	0.012395901660848098
X951318	-0.015819185650257035	0.012740253892712968	0.004325530319863456
X951322	-0.0053979833600083715	0.01926433263993534	-0.003303380808928078
X951337	-0.012783844571439823	0.01478164684345013	0.0043436760259464875
X951365	0.029633896030445965	0.03247717566383799	-0.011492971467155328
X951409	-0.03539274924458873	-0.007916628519436107	-0.04452563596822889
X951429	0.008763846320182811	0.022505155811773432	-0.005014977742326434
X951457	-0.032732019144583055	-0.01814031942471991	-0.004813733236067445
X960001	0.04037970291993658	-0.06668402037688186	-0.026052516746990058
X960003	-0.0026754947411668836	-0.008657666673241056	0.016891018120663473
X960004	0.00034832395179456254	0.0034043433126144766	-0.02996566143225749
X960005	0.0017850559508650987	-0.0059221019979929556	0.00744404124535921
X960009	0.014115581405487737	-0.017234356452808096	0.04041623617258323
X960012	-0.0027975817154179384	0.003777799689110101	-0.001053914639098578
X960016	-0.0165871905520938	-0.03865243033147853	0.009114419441076898
X960018	-0.010542215757380914	0.03256222331683358	0.011208286325892748
X960019	0.05691061579724109	-0.06165598916113912	-0.09171803263531478
X960020	-0.004277625554941324	-0.014575201338701637	-0.0020473410857824344
X960021	0.029080219279425282	0.005091270483775741	0.008328455612325753
X960022	0.0074004055690928125	0.003149494558682842	0.005627624773666317
X960023	0.00782171141101945	0.03204416963090895	-0.010285051130313996
X960025	-0.005098562656890899	0.022066702327647972	-0.010512897411290302
X960026	0.004008090478508341	0.00306039300709282	-0.016402800223029337
X960027	-0.006644449380895336	0.020661237197153785	-0.010619694619815543
X960028	0.023277938052457897	0.0147359657611855	-0.032879540442667644
X960029	-0.00600199299085498	-0.0009985235559530536	0.008526502182716583
X960030	0.014324350744173448	-0.01672174861895079	0.03874093506908254
X960033	0.012245249276786255	-0.03707231523140601	0.009486786193803422
X960035	-0.10108385308192294	-0.026476741153019533	-0.023271361019189075
X960037	-0.019475401888303462	0.03263006469403938	0.002832157104174078
X960039	0.00696561952387137	0.008243766510723262	0.007051389172931083
X960040	-0.02585322178440544	-0.005349490122491852	0.00510680737848719
X960044	0.00567210994985565	-0.01448286250201323	-0.010202805843470697
X960046	-0.01338731338622205	-0.013210696014638713	-0.07900692808910867
X960048	-0.026615056421115932	-0.020521249036209072	0.06231196288306537
X960049	-0.0014956846127345761	0.017388568909783405	-0.005174940115777268
X960050	0.0008134993993771869	0.0028615715867573175	0.004213094770945501
X960051	0.01776225139974092	0.009554197766465046	0.01253773145572714
X960055	0.015266934716036988	-0.004047175808473172	-0.013476710734171449
X960058	-0.0038118880458495154	0.021378938179043187	-0.011813576141638613
X960059	0.012247596273368324	0.00400350574248177	-0.0065293755720297894
X960061	0.025499031783468143	-0.0005607023039149932	0.011439107709073113
X960064	0.0071810854393022155	0.009649497099607036	0.0007413487381126932
X960069	0.009986076449303197	0.013971206710309107	0.012161066315707894
X960070	-0.0010986350407609284	-0.007948302388730838	-0.001179834911144073
X960071	0.011730308771338018	-0.008701085748450119	-0.0020063772674301906
X960072	0.02565462782934824	-0.028888989197716996	-0.012177016263101578
X960073	-0.005444028558965118	0.019249650492098636	0.0013513677539533692
X960074	0.008224578602293349	-0.004100290734484823	0.0009250439913843896
X960083	0.005520350196485668	-0.007877625620932758	-0.0010420159433085507
X960086	0.014053512227288067	0.0024270300518556753	-0.0906780189293116
X960090	0.014669359142338516	-0.016817430832168512	-0.0011523165895724714
X960091	-0.013187639508948312	0.015869478769052946	0.008699328788547891
X960092	0.024792838192049246	-0.009578708882352654	-0.0005507678740579994
X960093	-0.010529949515485852	-0.0047130837544001585	0.011572695096307607
X960096	0.0010455578268375853	0.016407083271581253	-0.015057783820790316
X960097	0.009401171841316221	0.011347350452253765	-0.0011760476483019186
X960098	0.007588716671910608	-0.009486281128956234	-0.0075565842114983335
X960099	0.0007042147747306526	0.01054513557974225	0.01023316233284079
X960102	0.007272068595393937	0.008737454900329213	0.0020987115579774694
X960104	0.02334479172134871	0.01533807392242968	0.00036138691569730075
X960106	0.004600370426239881	-0.0007398920842820891	-0.003408102971096732
X960108	0.0063856038030454185	-0.010052312256404449	0.0005497174793605979
X960112	0.018379349018340266	0.010723599222267982	-0.05968461126882692
X960113	0.013727705701033904	0.00481838718712754	-0.006323768827691763
X960114	-0.003923016430674157	0.0174178120286474	-0.010177325196153317
X960115	0.0060153797988167085	0.007202172763775293	-0.0064989246178893565
X960118	0.02219481676793313	-0.041032113988752714	0.01210849124050958
X960120	0.00782871177992992	-0.008423383018130835	0.004879297899330736
X960122	0.03878506494066634	-0.033929483379371704	0.010173549195925755
X960125	0.008713587914580514	-0.012863008175850935	-0.023733227343058633
X960126	-0.022623173083693902	-0.020277592497327458	0.02612148792361288
X960129	-0.027645488330652453	-0.04093121098345247	0.007458557429591346
X960130	-0.009709510980546725	0.002162802023262538	0.023129035322489402
X960131	0.009911764443840133	-0.01577345087829632	-0.001867662782156469
X960136	0.029966621405612133	0.02877110686607057	-0.014736103044869664
X960137	0.0013347153463292075	0.0021316876113328617	0.013088166576737307
X960140	0.012978743292989378	0.005899394234910531	-0.01487156656532956
X960146	0.03389632515669265	-0.06770120668052357	0.1425209780035247
X960148	-0.0008193126199587578	0.0020196942195856355	-0.022192473503012258
X960149	0.006937315528725367	-0.01690220930790241	0.005748917231290275
X960152	-0.02720283893085229	0.005527334601887682	0.009187255270059858
X960153	-0.006864406907676327	-0.026123028494576084	0.03813691721372333
X960154	-0.03788137252339648	-0.018776947406976236	-0.015393282012556625
X960158	0.01898357808662697	-0.02405610896579593	-0.021943177543427003
X960160	-0.029084371606257584	-0.008118522123100044	-0.006106530922563478
X960162	-0.0019322144870982613	-0.005538136133042299	0.010108992031109553
X960164	0.003199148724098087	-0.0075165253612962495	-0.01569146558662675
X960165	0.007909252645786416	0.030813101180828036	-0.03500188852209122
X960169	0.0024536555624256277	-0.0022533113199532774	0.002131147764794562
X960171	-0.00931586929914451	-0.02887039670436948	-0.04462014439765463
X960174	-0.022698194559692377	-0.01624922852872279	0.026984871419551318
X960175	-0.0014600587481337802	0.001609275352478255	0.006932326247405449
X960176	-0.015462306310176824	0.010768581917670926	-0.0212439939381073
X960177	0.009008742901399365	0.06740584859328391	-0.005638890806887163
X960178	-0.014209728616433517	0.009757036582120706	0.011583211056771008
X960179	-0.0041446453059928254	-0.006936868724751116	-0.007688005855083507
X960180	-0.008159207215181456	0.01351531217194094	0.01586745721075303
X960181	0.008840813012179522	-0.016672944627300783	0.013612776760345455
X960183	-0.015261811280643457	0.04173083995045857	-0.0035260902611856017
X960184	0.022079867137520994	0.010620813695188072	-0.0005543156268071066
X960187	0.008230797843793998	-0.06951455282931746	0.010914499881501515
X960189	0.012373319421680816	0.015195457871801736	0.059490687377353316
X960193	0.013864504365840122	0.05906951503261539	-0.047043838541197924
X960194	0.03337281072496701	0.021343232047472873	-0.056887093198784065
X960197	-0.00327689172817652	0.000512797535105197	-0.008402221987597838
X960199	0.0017035632469437397	0.010777553156707463	-0.006540116517752218
X960203	0.0068534776587339625	0.039933347306424394	-0.000651150169876165
X960206	0.08593383250711491	-0.03547289220155298	-0.06011835601709383
X960208	0.02570793017259178	0.041793388700549425	0.072205586753154
X960212	-0.005153298720354927	-0.016351845492492908	0.02218647278566168
X960214	0.018896867589754507	0.006778065786441536	0.01946048119862278
X960216	0.004870607366156495	-0.002473658619104845	0.0016705569755408561
X960219	-0.012278833572364698	-0.05181965510193325	0.00624459221963627
X960220	0.015397185501254526	0.015828164924440637	-0.017840912610387248
X960221	0.0028042403058451616	-0.03322265436226122	-0.030466526811276914
X960222	0.020662012627130584	-0.014511569166827153	-0.025238138917178597
X960224	0.009372458636223538	-0.011916872858267124	0.010796774393135724
X960226	-0.019935263859252376	-0.10739911143081285	0.10790407798090079
X960229	0.013933589815082432	-0.019323622012571404	0.01239828435977701
X960231	0.01212639753408513	-0.02591497231314813	-0.005723091164900992
X960235	-0.02500227953428019	0.008117872342842976	0.0033139414093201957
X960238	-0.013306423494485482	0.02505974210326364	-0.02929006019814834
X960239	0.03806047542105326	-0.0124256794527729	-0.020724658571033623
X960241	0.014407539449370994	0.0009076768516163878	0.010025595095267863
X960242	-0.16449809928725406	-0.059170304529473305	-0.10674420627709631
X960244	0.01319898166550554	-0.012140715227547304	-0.010388230047240165
X960245	-0.022009250667842956	-0.042954730287138844	0.00707893162710934
X960249	0.01781121251368104	0.019197016901341533	0.01673395146889958
X960250	-0.00939949518693929	-0.013083181416782377	0.015867774375820504
X960252	-0.006882822339307788	-0.022809113838884332	-0.007492740188366695
X960254	0.0030522655324362567	0.002961367332770902	-0.023981931644461024
X960255	0.0061081829272924375	0.002070549595478636	0.011145233006160908
X960263	0.007031065440185043	-0.00478848039709565	0.0013952614175526273
X960264	0.013872743114584777	-0.011102534323438952	-0.0018576702295896987
X960266	-0.0048529368752507395	-0.033850324473954495	-0.007390602844747698
X960267	-0.0014324583510247635	0.0021887157487386665	-0.004773501239803848
X960268	-0.03295401581624299	-0.020787505634327876	-0.0070960543354037205
X960274	0.017105922008968658	-0.0158319063401609	0.005534533191854291
X960276	0.020044730299973872	0.033153584906276005	0.00425122689891884
X960277	0.025880842345675406	-0.004108784856111423	-0.016470912930871766
X960279	-0.021452581217960225	-0.002687981447821874	0.0044018082491273786
X960288	0.001675370597582848	0.0024153893395260427	-0.0051197260723400695
X960290	-0.013591716400079102	0.013186643232892845	0.037427855711875416
X960297	-0.0023154905967750035	0.009305370352162785	-0.0016384540518037927
X960302	0.003691627719096818	0.05737654885267536	0.020357139236931433
X960303	-0.01710038831722093	0.004578571336930001	0.008306517482771976
X960304	-0.03313861444619673	0.05366903227441544	0.005351753369876172
X960306	-0.05850183370084253	-0.012552197982278196	0.02427080333314776
X960309	-0.019552958746435804	-0.05551846586730867	0.02432092594484168
X960312	-0.02615791086541609	-0.04969521315623013	-0.004828161968281399
X960315	0.00930115554623259	-0.0133042987292784	0.0008385940490365344
X960318	0.016613893868206407	0.040685160201786634	-0.03780619002552248
X960319	0.03444806458920215	0.004162273212350777	0.01907054693194197
X960322	-0.0013331620130712207	0.017103577556592274	0.0026381170093007123
X960327	0.005027817653316573	0.022959488529637032	-0.020452571744990752
X960331	-0.0009466897882584647	0.014647421641783374	0.017084750139094676
X960336	-0.0392119182672455	-0.01619371947632679	0.040032179716732265
X960338	-0.0054987577424797365	-0.029245780377265978	-0.017431856560363026
X960339	-0.011371807860382922	0.00457429891487791	-0.015889455745080404
X960341	-0.015843145847609128	-0.030453208019913722	0.04655150049054582
X960342	-0.027255896268104762	-0.002387774313119352	-0.0051017866831253485
X960344	-0.020934036813596433	0.029764537714018453	-0.03945812500211647
X960347	0.008846192115939434	-0.0037722732501020055	-0.0031966784811451807
X960348	0.003526154607813437	-0.005940178586886863	0.013911791352296086
X960350	0.017801344445035387	0.014552084533099805	0.010752100451560838
X960351	0.016648501127548603	0.016252518272777513	-0.001026187899031859
X960352	-0.02648036554331811	0.029097886396644162	-0.01617037647000782
X960353	0.03823121071589776	-0.05632748110396072	-0.026630749578252337
X960354	-0.004124022479371715	0.006027021863787325	0.0029974305647485857
X960357	0.003997871182738808	0.03129612257186162	-0.004380143590305364
X960360	-0.0702928261730941	-0.09166191022815133	-0.053721440403785466
X960362	0.015376307738200985	-0.00780361338201207	0.005933719544564244
X960363	0.03417680531412209	-0.01918442622596933	-0.038556973593610315
X960365	0.0018872587486490928	0.020241719895917207	-0.0151886897708916
X960368	0.006600943161322122	0.010159380398790505	0.0011348521244521138
X960372	0.029515835439810068	-0.007235821871119792	-0.016300590237161437
X960373	0.013840280457669767	-0.0017861147962921872	0.0040095206257093835
X960374	-0.04065663381934281	-0.11072935219762092	-0.044281944697655534
X960376	-0.047416744308924834	0.03990732686440747	0.009846284116807134
X960377	0.0034137552862454745	-0.024990993931462587	-0.03856160007273014
X960379	0.0036785209877289297	-0.00796944428965737	0.006215672339485371
X960381	0.026707369755579274	-0.04780114176343621	0.006087192497614711
X960383	0.038801272607754976	-0.01599340045004178	-0.022989494654552342
X960385	0.03592469811888979	-0.05304693611193777	0.020849487010505936
X960386	0.0024961108761330036	0.011640238037225276	-0.019756542448406533
X960387	-0.008240402167929125	-0.016073421956612575	-0.013645521865305736
X960390	-0.005729700683289967	0.028106718357506326	-0.0020832132262123314
X960394	-0.027072141567446386	0.04583892007270324	0.020959527745997093
X960398	0.031386280070235535	-0.04352700652888415	0.010283223121731721
X960401	0.003259281166428247	-0.0035762027526601847	0.05371321977690062
X960403	0.008516619434352543	0.0007802151020193858	0.018402227311528043
X960404	-0.014329217227494804	-0.008653997540824129	0.01774635396409983
X960408	0.0023208435199678227	0.07257939884881319	0.025360111009280862
X960410	0.025002174309995573	0.010021731707187977	0.0006284991292233823
X960411	-0.008693668797860668	0.04860148620708967	0.004159510215245129
X960412	0.02323612755510455	-0.02657404596576357	0.004177118525119329
X960414	-0.03025777033869858	-0.02360583817885435	-0.0013106897080190092
X960419	0.010913630194790356	-0.010970695133310584	0.002822826695260852
X960421	-0.06781044960079245	0.08491535938510444	-0.0759538345845278
X960423	0.007672052190469862	0.012531892280609486	0.014304802468807134
X960425	-0.008251233720423827	0.005138268887907212	-0.004903479129513861
X960426	0.004063096926738104	0.0058413589394499385	0.004542668680793382
X960427	-0.026860575615271935	-0.02010710626528553	0.00427224945658496
X960428	-0.004400381522701279	6.17221992486699e-05	0.021902746514123918
X960430	0.011092090072110088	-0.016783316832746437	-0.01001773483802033
X960431	-0.006503342467941617	-0.0395528828558505	0.009307288699958708
X960434	0.003104885735271766	0.007511505676793901	0.010801937175951822
X960435	-0.060951517507756015	-0.049264928917780414	0.0008546034285246248
X960439	-0.001964993099716505	-0.01949686417599215	0.019465443986104374
X960443	0.026002439063934218	0.0077674605440498845	-0.07060860012942691
X960445	0.008389690419439193	0.003724409504477477	0.006809036515813983
X960446	-0.004201079387519895	0.005069110476318324	0.0055927686856010825
X960447	0.008006717936618661	0.027050835806692642	-0.008219445823944483
X960452	-0.011606520087305441	0.024835082589707593	0.0027790343039315337
X960463	-0.109377090686138	0.00011375019663007275	-0.0921232037093503
X960465	-0.08401043919309256	0.06811893444792762	-0.03162287494336811
X960478	-0.004013579479920647	-0.008393850372312883	-0.006791872618610201
X960480	0.01207126882387225	0.014540025108378138	0.031932829927094356
X960481	0.01665888072591707	-0.008794078854392241	0.017774523642446586
X960483	0.032927115332908825	-0.012877956145128171	0.021539251375900775
X960485	0.03347973251272216	0.06613246169835653	0.12460280817876616
X960490	-0.01554062469230721	0.02221251276546459	-0.008728058062394836
X960493	0.014316093878334732	-0.013142732966119456	-0.03104364454563206
X960494	-0.03528318282075843	-0.03898155268043854	0.08784209909737278
X960496	0.006402126886787325	-0.002971095346075121	0.006709779821883982
X960501	0.00016035177230773687	0.022665002393463043	-0.016707948239960625
X960513	-0.01137269137660602	-0.011795038464419148	-0.008741428367274477
X960516	0.004573817729679528	-0.008399093953067564	-0.021182959055470494
X960529	0.014360086174426153	-0.0011912843767597511	0.012809459675154282
X960538	0.005591909608746466	0.03405916302196217	0.018452548275199217
X960542	-0.04815615938994257	0.10421450887489477	0.047683541429187654
X960544	0.019592742702176678	-0.012974902244026552	-0.0026031430866192014
X960550	-0.029705165202296702	-0.0025842617022859725	0.020196188713005506
X960551	-0.002644746802401907	-0.014008049618524674	0.007698070546193326
X960553	0.009097535784812464	0.010909640300685988	0.002427204362163455
X960557	0.0050211447226200185	-0.03497068266202687	0.0023271941031885444
X960575	-0.024812438904590516	0.0020313944304125356	-0.1366977186835561
X960577	0.006955640867549336	-0.016038620697681197	0.0014932175680690966
X960589	0.029002539128820424	-0.04200999975607193	-0.025530216001654307
X960591	0.06677695808564936	-0.03086383376690484	-0.049650664061173064
X960592	0.08371928181285224	-0.10447650129160675	-0.14278795779698378
X960596	0.00822054401910747	-0.11886067335565889	0.022196376540221104
X960611	0.007809175517205372	0.007395354172319307	0.031194064795906223
X960612	-0.03631202143610775	0.004021854540506675	-0.020716762410466983
X960616	0.005187686139074218	0.00860920462728411	0.008305718096620458
X960632	0.009290380540943183	0.006688713398024983	0.0042365003760872245
X960635	0.006975088184350817	-0.01090536794199614	-0.005061224224772787
X960636	0.0036136838136227568	0.009181960678114944	0.0030037012523412196
X960639	0.0228555117525359	-0.008444294554260021	-0.029351799125443334
X960643	0.0009021128312193992	0.006449646534233816	0.003811185244343724
X960651	0.013483061340281394	-0.021463102521724203	-0.021305999885175217
X960658	0.02061339195697437	-0.006962999384118425	-0.03904614624068453
X960659	-0.018909019440498064	0.03621627547767503	-0.030344016125061234
X960666	0.0064615808572084845	0.012955539222225549	0.007373216330896813
X960667	0.005265864182615442	0.003649285379859399	0.008311335792184642
X960672	-0.018698298621952342	-0.02020142155069894	-0.0017092606621906812
X960673	0.03101985181221092	-0.01232479662308552	-0.0562907621395216
X960683	0.03768415766093455	-0.06929669138395889	0.019960081378616774
X960684	0.019050459027335518	0.019938008425771654	0.00019862717868622998
X960692	-0.030109226298875857	-0.029690447871351017	0.04218666551175439
X960693	0.005445303102877967	-0.011035397262492724	-0.006140005815296779
X960712	-0.06236046807349003	-0.08271607472704906	0.12612507947137094
X960719	0.011716047388252578	0.02181767272791672	0.003224708614386728
X960720	0.05319900913323803	0.091456218891768	-0.09416468758043262
X960726	-0.11248878793284695	0.025489195927870332	0.02190000820889746
X960743	0.041393057759147645	0.0775629941674064	-0.11390913788007744
X960748	-0.0018286067982140203	-0.027195840503303786	0.03360672778894405
X960751	0.005698859543835798	-0.055080714678586225	0.06698693917153867
X960760	0.010206779883406906	-0.011454031895767365	-0.01000713006581792
X960764	-0.015695695336758315	-0.06726952122269554	0.0880765592295097
X960788	0.004455674016923938	0.023816809078078677	-0.02836986042784295
X960792	-3.638225009673871e-05	0.04251158208185234	0.010895490820133788
X960793	0.09071135227826765	-0.08922294808508383	-0.10092772056124438
X960795	0.018158042034652464	0.019818344290956864	0.013921511994598883
X960796	-0.006516048929178789	0.004169328796037208	0.0003262135608281608
X960803	0.006985640548094225	0.008314837614763388	-0.0022425482581501484
X960807	0.0049893400563530465	0.005363575483373512	-0.02662096236601658
X960837	0.011780448566104842	-0.010773197703610538	0.012015263091615023
X960841	0.02773661950211244	0.050920311906264525	-0.08118878424299751
X960843	-0.008087972564839629	-0.017341721373794496	0.031785085141370524
X960848	0.002266239489292916	0.0060674857562180535	0.003142436930159716
X960850	-0.03673319467306707	0.013787182798584744	-0.009115808280692477
X960851	-0.0028736869939842108	-0.01717742103609407	0.017797865565550706
X960857	0.02327193634960914	-0.028252520894325703	0.008853192717178975
X960865	0.012321296257987408	0.059582070285265236	-0.005847271986724765
X960870	-0.00877843305529229	0.014947992372715461	0.016695232388457337
X960875	0.030476799897504896	0.006388589652408125	-0.03451651149870446
X960883	0.005943776949308489	0.04482101055999426	0.03301771836646848
X960884	0.018739705689547165	-0.014318855861729268	0.012445984315138043
X960892	-0.008445277735547227	-0.0018208354710708232	0.005181835826368415
X960894	0.0031282131165376306	0.013440797113592536	0.014257534581709731
X960910	0.024526142897765044	-0.014445771676144806	-0.003184480773039953
X960911	0.013846237623912492	-0.013338569140017567	0.0225773888606442
X960920	-0.013725572606619439	-0.03253785244177634	0.008223454085011538
X960934	-0.1069659301431471	-0.009643327352207806	0.0813317647681005
X960939	-0.0012482443458460147	0.007918493661711996	0.003546714367203817
X960943	0.014367656205899998	0.002715771722446658	-0.01227900079749356
X960944	0.0712086474938187	-0.08096336763384407	-0.0806344386502193
X960969	-0.03581002605542288	-0.029689864001552928	-0.011472945192202783
X960972	-0.0008301692466643155	0.03785661111827157	0.013472080046525812
X960974	0.0035113077037392864	-0.01353322393119339	-0.004359539066916347
X960981	-0.026191635227023193	0.011409145602751568	-0.007441494938324504
X960991	0.023546554701031615	-0.005043843322600471	0.07417862308237638
X960998	-0.006280340584508001	-0.010498675048162131	0.0010653006952715067
X961012	0.013455469064910562	-0.007503839708843258	-0.034756489164267344
X961035	0.002554955984625895	0.07814885548321385	0.01815965715237665
X961077	0.011457653468938888	0.02140415740187875	0.006200966978757923
X961092	-0.04463792192514642	0.023144725376622342	-0.011821700796482792
X961096	-0.02936025341060256	-0.014999310968391664	0.028901522069509442
X961105	-0.0019163364616690236	0.0062291211635149574	0.010770165568484957
X961124	0.042156060348597896	-0.05642524049729827	-0.01646338395809237
X961128	-0.012541605576083326	0.0056800858963229044	-0.015114370432984152
X961151	-0.009512906950958223	-0.031284908828786206	0.08344084450066183
X961177	-0.053195673260853116	-0.003719052835323438	-0.02974754477618568
X961180	-0.04457396954839955	0.07566352020412735	-0.07770273416480779
X961193	0.04646019051642681	-0.015817950820715996	-0.04115557517067684
X961214	0.016983343960565597	0.009231324078443045	0.02862816471008964
X961221	0.012299261105186416	0.0009684139702705137	-0.001625006128256349
X961226	0.01392841754223897	0.05746475937855079	0.01040085152390222
X961240	0.003120392906568966	-0.002033461651662471	0.010845594209458305
X961242	-0.009847680695427047	0.037946937795159404	0.023410252215808672
X961243	0.024008334769278366	-0.10276984701527118	0.29887400093015515
X961246	-0.00488567821413521	0.0026382398968870834	0.012194143586803567
X961263	-0.003010979268512106	0.026027652102228686	0.004347131803780161
X961282	-0.0004946771482490784	-0.01568775546731848	-0.013059225438382671
X961321	0.013806235595912989	-0.0023049259263759154	0.004407910153157831
X961325	0.015092281263184824	-0.07916586873041075	0.21035099794431805
X961339	0.01972463865255515	0.037028945737490396	-0.02040491257357446
X961365	0.0066643815355415005	0.0033379642438857693	0.015569297112292862
X961417	-0.004330809703887063	-0.005666947747006464	0.012626272145757433
X961423	0.026882298336861836	0.004830555935470845	0.013938643387348282
X961434	-0.029210385702171104	-0.028832609606102722	-0.004676274920192547
X961485	0.011599707772114201	-0.004206025876825375	0.005491099338439587
X961553	-0.08381943068644283	-0.06397959978509868	-0.009321381690112374
X961577	0.017786604701483553	-0.0049402186691891135	-0.02538694500618845
X961634	-0.013839625951731526	0.003224275291529001	0.018819502617593898
X961684	0.0021200499142583857	0.003304167906837566	-0.017814293520847627
X961686	-0.11278862700331675	-0.07380269728811267	-0.021861731649457535
X961738	0.02859187156517592	0.03806865695033723	0.014638713847280922
X961809	0.020592144552306464	0.013351862706624825	0.013623236182500355
X970002	-0.008048022487529664	0.012721617414616134	0.003143004872735553
X970003	0.017426490063450407	-0.0014470315338950953	0.009209298373095408
X970007	0.0026775811187895013	0.008934596851462343	-0.012806278082511498
X970008	-0.0029394319697208624	-0.014781808428920577	0.0047061130006990715
X970010	0.008829986348470388	-0.004917312346462702	0.008595327708351587
X970011	0.005570633888576738	-0.009860181455468174	-0.02359668236550438
X970013	-0.0020301838956638804	0.008339830827392982	0.01397108399982713
X970015	-0.0355311877842465	-0.05421710346240981	-0.023202692081076653
X970016	-0.010508821557515353	-0.003198372467236172	0.010770147100021662
X970017	0.04454723367018138	-0.02139381224508467	0.03385916264218723
X970018	-0.08131189742788726	-0.009211365009511715	0.010574565958652438
X970022	-0.011255225023517406	0.028871293737338724	-0.010342542800082257
X970024	0.001466413448996871	-0.002488641195509854	0.003611612634378236
X970026	0.003324885185502239	-0.0042904757852485495	-0.0055483309826567795
X970027	0.00038671258842294177	0.01903914399981416	-0.0005135907815559857
X970029	-0.004103875942586994	0.00015459544333595212	0.014422881192644616
X970030	-0.030123463683839804	0.06891867356907266	0.017476255735455564
X970031	0.0683911872793222	-0.014095982348942607	0.02205628909653805
X970032	0.03278578418533478	-0.07277282403893637	-0.03199582930043134
X970033	-0.00017448623974095835	0.024271609453052307	0.06852286167708467
X970034	0.023814168961281877	-0.011046390366542331	0.01429635630920101
X970035	-0.011187840301032424	-0.006784230716171072	0.010965484952854843
X970037	0.006217438898677584	0.003288322301770644	-0.008880232291914685
X970038	0.025528935106944005	-0.0005069862321448132	0.016207865479345922
X970039	0.008964159048597504	0.002351117597917837	0.006233843842973864
X970040	0.025636792115390886	-0.023182895962228802	0.01012954678819153
X970041	-0.0032921053899944955	0.004440631529060767	0.004434436374482241
X970042	-0.03814530859767893	0.006108454947703347	0.036380521976482644
X970044	0.013013273297974295	0.006781449960729599	0.013805808293268124
X970045	-0.03114577802507902	-0.019085819560668505	0.036614403196691556
X970050	0.006899844960354313	0.015411402143230678	0.00705807630477349
X970051	-0.020573444429895477	0.00028384937212622293	0.0018212755298704874
X970052	0.017900056797539397	0.009203956524052453	0.01590479949781612
X970055	0.006107480234421312	-0.015568456764172832	-0.009862737769185148
X970057	-0.005171692479778244	-0.032262320009741365	0.0009290420362799526
X970065	0.001435253210063843	-0.0002441848296560044	-0.00228514871340659
X970067	0.013646754281585136	0.012608848252920375	0.004066019935103936
X970069	-0.00797650260856642	0.0067361319168657355	-0.007865317299665128
X970071	0.010178520804323092	0.009427005033053383	-0.00300985727534516
X970072	-0.01865971134665822	-0.012282422292326917	0.005649900077972697
X970075	0.05971112691653006	0.018131223079862084	-0.05128567525144623
X970078	0.00542989072859798	0.015503181009142079	-0.004453606758074772
X970079	-0.014852876314175137	-0.018482401409797462	0.006592217854280129
X970082	0.01735779738449783	0.04937906254497362	0.010706210195520295
X970084	0.009147589896259503	-0.014196011275970283	0.02923468418522328
X970085	0.04221229504049249	-0.028038619636605627	-0.009710185204598267
X970086	-0.014412564107804872	0.014796425176399156	-0.0019217018153901862
X970088	0.006103525604205837	0.011904428687906409	-0.0014323196702262077
X970089	0.01565107618213069	0.06887929515277492	0.03182258642732258
X970091	-0.13364931917958794	0.011712233274429577	-0.005429771258901937
X970092	-0.10693438965372962	-0.0727043095749366	-0.07641301432961571
X970093	0.0015683849700903244	0.008171647145999116	-0.0025133121987400996
X970094	0.033267338413755725	-0.013155361142140278	-0.0075170400620221695
X970095	0.022570633686880844	-0.0007762561915797948	0.017207361464562775
X970097	-0.02212888885773516	-0.014147508345796117	0.01305449380611811
X970099	0.012057231809090916	-0.013496505826096199	-0.013253424033213201
X970100	0.018337026412162564	-0.029484706187707405	0.027748536539387515
X970102	-0.06789086930733305	0.0843651414286489	0.02924828292129184
X970106	0.022243915440909895	0.007614049790979729	0.004261484360859008
X970109	-0.008762747756556243	-0.0002361699663823346	0.0057115994441580215
X970112	0.03008976883136985	-0.011751191749462514	0.018523113222690766
X970113	0.011071673050410775	0.05657627519508094	-0.00842680837342038
X970116	0.014079770385842013	-0.015800534781558667	0.012551906265731144
X970118	0.005072543683001436	0.0012122060598178483	0.004196873795289728
X970120	0.009185389610290383	0.026312809350923148	-0.008574822333063156
X970121	0.028504407063927747	0.014382117801381746	-0.05796795351721157
X970124	0.027512141653477134	0.013024777331107842	-0.016396480992715585
X970125	0.001151325606286191	-0.005060805318744926	-0.003561453087039122
X970128	-0.032384816614668445	0.06253415123589287	0.026055314165530183
X970129	0.006542699324192036	0.010492822830300676	0.0019564204376286017
X970130	-0.012073285021409067	0.017592378844421986	0.00414960110589104
X970131	-0.0030472845436086047	0.057310685327658505	0.021970992478383272
X970134	-0.0005552652350634098	0.0032932224170251173	0.003613824543962824
X970135	-0.009370233377066241	0.03004878188006816	-0.021712188901671505
X970140	0.008294740702973131	-0.008898143500915083	-0.018651319676691903
X970141	-0.005694672640089764	0.06048718094770568	0.021656620549949084
X970146	0.0023334821292151854	0.0066798997187740815	0.009571596627633905
X970152	-0.025073707846879806	-0.007558959506110269	-0.020440183363596414
X970154	0.01607824043557409	0.023220813745503357	0.006604324910496983
X970156	-0.006474135090405643	0.00917677059198468	-0.003967985704418409
X970157	0.012517304196607215	0.017356444472833518	0.0005432409531963775
X970158	0.0025214330413875457	0.02060242089450897	-0.010218605472735558
X970160	0.003106819069601357	0.01770482878172128	-0.005236263669770716
X970161	0.03754372303835418	-0.011091786083157256	0.02144657250471383
X970165	0.001999078646644963	0.010022945954107385	0.0013203099887279972
X970166	0.038172725415538636	-0.047360914707847764	0.014169837508458061
X970168	0.01862251717889384	-0.0021261685915656713	0.012204021814642694
X970177	0.014834344708709682	0.006444195415813604	0.004441471083021533
X970179	0.0036984051894553205	0.038359289527895954	-0.02849498198731728
X970180	0.011560033599357417	-0.0037596135329224676	0.0022518254556000853
X970181	-0.006806102993129069	9.737799291803726e-05	-0.013437701014382367
X970185	0.005964363450204863	-0.04828604155214626	-0.04538054776603463
X970194	-0.004911671194858005	0.00918179786160538	-0.015205261264206817
X970197	0.004215326295331456	0.012067558057158999	-0.012276835615290993
X970199	0.0036621507579258994	-0.006058764005965606	-0.006661963231155413
X970206	0.010839061530449912	-0.03011424762679638	0.024724779892865534
X970207	-0.002928741276939078	0.001439626067446339	-0.0077875643712770415
X970209	-0.0017379806916198984	-0.0034887708468784033	0.004976596048809538
X970216	0.02575017659553702	0.03042804690938072	-0.0493488334143706
X970221	-0.019204056958100787	-0.004276087498995749	0.021733585840205055
X970225	0.009221057824232515	-0.0015736312144386208	0.002835661065109703
X970226	0.03213109539412781	-0.04538458145858983	0.009255159129829386
X970227	0.022272647968547797	0.023670365864026714	-0.0024792975993842515
X970228	-0.0102149034542386	0.013120385504748724	0.010836309384421733
X970232	-0.05797190369133074	-0.023189773230597184	0.021407763284581067
X970236	0.024512395816017968	0.046106858865634606	0.03549355960906092
X970237	-0.013237344125196742	-0.022290720876674	0.004679798968042646
X970240	-0.058502703133212985	-0.04943935625490451	-0.12607596720260322
X970250	-0.007436604782559951	-0.0014714310154015676	0.013991725921354982
X970251	-0.011468025198299347	-0.022123842235663372	-9.035956499157077e-06
X970254	-0.04951677819130997	0.070613713947686	-0.01473088557693245
X970255	0.02721870269482375	0.00541125760348565	0.009589489768651116
X970257	0.020597673068711006	0.06364391030248945	0.03588611039062362
X970268	0.0029428663232865006	0.019134370739736242	-0.004209570248045003
X970269	0.02999166136048727	-0.05712211719334058	-0.023437015769083868
X970271	0.0188646782440685	0.01654084144727338	0.06244317756480459
X970277	0.030996226861128236	-0.03526563977635878	-0.007741208363252805
X970283	-0.1256522136281201	-0.029009185154080047	-0.01889227150993241
X970288	-0.03212156664776071	-0.003745921766777271	-0.017237254971603565
X970296	-0.05244442520389539	0.03966440121428669	7.126095612471241e-05
X970299	0.01197646349466148	-0.010857552912858311	0.001510311771007075
X970307	0.0035478050190789743	0.01297750562250985	0.006443517633126578
X970312	0.008884406492961352	0.02310965476984603	-0.0021644119809407334
X970323	0.01715114970311799	0.0005592604154432311	0.0062256941163802235
X970325	-0.004194660421479338	0.014576714661170873	-0.010427603931578747
X970327	-0.05477057849929092	6.436830587921192e-05	-0.02404722187979569
X970338	0.010523844274562008	0.01973202945825804	0.02534196073417365
X970342	-0.09962683417340341	-0.014697371707677962	0.01348206651130701
X970343	-0.02644288934176813	0.05044288241877365	-0.012496836590002244
X970345	0.017584513336214375	0.012595696457590561	-0.003334430305187005
X970346	0.034474496951775305	0.05923418509391678	0.004557053236867673
X970349	0.012594724685735841	-0.025662448651172187	-0.0085492778719683
X970350	0.026642252062236742	-0.031013109237617048	-0.002085935283601068
X970358	0.009817103639606601	-0.017433688682463363	-0.005348714596572702
X970359	0.019516437452154242	0.025074387291587286	0.015860376941305376
X970361	0.042524640707598704	-0.014426680537377865	-0.0039197304202313685
X970366	0.045220243640509104	-0.04959095765803182	0.14219467487876655
X970375	0.005742156505119386	-0.0053423693751748665	0.01911258993445258
X970380	-0.004771535511849703	-0.035261375358420645	-0.09222697960755355
X970381	-0.024504182534446875	0.009369332401720942	0.005268819603356788
X970389	0.012620293060062095	-0.043056883172733776	0.0028542835818401624
X970393	-0.002131960821697368	0.006562902568524529	0.024192295120610732
X970411	-0.029542299272745296	0.056420680421932455	0.011801439585803816
X970412	0.008515490753281847	-0.014584482079373509	0.025000697089534275
X970414	0.013761228663875864	0.034803442179668305	0.019746667035307645
X970425	0.012675634375611824	0.0063737805883853854	-0.005989109247604349
X970428	0.027233976997347593	-0.005545611036736915	-0.032865438077966574
X970432	0.00963648603777541	-0.013026732018220714	0.010899374941078278
X970454	0.013230211745395865	-0.008174052539397257	0.002050576638492217
X970472	0.013402343575458234	-0.001618465150825068	0.006309422466892374
X970474	-0.0011579249056992758	0.013005304444664868	0.0008876024798947373
X970480	-0.006504871308196731	-0.008938436923031895	0.006854802777665369
X970482	-0.007688696488703371	-0.003909875358969519	-0.014734457819082133
X970497	0.00911077008156302	-0.05132057712662486	0.03846369936148871
X970502	-0.016368022799139532	-0.04772430093663498	0.010042919377410834
X970504	0.049279336428826245	-0.02986277767409696	0.039614451262314464
X970509	0.029666667101462332	0.046430205685161076	0.02508950539456961
X970512	0.016402834605082777	0.006743012604313753	0.012461085619564766
X970515	0.0029742713378828694	-0.014059097887605888	-0.010965368764375722
X970517	-0.011392812536398669	0.03435538583348715	-0.018342788229652924
X970519	0.004790322682651159	-0.00023519813620773462	-0.002486629317229527
X970522	0.004785688148038337	0.016002016693891164	0.015564485096083039
X970524	-0.0036172481253829544	-0.008390048520768174	0.012983047599200234
X970533	0.00040978200561889963	0.000764392694338449	0.01087604927776431
X970536	-0.0011277858077684748	0.011720502090790324	-0.005745993960758035
X970538	-0.00579992219679517	-0.005027657366125552	-0.0027398830337633812
X970543	0.006194387549745479	0.015284487124173813	0.00487451731732855
X970544	-0.03755768281062872	0.019617696256559722	-0.04799624788292849
X970549	0.037088077897450715	-0.08298680107061182	-0.016141149516558945
X970563	0.024442401831768212	0.02111861069103656	-0.015076209740024325
X970564	0.005295036694935211	0.0107012421201979	0.007388098376375712
X970573	0.010605567038575889	0.03245629969879934	0.016558284476372816
X970577	0.019423139267502436	0.008907982129125221	-0.0017946413823335422
X970587	0.009736076081111654	0.010467354194511834	-0.0007133193369792705
X970599	0.016041474969037166	-0.03695053307305499	-0.040583280552312244
X970614	-0.0027376836957030484	-0.0027309771417165585	0.008485071185876223
X970625	0.0065513679139996145	0.0021298293888116562	0.0030319436859405835
X970633	-0.08250629212945795	0.030158324337726253	0.011229819975363391
X970638	0.014523745230112196	-0.03769238271161545	-0.030386969094552418
X970649	-0.013842744182572617	0.08527113461884933	0.030761711199122806
X970659	0.018570026991002696	0.009164260687320024	-0.017093316605148182
X970663	0.018292215163936795	0.00921328522679393	-0.0049271933367943995
X970664	0.009114688406691003	0.09746301277406291	0.03965698251783423
X970677	0.018489033977142105	0.007719539055241599	0.007529611626500373
X970680	-0.09693238498395616	0.00857217826668493	0.019949017054496795
X970687	-0.004166164244646047	0.020688679471627724	0.008003918701256801
X970688	0.015928690428620086	-0.02538454364574615	-0.030320288079475923
X970692	0.014430482317421328	-0.026068881461528626	-0.034495156166454974
X970706	-0.052254221809146684	0.11458883941497107	0.06838689634543751
X970707	0.021533647745742176	0.020959296686751016	-0.0013003897597379215
X970717	-0.00695364594479735	-0.0026963447002785112	-0.0018120433242997623
X970718	0.0038165623938931424	0.0019078755791228055	-0.010414636681655999
X970731	0.011355195597209745	0.024002847421820288	0.010956789292786092
X970732	0.01429519026646397	0.015502144317615384	-0.004674017673630033
X970737	0.01797195792006851	0.008775124364037094	0.006527362650793195
X970745	0.012428803138126178	0.0394883487443723	0.00396769490047191
X970784	0.012783159395325082	0.015785285947956938	0.002597160115971201
X970791	-0.011814492082393905	0.006390519259255345	-0.011826377336052444
X970813	-0.017452456765520447	-0.015143592018602766	0.030392899091777042
X970860	0.006941808645492742	0.013216371769052705	0.0020954425091820363
X970932	0.026683260207844298	-0.012725526127435268	0.023385723633841254
X970960	0.032474279694005626	0.014044219379516361	0.010159488087807844

Biplot	0	0

Site constraints	0	0
