Eigvals	3
27.156727192277668	22.363768134824728	12.390016392162508

Proportion explained	3
0.5301325865930588	0.3595171425597708	0.11035027084717038

Species	12	3
Propionibacteriaceae	-8.496633683132794	0.4965021703697259	3.4351674119168822
Staphylococcus caprae or capitis	-8.794794375292916	1.54344768523372	-7.925538981658139
Staphylococcus epidermidis	5.302166180511557	-12.728322052036427	0.0273564797183612
Staphylococcus hominis	0.6413600023889596	12.928937576639942	6.272050113602864
Other Staphylococci	-5.987326183541379	-0.5164042759269528	2.058723416439428
Polyomavirus HPyV6	11.811178640217499	10.183269291278414	-5.1204596370163245
Polyomavirus HPyV7	10.816986996915654	-1.672053293254193	-0.16036520643572316
Merkel Cell Polyomavirus	6.4755754269502965	-1.8950902569537431	-0.25942854904627366
Malasseziaceae	-13.726443947406146	-0.36033879417992937	-1.5460193456217357
Corynebacteriaceae	-2.3024450268019594	2.182556314982247	-0.3401170555460085
Micrococcaceae	5.47220175965428	-4.227627218033911	2.0711621609168
Other families	-1.2118257904630538	-5.934877148118897	1.4874691927298795

Site	1225	3
X940001	-0.002670902013685489	0.0012939977579726476	0.0021717387435138758
X940002	-0.003611422386257081	0.013212111643945377	0.009220308860519263
X940005	0.016431391267109855	0.029841890025406187	0.010530072743081645
X940007	-0.00576897477946088	0.0054559349776673845	0.010608081881098495
X940010	0.02454418686202294	-0.01701842633696416	0.04336689730902561
X940013	0.004502271633933092	0.010623330501766514	0.0021515851318246095
X940014	-0.06372389471801015	0.0173601758327958	0.01713344787357563
X940015	0.0008029009484725258	-0.021256332898513877	0.0006648502752177337
X940019	-0.04587172613562633	0.03702460947018177	0.05012393268436589
X940021	-0.05329595365676386	0.0063626296621237645	-0.03549301261119893
X940022	0.005912910141108221	-0.014627607880577697	0.010316222669394165
X940024	0.015174574710469098	0.01930335626212198	-0.014595711081015846
X940025	-0.0034775007313127067	0.012928359946109625	0.02133716379882602
X940026	0.04293676255203138	0.03205823943099106	-0.00854514562554879
X940027	0.015382905173942904	0.009123401981396828	0.009813809726762263
X940028	-0.004431135471017022	0.01631348591206801	0.011045045411823448
X940029	0.0005318760846509409	-0.010716598281147691	0.0030887018976120304
X940031	0.001528603369122307	0.016769379665881295	0.008193752867760399
X940032	0.008973066707555563	-0.0001002093200904047	-0.01084625266272937
X940034	0.029281173407914706	0.021353795499479338	0.0031490621284536984
X940040	-0.015448641428865081	0.014801739211254659	-0.002132622086221576
X940043	0.0006881147104513185	0.006070937179351148	0.003721571119998917
X940045	0.0034687765562309734	0.0658037367440326	0.04892305098895029
X940047	-0.04581011765956671	0.005701288242255789	-0.041016668132691204
X940048	-0.014894598083418809	0.006253343869290966	0.014133274531759773
X940049	0.00327041715306809	0.010541329678216254	0.007799495367573846
X940050	0.004207006002315507	-0.045891097482411214	-0.006920746546267875
X940053	-0.0269714235540235	-0.016968804104425552	-0.0020964545786807125
X940054	-0.033937563884718115	0.018816935776056472	-0.01682284402274754
X940055	-0.01139566859518259	-0.012951424334288125	0.044395231743330286
X940056	0.03554026647377387	-0.02090903906513097	0.029740422974854495
X940058	-0.002293620625363117	0.017518195587968535	0.014432680398221714
X940059	-0.003363209766099282	0.009900362122232225	0.0016150611795129513
X940062	0.0034801837337003964	-0.04101148099447342	0.00061049028244906
X940069	-0.008743246345519774	-0.0015038408276238202	-0.016142386636609326
X940071	-0.018685383994082833	-0.016840137324383414	-0.06165229735024885
X940072	-9.067128515989276e-05	-0.003919944540329952	-0.012542812839251044
X940073	-0.10186009596788086	-0.03077753559120359	0.0204739977112244
X940074	-0.00607802306531749	0.007554680392881509	-0.030648890446113075
X940079	-0.07257182542965773	0.002452320971337753	-0.03460373564248463
X940080	0.0017185110837602423	0.02317591099045361	-0.0038607210033105143
X940082	0.012914286959217742	-0.02449996221842867	-0.005295095958143063
X940084	0.0025519057326179556	-0.03318810958304234	-0.0031107168731910385
X940086	0.05071299440146316	0.04437955175364549	0.009438084786028766
X940089	0.029660934360341246	-0.0037448589452213415	-0.006234037312892014
X940091	0.027965856405383696	0.08430003576748178	0.08079931735048745
X940092	0.030712385517316643	-0.026280597830841065	0.017156012059534646
X940093	-0.009286782747819739	-0.0004337132586222428	0.004420224888931261
X940094	-0.05054353427567931	-0.08994541184224047	0.146490346358446
X940097	-0.009102319757204526	-0.0004862773505263853	0.007630176978273846
X940102	0.012302365176433235	0.0115642145049878	-0.003005987121035243
X940104	0.0038184396404611987	-0.00454793004083848	0.008048482429662884
X940108	0.0014094135931247602	0.003985319960553237	0.01092259384741164
X940110	-0.04396551670677466	-0.029465319710116317	-0.0008955975608310724
X940112	-0.10180775894063951	0.01265530536505465	0.06204363915396364
X940115	-0.004039450960197514	-0.010706635961311117	0.020525644118220984
X940120	0.008917399877515995	0.03175921220169309	0.005659978183540641
X940121	-0.0211353814385776	-0.03688286241221712	-0.007810639970934567
X940126	0.0010338126437363583	-0.007015469084250738	-0.020327901295736073
X940127	-0.014457505105585999	-0.000611049564843915	0.006290646309592889
X940129	0.024552770500309608	0.05250541876928639	0.00063503795104139
X940130	-0.014127472909873078	0.016269824762489477	0.026369508971001116
X940133	-0.030616238265924103	-0.017176552816129717	0.006032211509988269
X940136	0.02017407405568459	0.011267705360443544	-0.00845997674799239
X940143	-0.0058910990208361404	-0.008169622013388595	0.004818161897238628
X940145	-0.007045610489023078	-0.0028056665596431197	-0.0034535775573195137
X940147	0.019515730459121604	-0.016944239814155337	0.0052968642898709485
X940148	-0.013510194840930547	-0.017851282388413988	-0.008784190016146299
X940152	0.007319967621335263	-0.012367830026201222	0.006085491165924955
X940154	-0.01041134208551624	0.011251473588833943	-0.02158381995516184
X940156	0.010677524592031327	0.012264769714043468	-0.0383943035638089
X940158	-0.00495614727106929	-0.009700366278267305	-0.03157803674668985
X940163	-0.024509215621117835	-0.02959398655646472	-0.027549720728386795
X940168	-0.059854624156611434	-0.06440595275882897	-0.008708833757440837
X940174	-0.053887075155995515	0.0634729755692026	0.07616542866380283
X940176	-0.0008944269613652958	-0.03069467881073826	-0.017343890474903683
X940178	0.0007509802761792145	-0.019046225865451512	-0.001499080367055307
X940179	-0.012927827158894786	0.010110367979299982	0.00770272166487014
X940182	-0.006897075545380442	0.02065376776142207	-0.018919721469564478
X940184	-0.07342764624109074	-0.0253236296504562	0.02444302991735582
X940185	-0.007712723568073991	0.02480064694462194	-0.049078220670474286
X940186	0.018880055245136952	-0.0004751696016772575	-0.023673799778492405
X940189	0.023565232610293647	-0.02615381026314955	-0.0039301317452609865
X940193	-0.020300026705235702	-0.018736530781221308	0.02669130519005659
X940203	0.026032900877712567	-0.06998678068073055	-0.011979258081374525
X940211	-0.0057075014054891815	0.002263794393413244	-0.005052735238493426
X940213	-0.010610933636994337	-0.027999650176899874	-0.022676570534119207
X940214	-0.012815252624250035	0.0102392803536223	0.015027970119544739
X940217	-0.008379451909678644	-0.011338012067403714	-0.010686055352676692
X940222	0.011598633952889069	0.027909351166986455	0.010953063106154742
X940223	-0.06146066223340939	-0.01467049942832311	-0.053597096499324905
X940227	-0.060355269715172286	-0.016611370627433952	-0.008918439017134489
X940230	0.028182888051987157	0.0016590877168750117	-0.005588386722934307
X940232	0.01280642653363402	-0.0007999001508622874	0.00569139033737803
X940233	0.023120076077874193	0.01823425872230703	-0.007422565610857581
X940237	-0.011609574527674154	-0.004565999421277431	0.019823824801887952
X940239	0.0076811790068739795	0.15524971741097854	0.09191126328138605
X940244	0.0014056071282276012	0.029036679148300378	-0.0041223553633219015
X940248	-0.030635575007291322	-0.008753641217336149	-0.012298048211432589
X940251	-0.0017725749898408272	0.029814505801528567	-0.01645316608421373
X940256	-0.038496757115591196	0.0034915273824824636	-0.022123198578952376
X940259	0.026437694907707386	-0.009224403423136572	-0.001735120098738242
X940261	-0.006469916148851664	-0.013671968596083238	0.022056894827295823
X940264	0.020122179996124184	0.009892497775201315	-0.026101103165747
X940270	0.0032463312129062745	-0.0194511219108126	-0.010469007114351772
X940271	-0.017096858450932	0.015200837505822646	-0.0073638544991601615
X940278	0.010947867145121403	-0.0030453121498600186	0.013770404418197936
X940281	0.003004578238462711	0.040428746981313254	0.005650517352100722
X940284	0.012542497767547874	0.008398089556443094	-0.025632619775784782
X940286	-0.05777702789137453	0.030627168841346315	0.04718111839088036
X940287	-0.005330224731146211	-0.03197123979198327	0.005749420130988201
X940288	-0.03086199948535765	-0.014939764213170916	0.0044901513187073794
X940291	0.005997258409050108	0.005833459542747686	0.008130406529152505
X940297	0.009945954690548054	0.010975717220529722	-0.010627011996475203
X940301	-0.0022786700244951568	0.00979851906145173	-0.00461221295396113
X940302	0.008571713265619105	0.03848001960231551	0.000829373398648319
X940303	0.03173134834050551	0.0025261744332504207	-0.02700441703857038
X940305	0.006521963516618187	0.017127585398091425	0.010628539026302224
X940306	-0.038428482112296436	-0.008387603448363605	0.010813191577056938
X940309	-0.005389061735524968	-0.005213891573843149	0.007148919929638031
X940312	0.006610608755216413	0.017776712030737444	0.01722094795616894
X940314	0.00019377426518081168	0.008237431698817037	0.005417394643055697
X940322	-0.04329616226892913	-0.01897462945642546	0.06338707356784135
X940324	-0.025308558040421356	0.005997208982259794	0.0040362474108849525
X940325	0.043595662191363634	0.004617642771582752	0.020046496008159484
X940329	-0.05141648688351993	-0.014375421110721171	-0.026984274624579953
X940332	-0.01765322440469916	-0.023498544489942905	-0.0032120648420449383
X940335	-0.030328801042629923	0.014983310218986315	-0.028198458408034414
X940338	-0.020402172812135442	-0.03671261282997184	-0.022888746085373186
X940339	0.03406164478053131	-0.005675199384755163	0.03128947739047125
X940347	0.015087225148593765	0.010286912870122277	-0.006834313156535346
X940349	-0.0014612695748255709	0.011617531562334693	-0.01438181858787223
X940351	-0.004059426112849407	-0.007284046608346062	-0.014878517619036401
X940353	0.04120973402571442	0.024746317347199693	0.01958011153181879
X940354	0.007952831089960507	0.007333136793703547	0.0006492746074631973
X940355	-0.05826681203071245	-0.04735957145213392	-0.01760972408465385
X940364	-0.02140351571792096	-0.023662207830635485	0.0041000100512709504
X940368	0.025009026416164065	-0.016871897202996086	0.00897880611649246
X940374	0.03856585471193635	-0.025471227074001224	-0.008668222695051266
X940375	-0.006274009228469756	0.005558428026179633	-0.015258039279372535
X940379	-0.00702535654815847	0.00890170585778867	-0.0050866070088515175
X940383	-0.012718735232376677	-0.01463443665739583	-0.008171911602170828
X940391	-0.015150531001062182	0.019411584622015473	-0.02340325876708963
X940404	0.03321498803015741	0.025435180759191843	-0.0009418291589930042
X940411	0.002002632527722717	0.020172899961608204	0.0283568295335752
X940413	0.05695940344534338	0.002813999380144472	-0.03971596731659818
X940420	-0.0014182054782066625	-0.013831589951067983	-0.0017834247347461875
X940443	-0.035884115349822256	-0.054658094598274726	-0.0028768900733754845
X940444	-0.02071030221224254	0.017912977753472843	-0.022464125937297588
X940445	0.01510869279178942	0.02571941496218454	-0.007367716684238227
X940450	-0.020974331980124244	-0.0036879686592072663	-0.01870284194554613
X940451	-0.1434148614275445	0.028164136035180868	0.12397705453528539
X940456	-0.00791177439574934	0.005318891569494934	-0.0018347653814873152
X940465	-0.0025307522819938157	0.009086469481221703	0.021517158784915783
X940466	-0.009728022028670333	0.007693258265244119	-0.021993804789112812
X940474	-0.001747292407698863	0.017922478197523115	0.013003302755998696
X940481	0.03510386781067175	0.018230161791912995	-0.012647284285116418
X940483	-0.009729950057059362	-0.0022271723654966346	-0.002597372569364251
X940484	0.034892657933388097	-0.01817838169217313	0.016556559621135666
X940487	0.00141328303794729	0.04116329264721521	-0.004899601425258106
X940488	-0.046234683170725294	0.020869409394954304	-0.04862981620533761
X940497	-0.00399841781841377	-0.02653925625784874	-0.012516630198164175
X940498	0.01868519164443371	0.041096910892935795	-0.014970791159179568
X940501	0.0008472863287532314	-0.05758834464912871	-0.009506862593134118
X940506	0.0020726670670595283	-0.03782146167941153	-0.004191661301330998
X940526	-0.01959261980247895	0.006258854296315801	0.004090543933111499
X940529	-0.0865816275978534	0.009192277606627322	-0.10365412124770897
X940532	-0.022125719468693444	-0.014682807819695614	0.004789534331301838
X940534	0.023789825491657902	0.008377316222604566	0.010607595497396805
X940535	-0.009084975698366863	0.010602050194500922	0.011429596367216313
X940540	-0.00019613638039393474	-0.017850276722242195	-0.007689729767583372
X940547	-0.01403990905726844	0.006658105905220442	-0.02158867326479343
X940550	0.044006190214511014	-0.010979509423583344	-0.008954026193733753
X940551	-0.04544792941782834	-0.034455663356107176	-0.010952807682196523
X940555	0.0020671172449468153	-0.002186407478330862	-0.012679484609036857
X940558	-0.020958079888152643	-0.018896038304085077	0.0003345197092196153
X940560	-0.08368129807998861	0.031189735355083743	0.049149617822229645
X940562	-0.019348449444307903	0.0124212457417222	-0.0083257235632335
X940570	0.025522244549068093	-0.010659533780007056	0.0021489567220042568
X940571	0.04239109532609909	-0.01666534222481179	-0.05171312802882043
X940580	-0.0008291917814262943	0.01419928199302781	-0.028224987085726978
X940584	-0.013547737291638742	-0.04259913678844857	-0.005516630786780286
X940589	0.05277931247908132	-0.1231551350068594	-0.01580555721108007
X940598	0.0029344443456777824	0.0050819398291893775	-0.00811159907938576
X940602	-0.0760941975504833	0.017657468986421898	-0.06688557238233847
X940606	0.0017181753013334924	-0.0169019221586475	0.014750128535983119
X940612	0.00031327513807170615	-0.057840335537048766	-0.0009650918673572694
X940623	0.0116733720600111	0.01033906655184684	0.004622785976272433
X940625	0.07504664931179234	-0.03393760153088846	0.01717755558309843
X940641	-0.012318718671183079	-0.0032377090997893613	-0.0008730204669690182
X940642	0.026171595327996473	-0.004813231058311022	0.005581703038392665
X940648	0.030361519964361375	0.04703897053623445	0.01641246720395816
X940649	-0.012861267775966991	0.00970142539164895	0.011728304621237324
X940652	0.0008510182534243502	0.01104626136871096	-0.00992802377341077
X940662	0.0002798397802308299	0.008711287129939998	0.009322110017231423
X940665	0.016844467039245085	-0.012398698165247244	-0.014049894069657943
X940674	-0.003586338626223859	0.0073912291981508	-0.005956078159501942
X940689	-0.09315672511295736	0.011567408333256021	-0.06334052123442797
X940690	0.013938039622950248	0.026601751931992434	-0.02683996268412494
X940692	-0.007738160452596036	-0.05022024849290839	-0.008982956537032554
X940696	0.033378269815309745	0.005302539093756329	0.018733046828640004
X940700	0.021344367498357105	-0.001122418463597025	-0.024534362157445942
X940714	0.014388639236550088	-0.029049904131601613	0.00245669349151962
X940721	-0.0230682534146802	0.030838269296766294	0.05801771695825471
X940727	0.027943534748843923	-0.01327302247717154	-0.0252617918923226
X940748	-0.03288318766410951	0.014185217418178547	0.02355396795318883
X940756	-0.013607337913977871	-0.02335618050525304	0.042270168348041745
X940761	0.021051129402072502	-0.02398881804148243	0.02559439560120734
X940763	0.004117174934124921	0.03071110885806448	-0.021530811427632787
X940766	0.025706692184667486	0.015343498662346204	0.029437974862919217
X940769	0.006052064463564773	0.03353328778048027	0.0049231456183678034
X940775	0.019894923507857494	-0.0134904204481451	0.008514707727383988
X940778	-0.00763578751689368	0.022602967264953682	-0.002266015515579338
X940786	-0.011750652175118866	-0.014481984191499776	-0.019915423181407706
X940796	-0.009638044678923128	-0.017556136720614724	0.00209533838635012
X940816	-0.017739589910590856	-0.009480113529849177	-0.030485151133279337
X940819	0.009126964367902574	-0.024045955868796785	-0.013687978230940588
X940820	0.009280669400163498	0.008967954070380434	0.003925069807955316
X940826	0.005173113413555256	-0.030521949383407704	0.07485640247892199
X940827	-0.04685743391969647	0.019411418928118325	-0.008884122803259916
X940833	-0.047076107160972214	-0.02670923523621271	0.028966520754953495
X940843	0.01971117457736325	0.01929537977356683	0.006368750396906357
X940844	0.006904710849020986	0.02794207191054656	-0.007633520644880043
X940845	0.007911761052918648	0.03834218849904503	-0.007078848332016449
X940847	0.03781735643788886	0.040104543047526475	0.02014652602626462
X940852	0.011374736343441893	-0.017210200039414356	-0.007664847379034168
X940863	0.014201535019543545	0.016102157586279142	-0.0070907061015247925
X940871	0.008966686681628987	-0.022507983512701227	0.028441880610624904
X940875	0.0016177746982411843	-0.036907445244049625	-0.02867716143588252
X940882	-0.011146282262168742	-0.043668709339862256	-0.023950016533916395
X940889	-0.00414430957968922	-0.013171497129021275	-0.007594158460426788
X940892	0.04193817065670753	0.05056143114323266	0.0019169485763928847
X940895	-0.008676696805488904	-0.02010189449333664	0.015887775194700034
X940907	0.03196676310679811	0.0347262679409668	0.017423989612362217
X940912	-0.014213736163103905	0.008422187141273975	0.013869975729756977
X940917	0.02881385857033657	-0.0012342242090428001	0.021407370671511956
X940925	0.05441130430250883	-0.06398536703887873	-0.04566077718806384
X940936	0.04208809670662792	-0.06432975706476657	0.022738177804927397
X940941	0.012621659866731302	-0.03965557195062912	-0.01323783513070318
X940946	-0.011476276796954727	-0.022674965450426802	-0.025880318755807864
X940961	-0.0019027123321333883	0.013499516919069308	0.0034415691131833574
X940966	-0.004595189961485422	0.00910872946310814	-0.006040245565931616
X940968	-0.02914055267718552	0.008747597997076837	0.0009112841525731857
X940984	-0.028267454799220174	-0.031247007356575943	0.04312207963665462
X941001	0.0366287842096748	-0.01177169383273544	-0.03201876492426849
X941014	-0.09437307716424467	0.015829884174133873	0.04972504052987168
X941019	0.02203594910025504	0.02551938414957795	0.0143142662215509
X941024	0.0048813629430935045	0.0025554119909483135	0.025177929272417174
X941028	0.01912722463098618	0.01741032886955635	-0.0016704244049418498
X941037	-0.09760799257846745	0.021838160028991582	-0.06766018646143081
X941043	-0.030223397038135813	-0.008399130972943215	-0.023997425964318544
X941046	-0.024427010575205528	0.007275848125258913	-0.017291793429642457
X941049	-0.015927119934260738	-0.021984077618845747	0.007935258041998709
X941051	0.02471110633547554	-0.008906727812918683	-0.002965082989533192
X941066	-0.004961458215476022	-0.011565886586181674	0.01985093496361194
X941074	0.014527545217932519	-0.0017414029257221708	-0.012403453257386612
X941079	-0.013601133723895997	-0.0010327507163397688	-0.0043048404779953645
X941080	0.03769687169495933	0.08731347285746477	0.054336855487120875
X941091	-0.02571880326652781	-0.006027746088738061	-0.06447947093045812
X941095	-0.032705859736614704	-0.013043816010826456	-0.021795757713058073
X941106	-0.00677393285800345	0.02815149937428829	0.0003648680513871957
X941118	0.012681767795000291	0.024448996007327264	-0.0035828198381114844
X941124	0.07345992415238883	0.0043980789173032435	-0.00037674734159395996
X941134	0.022478736424204934	0.018298021472322186	0.0035008280018010525
X941144	-0.03724253010535634	-0.016958687305796093	-0.014824540207780726
X941153	-0.006384058222212182	0.0017119695066572134	-0.00327766213729206
X941154	0.008690963514697647	-0.008888467460531393	0.0021340762888507623
X941192	-0.006994044867590418	-0.05179826565153128	0.061163821471208905
X941202	0.012848396866333888	-0.022193658503795965	0.014908891729024876
X941204	-0.023007773031839585	-0.0017907429339669991	-0.024929841537052952
X941208	-0.00900681171173196	0.005340660721783222	-0.025232490052778306
X941241	0.0021937130884894284	-0.02793247534122537	-0.07462424694909099
X941250	-0.005279565578283328	0.02190431304372433	-0.030109508667080856
X941253	0.009234117244838603	-0.018635643904152656	-0.006252388926304997
X941257	-0.0023931480666513406	-0.05875039623850069	0.0032452564828874923
X941259	-0.01229856688219941	0.015245323390844341	-0.01944737840900762
X941265	-0.004899671381800667	-0.046260239315456274	0.026844795069021543
X941274	0.0266456363557286	0.03922089187363272	0.025674086420122838
X941308	-0.01669634672988238	0.011408528566302633	-0.015862119096245905
X941315	-0.018753731966852018	-0.010326219198137608	0.029770354478352294
X941320	0.016696669385932027	0.015612802177719537	-0.005708155257534757
X941321	-0.04464723881065904	-0.021513129061730325	-0.009208760170450877
X941367	0.0015455741982939699	-0.029094395517060306	-0.0058040794048890825
X941373	-0.021058403394508197	-0.0038456934055871046	0.007837528150126559
X941384	-0.09105758163549404	-0.04525166056967665	0.05421790167571986
X941385	-0.006832751691231651	0.013282955681592774	0.01613350558751719
X941392	-0.1412802600398532	0.05586764316393518	0.10219237132268082
X941398	0.005153242278563253	-0.019922862514601715	0.07306926081936066
X941404	0.004727754351813653	0.000290608912126438	0.013814407917187289
X941408	-0.006471106659000599	-0.0021583941731990017	-0.029392179852493358
X941422	-0.03334241713171524	-0.015483172078540053	-0.010056829411571313
X941439	-0.005266426169181352	-0.009783697968098066	0.0037661817810317084
X941445	-0.02352702438447613	0.05810742336195646	-0.011604985022846466
X941454	-0.013834828538237962	0.00011966317015497654	-0.004430538559783393
X941460	0.01459637784795527	-0.05383636612888878	-0.003697540504542221
X941462	-0.016894471689682663	0.027230478030806048	-0.011461130351793263
X941464	-0.0008139735688007047	0.00583587818371243	-0.01274939373546538
X941503	-0.003488539284869868	-0.023284024549851685	-0.01643492388704904
X941519	0.005288348145474859	0.011551076224205137	0.007451698783935747
X941530	0.014477532070328994	-0.019641694646114195	-0.001880189442901292
X941547	0.0005264223381363281	0.009104820224652525	-0.00861629700134181
X941582	-0.07575278305477656	0.032894147015468785	-0.0158631719791405
X941617	-0.020266432159935212	-0.007438765597265877	-0.0010553744100896822
X941623	0.007636278995467786	-0.05749835916384736	-0.0054761658638303335
X941624	0.007153561515925378	0.011029171450265956	-0.018528328675035684
X941639	0.023674774483401485	-0.0038823536818822797	-0.009600214489821662
X941680	0.025367173400647185	0.03745448907441671	0.012921799638083027
X941684	0.03397392460237078	0.0004598582373860385	-0.0020231204253951147
X941709	0.03583872774805592	0.025900676013531205	-0.03508988233462155
X941714	-0.04403289533284006	-0.020246787458046013	-0.06345299133649865
X941715	0.021510945222006396	0.01833872269717429	0.0005066689725920457
X941738	-0.006659948389297736	0.007325092962137855	0.012654809245854921
X941759	0.004313367278184783	-0.015152391620673158	-0.014568259568590598
X941772	-0.011796714546992576	-0.035827494715697565	-0.014346542583772754
X941774	-0.0074291404536566946	0.006760339680402057	-0.031180492545522312
X941807	0.03318668352341132	0.04324432878324953	0.0032474567621909502
X941813	0.03758879063765664	-0.043200121880780096	-0.00483221713341479
X941817	0.004403821163978375	0.023896699935400202	-0.019353818242369262
X941887	-0.025463946615970588	-0.004489198493570393	0.002407750395052686
X941902	-0.05466183865869161	-0.02144757398642881	0.021191554673622735
X942011	-0.01600993533815693	-0.011896003205081291	0.011408109015339275
X942026	-0.006553077804364234	0.030925934157237017	0.04675671706462002
X942039	0.019196479204227325	0.024245483205112526	-0.019372486190015453
X942075	0.03279838390568064	-0.0034022482100814935	-0.0009633283792107841
X942094	0.012026626673911378	0.014565158658213846	-0.007258093420991274
X942128	0.01421563820440313	0.022757183660073295	0.011965766989052013
X942191	0.08859414106357429	-0.09010811078826492	0.02187197607673018
X942237	0.0010057159356939931	-0.07152378009310172	-0.03744341272069855
X942303	-0.024796030530072344	0.0013613767314596308	-0.027976726731504302
X942319	0.018707397836356627	-0.08953556588607599	0.006865214098327716
X942359	0.00154141357340979	0.014967805582021142	-0.00026152677541025
X942398	0.005671081273920326	0.0049985670664924415	-0.01852478398572895
X942402	-0.047385739606325646	0.01566930202013065	0.045049711957827115
X942429	-0.06392760260024163	-0.033757136834472894	0.023189424471646344
X942467	0.00756762826712627	0.034118220904645384	-0.008442431413038886
X942487	0.01803205987961045	-0.04596829090400818	-0.00940614965634079
X942489	0.015803781152267007	-0.0403547130289979	0.005580458663250245
X942490	-0.04003394153968502	-0.007382202615698625	-0.03166289464433427
X942504	-0.006234627533409894	0.021482329711918	-0.019738720560406372
X950002	-0.006335927087081841	-0.014103137072221987	-0.01663487646133931
X950003	-0.017694862698271096	0.00655782830106017	0.01580162870301828
X950005	-0.004048619769547899	0.007099778760124024	-0.008265114747172342
X950006	-0.025925591942565555	-0.019629608418416638	0.005663102072606069
X950007	0.03001602045816745	0.04274092710962094	0.002618968537766301
X950008	0.014706663563356296	0.029389709899995037	0.01904242791953519
X950010	-0.004677227636722987	0.012034218260144601	-0.014400611758052358
X950012	0.03411393288729836	0.016192950003458145	0.00038798907999911474
X950015	0.00867337423904648	0.018103627841483727	0.010671637037703713
X950016	-0.008276201689203547	0.008477861724621222	-0.00514707976538812
X950017	0.0023067338404219153	0.0017616364039158025	-0.00984257683332615
X950018	0.0037885835463369495	0.010047673016900667	-0.0016372077891337452
X950020	0.010202181532342139	0.007670342179581622	0.0071683194281032935
X950023	0.06879859062678491	-0.10235700263911227	0.027506835289948774
X950027	0.004569488058066965	0.0085681488430409	0.006823453612953145
X950028	0.10351433451337926	-0.09884970000077693	0.05008654508091952
X950032	-0.0054770646344226535	0.001078835391408458	0.008920203554343779
X950034	-0.014469596427896728	0.004589168274114432	-0.0028388632001915062
X950035	0.0027090918028129505	0.00030613917560319716	-0.01121066105021099
X950036	-0.0065437288321175645	0.017665906264528606	0.0031902405788709776
X950037	0.004250907956671805	0.020755675575948786	-0.00045935794482621637
X950040	-0.0015714775219926047	0.005469590979057467	0.00993894067294768
X950041	-9.812379243120176e-05	0.009447878687059074	-0.004978428859790655
X950042	-0.004089819583470855	0.02149823132327319	0.00829919950068928
X950044	0.005516531006277752	0.01978433067349838	0.018532139076039345
X950045	-0.005069126762890258	0.008010065689890348	0.0002429072005958514
X950046	0.012509212322545515	0.008252006342939806	0.002959056777843091
X950048	-0.02294977468881609	0.004726958588796759	0.010873077884596571
X950052	-0.07365109265275961	0.007690625609417749	0.0744604024903567
X950053	0.005143696494230563	0.023646876815067396	0.020835462933978696
X950054	-0.0023365201539013968	0.0035629667781520713	-0.008807520145006003
X950055	-0.031898344065718585	-0.021678506356212993	0.0001853098001583842
X950056	0.08374621277430562	-0.09718597301655067	0.03642084225477212
X950058	-0.07441620492594749	0.04328778195531945	-0.028097613446344063
X950061	0.008920663921587042	0.023106611426452855	0.014588407517070188
X950065	-0.01559419110016163	-0.008463986023623941	0.005408045589551873
X950069	0.015536746686999786	0.013520014447336137	0.003911395974336617
X950070	-0.015358172800767969	-0.008543891996644546	-0.011983334009432628
X950071	0.010477746665087618	0.014474373701540269	0.020960821406134277
X950073	0.03692961601318079	0.05381013394978931	-0.017497163347607397
X950074	-0.007240544511367117	-0.0052354019659019415	-0.005577164147447905
X950077	-0.002356841274609403	-0.0037629369825643187	0.006361090647181014
X950078	-0.004290488307638631	0.009485008873673904	0.014135910636136837
X950079	-0.014988237587107824	-0.007089116411307255	-0.0011590262303500683
X950080	-0.0019182440875483433	0.013173886869409894	0.015353459339494615
X950083	0.025536189403482797	-0.0009133110742927509	-0.010786722161029947
X950085	-0.0023115855284536065	0.010058679598291638	0.007635515803045198
X950086	-0.004414522591048895	0.011150541944728445	0.012642078927139588
X950088	-0.0020865966936149385	0.018457656373170508	0.007975653379882293
X950089	0.011004984905228603	0.026065859298838635	-0.019096768127676682
X950091	-0.006941886855619808	-0.030301666587999588	-0.011661569056710659
X950094	-0.053008055560381094	0.049467229182572195	-0.020047772782565393
X950095	-0.01859515786476621	0.027858591028465655	0.00830573622190139
X950096	-0.0075405685024111	-0.0032515847158123886	0.0011085953724767048
X950099	0.038644819863574466	0.0631095257766316	0.04998282682076038
X950101	-0.006261882210741061	0.018070238006924758	0.003529633397840563
X950102	0.0016291079437568171	-0.01766598987888132	0.012610918368646008
X950105	0.014976577601246335	0.02584452377425055	-0.0043736148647860315
X950110	-0.0025009067499682353	0.017035879323929446	0.016016290697486307
X950112	-0.020778057272408463	-0.015527663008762188	-0.009910287809002407
X950117	0.006940858531283932	0.01373561553723475	-0.0068927321290320805
X950119	0.0021988660805244715	0.002286538702888406	-0.008830386211582934
X950121	0.015773764909649077	0.0057516840886157805	0.004483369462379133
X950123	-0.020834839801441137	0.019305699127649935	0.015750152075510844
X950125	0.012828086051874018	0.005892345230996362	-0.015712704641017112
X950126	0.018158724547574816	0.013310028016779791	-0.010324849527252761
X950127	-0.02188519347059476	0.020681718642526006	0.00499255889725357
X950130	-0.023590441919621005	-0.03656413947768192	-0.03400040110122836
X950132	-0.00500628006802656	0.01661431565800771	-0.00222688581846024
X950135	-0.023704372656085056	-0.004726978553471447	0.006714044579691889
X950136	-0.00923414105849343	-0.08421524950562462	0.01381045876241338
X950137	0.011975497891959579	0.0050988767398256534	-0.023476661693575585
X950138	0.0013389729393661748	0.005311577884226873	0.0013891756021417526
X950139	0.028600405790152352	0.04561821048623383	0.0231452128379877
X950141	0.01533315427114585	0.031371354758736175	0.009627669814624493
X950142	-0.03332184589385387	-0.0030880228780305126	0.008180684635731739
X950143	0.0171347542972365	0.008897752454636067	-0.004051513208797323
X950145	0.006935906534093563	-0.005487849843290159	0.0019742324003684066
X950146	0.0031924626382793717	0.005974739119897428	-0.006603316398295071
X950147	-0.022191601396493905	-0.015947168952445835	-0.019460098344204202
X950148	-0.04372837166532704	0.0014090974993086255	-0.0013705758302194906
X950149	0.008019496254135321	0.022951348375708135	0.01923384342048062
X950154	-0.003158878934845742	0.00708083575231285	0.004622475356731598
X950155	0.012623270523096305	0.007213812619208873	-0.00544757222659287
X950157	0.12554755997679318	-0.10598195459193888	0.02302323750380329
X950158	0.002998051934444695	0.008673741387555767	0.0016271952225888422
X950162	-0.0058371967167404415	-0.0014103174270324482	-0.016186370198345366
X950164	-0.005651305086778895	0.010072304927806345	0.010070086733398233
X950167	-0.009055769246828108	0.011280404714886805	0.013309764879064422
X950169	-0.008265054627457769	-0.0033510736227744496	0.018838911828191064
X950173	0.08767679430351161	-0.03945888093620642	0.024621162046754855
X950176	-0.003645252788906391	0.004883774979277808	0.0060110314942731545
X950179	-0.008811897170922938	0.023641258575537807	0.03643661056295217
X950182	0.00428881064975739	0.010375723536549569	0.0017372637711955954
X950183	0.026392893553146952	0.04395108968113566	-0.02658681871886591
X950186	0.011166239531209229	0.02963355019940916	-0.006904697260320953
X950187	-0.004956237988378605	0.0067127479867279865	2.9923714731087338e-05
X950189	-0.018030922015665467	0.01888510109715685	0.0027211446075221233
X950190	0.016774914026013846	-0.06449625211692836	-0.01607489626330614
X950191	0.006785967757219978	0.010207965607156021	0.006191753755707207
X950192	0.030537855626486962	-0.061287550461959064	0.014625190687467598
X950193	0.07314792424620008	-0.061253545561791765	0.03154184554181103
X950196	0.027821669388187375	-0.0012367379610927756	0.004476100037290676
X950198	-0.011765088781746634	-0.002634809716612278	-0.0064911867323081745
X950200	0.0032157294016576334	0.021312953359743106	0.018305518610769015
X950201	0.011065202383318474	-0.0009166489337856336	0.005360164189104835
X950202	0.01015490251414515	0.005225751046462132	0.00016677561047098716
X950209	-0.0170136508514524	-0.0037693245717577333	0.008846287418306679
X950212	-0.007457492353723534	-0.03886299448700845	-0.00022945030267641737
X950214	-0.0009423126876736677	-0.0024376030384635114	-0.0011123425149030524
X950217	-0.00877045978868285	0.011331739085987924	-0.013158392503737949
X950218	-0.0035121184988666583	0.008650072188217598	-0.003581551873026755
X950219	-0.016309486177203535	-0.006817738444510579	0.014586704081979037
X950220	-0.017316882078901558	-0.005761223463588942	0.015374962887116865
X950223	-0.003276728131591275	-0.00504500959515567	0.00655891379341702
X950225	0.09255291939050211	-0.11781776530825298	0.04615083102449185
X950226	0.002253342802414135	0.00868454697572588	-0.012174063262388898
X950228	0.06662946338663327	-0.11870445077160456	0.02154593179443253
X950231	0.0028524040845102627	0.013843101251177995	0.004530403870632785
X950233	0.025595981899752325	-0.06565350381489288	-0.0008130335515977277
X950241	0.007009712841265321	-0.001955621178480224	-0.01147137207451601
X950242	0.003792095067420963	-0.016687686910669856	0.001873947938864856
X950245	-0.03238472572081839	0.0010218483119552478	0.018340126665781217
X950247	-0.014552014912535813	-0.007216470346039749	0.008596002526366069
X950248	-0.010780627296063649	0.002056807863851696	-0.002361107918093765
X950249	0.008821458783784408	0.028659832118278245	0.00010512187720889391
X950250	0.013331196327407155	0.029039187686440635	0.04392206846202738
X950251	0.006739078467626552	0.005437255220034632	-0.004048260219317771
X950252	0.022079815681338977	0.007529412575336438	0.01095375113963262
X950254	0.046462714326755014	-0.044137381935974995	-0.017881333497007348
X950256	-0.029316325074085436	-0.00919050333767413	-0.012935562758091696
X950259	-0.008895896035504239	-0.005056870937519531	-0.004571011981451397
X950260	0.00925524877480289	0.031157346907945	-0.006936717289729786
X950262	0.04103787176312504	0.07290247933624934	0.0004373039669699453
X950264	0.013735337583833197	0.008726104836777642	0.0009949511537235029
X950267	0.00761669001479665	0.012002439112005082	0.0012189608357787366
X950268	0.0005127225716963909	0.018177333565853483	-0.00018816095253049154
X950270	0.013353231758596207	0.01586900902730525	0.003098164981261117
X950271	0.008701696296888054	0.004280921711819336	-0.0029986200625567233
X950274	0.010973598710953726	0.026864260158267515	0.018889489733602736
X950275	0.031961760363987735	-0.00597038222099996	0.027136765665678162
X950279	0.0024948207418493437	-0.028852392007549132	0.012594543889702778
X950280	0.009808410766903763	0.0011216610396207255	0.005071920584301443
X950281	0.022654983693551272	0.005035391887480342	0.009377259413953518
X950283	0.007860294652077686	0.018591444834176303	-0.00897802977964906
X950285	-0.003936858134076528	0.012309049584690403	0.008603044573789052
X950287	-0.0007994132974315204	-0.015421431181971259	-0.010096695092604038
X950288	0.002086527364318758	0.020450254962808206	0.015999505310834893
X950296	-0.012575898017617418	0.007923502493380667	0.008339620012685721
X950297	-0.02320730854320709	0.005633939334322307	0.021348215702004018
X950300	0.013708742574834792	0.0357210829066712	0.0071830284101199815
X950302	-0.03528488839539616	-0.004251644911168775	0.022190536214937398
X950304	-0.009688453196144038	0.0024890798099958303	-0.0168903422362576
X950305	0.00331935704818638	0.014707150141522839	-0.01158686298862609
X950306	-0.0011858643485835603	0.009990910463694685	0.0012894924914090018
X950313	-0.004655866736902741	0.021392804400674627	0.0007455621411009057
X950314	-0.012957055749183644	-0.045472223284029514	-0.0002778973515160177
X950316	0.0034794561548089544	-0.01545239867625863	-0.010695030560307909
X950319	-0.00230503277044057	0.011479680579125726	-0.006661728819339306
X950321	0.02411207077977814	0.00045079862920676826	0.007823158375563974
X950322	-0.03884836418148031	-0.013568622208094884	-0.011947723263882154
X950329	-0.0052511005444952075	0.021074587310831148	0.022516310270032827
X950330	0.013953279769128971	0.007126797421842586	0.0006295136288669978
X950331	0.008228224591873303	0.024008311688596292	0.014152164879090875
X950333	0.02476539628353284	0.0008204471433297127	-0.002714725459389971
X950340	0.005340905028785916	0.028553057431039874	-0.013089150150689854
X950343	-0.005828345905475657	-0.002451755826069031	0.0025185956792614502
X950345	0.006346181050970557	-0.018685151288033938	0.01355013843351981
X950348	0.0011027279854102113	-0.0006925617049220851	-0.019938157204027987
X950353	0.010454443078924984	0.013920339677330341	0.008737287011459502
X950355	0.006443633562239312	0.008999272285310127	0.010852158338050356
X950356	-0.005342748312711817	-0.05087115887754962	-0.006245536004996866
X950358	-0.01246916462218461	-0.045449434370112236	0.003445367502055943
X950359	0.003932428057839794	0.012369643873989382	0.005600163497724439
X950360	0.010381219688541169	0.004898217548395211	-0.000280168380234389
X950361	0.012268227979994972	0.021153963174269208	0.00373735479024128
X950375	-0.016970909650605066	-0.011202440503729764	-0.01390612319793114
X950383	0.0032334957095800387	0.027254657408362932	0.002814113011419066
X950389	0.009068710673352747	-0.011004852892809558	0.008809706787668896
X950390	0.014048184876181567	-0.0006691873347794136	0.0005889611692734983
X950391	-0.003423311767265461	0.009635448323857711	0.0103332427826063
X950392	0.002665941578132913	0.010023502765092123	-0.003390298165214696
X950396	0.13126075850588825	-0.1318240771856801	0.11406687926841896
X950400	0.012921201440429447	0.018739896277009945	-0.0015266081181298434
X950402	-0.01393731094199293	-0.003403736599595343	0.014189449876711542
X950406	-0.004922515947248365	0.013392863913822387	-0.17942682090027526
X950409	-0.013045689947265815	0.0038924356151054194	-0.00856035597437862
X950410	-0.006313607674005378	-0.00042911293386672277	0.0007118868920327914
X950415	0.0560151545505362	0.04015817467331932	0.0860638670349446
X950417	-0.008301258472278313	0.0067298499968789964	-0.003162724935058693
X950422	-0.009710448929171441	-0.02226415985275128	-0.013062534577032932
X950425	0.009016067433309271	0.020431059024451595	-0.01866222837668845
X950428	-0.05257941782393862	-0.018072833109554043	-0.02857298165989398
X950430	0.023796580893083008	0.010293265177136593	-0.0036429749421267726
X950432	-0.005199321467223489	0.009839794879178725	0.015767615582086673
X950434	0.004759714699045614	0.0008635922578692108	0.0017157649125705272
X950439	-0.012694891959823639	0.0001686209243425581	0.011590278587172783
X950449	-0.01119358534020116	-0.017972133229402255	-0.0027765524285380174
X950466	0.007275527443465019	-0.0002300455086669239	-0.0053585117441382795
X950474	-0.006679523253109743	-0.01408334461393267	-0.018742441870466118
X950477	0.0334052930601273	-0.009002405906708196	-0.015582635757362363
X950478	-0.004813428901410364	0.001509220314938639	-0.0010636831303466065
X950483	-0.014988108343390733	-0.02346381908674418	-0.0044241034934494015
X950484	0.013514112410051442	-0.005247389327890544	0.008432384145134461
X950485	0.07434897386056286	-0.06625429950459358	-0.012834118381110702
X950490	0.018920739231683466	0.0070947641882005185	0.0018080822595732118
X950491	0.011294083716408618	0.01287455847555288	0.0016340129751412449
X950503	-0.0008833994185395548	0.0036181929925105487	-0.009344305789013399
X950504	-0.00116979668483443	0.010886872256698772	-0.003768978398066602
X950509	0.001362330796015352	0.02092183655768959	0.00019844904652167246
X950512	0.009269858450262684	-0.003356057972127957	-0.002619737983456669
X950513	-0.007010508402181431	-0.0033477435710071663	-0.008184424794259437
X950516	-0.011473172799921041	0.0017473504729937808	0.011454606940084572
X950517	0.001540286003745072	0.0025661337784755518	-0.003930975084391828
X950521	0.023442707158794547	-0.004784273806382255	0.011611562038219963
X950525	-2.5427245778917295e-06	0.013647351414536773	0.00544324040421827
X950528	0.010687162761067067	0.01568207502717614	0.0046655140512712025
X950535	0.013078314173392563	0.004387572255698674	0.01274905238841266
X950536	-0.008917586213923183	0.004741850188636406	-0.011366663853889328
X950545	0.0060809459935533	-0.0017799749881071982	-0.0017377943839953435
X950548	0.028990249530176582	0.028923596635241074	0.009880423986658823
X950550	-0.005873423190209206	0.002576355014026227	-0.01405307419264406
X950554	-0.02766231018081193	-0.025659437149631207	0.0046776141497185016
X950557	0.019258287539472983	0.01751971656111507	-0.0005917064342720825
X950559	0.0018827136104963514	0.00200227944942359	0.008555789262760115
X950563	0.013409328341603148	0.013725789211474758	0.010135424867093132
X950564	0.022455543169698992	0.001945657243353893	8.469549100544244e-05
X950570	0.015564241375197454	0.002898689642050656	-0.001588533061428678
X950571	0.021821568970352683	0.0304059344506395	0.06773926985385449
X950572	0.0029758485009776943	0.014592279024598946	0.0047698108533844085
X950577	-0.012687400403240739	-0.0032743351393751817	-0.002579291041426801
X950579	0.02484271336026729	-0.02713052919936343	0.0071610850160777235
X950584	0.04913187435618233	-0.060238140148765384	-0.03618387199422219
X950592	0.009287606973097235	0.01104142581840788	-0.001159356033554987
X950593	-0.001406336618239425	0.008272213650109486	-0.0014096700808874177
X950594	0.02179087880528532	0.02515418457185251	-0.02113686518623646
X950598	0.012264084529212009	0.012333926193649555	-0.004734605295680545
X950602	-0.01199214729316392	-0.00413966165675683	-0.009732947872857889
X950606	-0.024266572544947792	-0.006456804976918572	-0.0032881085685501892
X950607	0.026461972588541258	-0.0016963269122081538	0.013635829382073129
X950611	0.006847549586420089	0.030351582938212038	0.0005248734913837851
X950613	-0.0004310443631527824	0.020597290478844395	-0.005137087986846626
X950618	0.008306587714203761	0.020085183955163777	0.017572197526372825
X950632	-0.013145022893341187	-0.003421954016011288	-0.006996775009920899
X950633	-0.028335456782252137	-0.00038161612235958615	-0.022605105369457035
X950637	0.009774971012759495	0.018615831763000457	0.001027107150063556
X950638	0.005687807584837926	0.02921283240372161	-0.008911545129327044
X950641	-0.008818461746799218	0.00820274827369745	-0.01314068532997175
X950642	-0.004053375794763974	0.012027131416562172	-0.0016888068917142187
X950645	0.017594689868178106	0.00353825279953187	0.006474566487806507
X950649	0.0007229866736442129	0.009176375993300375	0.014805619411171018
X950653	0.0015084368244228405	0.02250708149704464	-0.018325264064391472
X950655	0.003203007575347107	-0.006715351049201613	0.0040348460518813
X950657	0.022026241988678273	-0.025889164652606374	-0.007623563679739769
X950661	0.03402263783954439	-0.10423509811707439	-0.028055004933219253
X950662	-0.031292657408390066	-0.043724525038758864	-0.005619148305076414
X950665	0.0030385057872337577	-0.005701346890013721	0.003012927947437667
X950668	-0.002458938436748184	0.0048137632769633424	-0.0033930493314703516
X950675	-0.0006870061304580876	0.001995532675138477	0.006115267799756866
X950677	0.006093718725705242	0.00804636748149633	0.010597057591736674
X950680	0.012902976195306316	0.02215894519012668	0.022842662327429184
X950687	0.008066545017645504	-0.021767671354589086	0.019215624356913107
X950693	0.014707600933178123	0.00024799833199331774	0.002789046825732585
X950695	-0.0022980233218579784	-0.003622296755038496	0.0043064653676713974
X950696	-0.0060516857442137915	0.010117815890100381	0.0011616675926420566
X950705	0.002859595388510295	-0.003957911416398335	-0.0033236453133479627
X950714	-0.042705179116833664	-0.013977483995940355	0.00580371908593607
X950726	0.03883737887755544	0.031020396428303152	-0.0034024204385174513
X950728	-0.019246185174972705	-0.04187353839505912	-0.020775906875011355
X950732	-0.005400007536991651	-0.005068505456136058	-0.015925695201550644
X950736	0.006097002976751515	-0.004365017635571349	0.018469883302785668
X950746	-0.0026894599544143374	-0.010484475171215358	0.00512640804023881
X950747	0.01310623006238607	0.007323393766614879	-0.003397518033483677
X950752	0.009495006849713874	0.010348819745937508	0.012461723829240918
X950757	0.004789175650236283	0.03643276411825365	0.011422414220923017
X950758	0.003002455869274031	-0.001544780080299258	0.006035517060243648
X950759	-0.0033428969809558297	-0.0014357275850402694	-0.0194407250322532
X950766	0.008084339003357043	0.002007813370844021	0.002003917090904109
X950769	-0.03933663935850589	0.01231270561458156	0.03813370236893596
X950782	-0.011316058501406913	0.0030757056800859075	7.307399401035685e-05
X950784	0.01328989205515102	0.008008820903042838	-0.00030420845655891485
X950789	-0.015120182574413377	2.220197847026607e-05	-0.0006161456498808766
X950796	0.027976454596942226	0.020867355490244037	-0.010365241227496992
X950798	0.0043084146280897625	0.027863972097603776	-0.0047137764700002985
X950799	0.02784881617382181	0.007865961506118305	0.015186640558419248
X950803	0.015860231909215348	0.027691603579855655	-0.005522574729166105
X950804	0.0010370691700361304	0.020892601272157092	-0.005906997103771408
X950809	0.015460849032621397	0.021102063523584864	-0.00335769873252544
X950810	-0.0027992331990954996	0.011436937579506846	-0.017895677354553143
X950813	0.015863965161971548	0.0020358213352711396	-0.01994527103186037
X950816	0.028043030982459	0.0373299343940443	0.030968017462734653
X950827	0.03149258372141238	0.001689219746761762	0.016698130248658426
X950838	0.020265493723638422	0.019408319171770817	-0.0038650888935157935
X950841	0.017908675413984745	0.024880212097499972	-0.004542940355833721
X950845	0.015304364221694709	0.029130926724406356	-0.0575212176759021
X950846	-0.015480492133880903	-0.002006395819121769	-0.0003440685252253569
X950851	0.037800805786579336	-0.014845883024836422	0.0164223668983967
X950859	0.010334548716098414	-0.006402497577296789	0.007705218709311232
X950860	0.007635922637134698	-0.05355310622489334	0.022323561344111603
X950869	0.003127623217061784	-0.005276201580022182	0.009793637921475484
X950873	-0.01119110771331524	-0.021795404288217645	-0.011660572455056452
X950900	0.0009754586324365255	-0.05422841152739764	-0.020897323569525325
X950904	-0.004277526066982773	0.014389555863082258	-0.010453257407644048
X950906	-0.004400835305265956	0.0184882019991266	0.014728686851603293
X950911	0.006163601560331641	0.012951002016374773	-0.014018735488759747
X950914	0.005094794986005449	0.016862088442254782	0.01903299988309452
X950921	-0.032640830527181135	-0.00879089355285962	-0.01286601929740687
X950925	0.020887237475736502	0.03329432246817857	-0.005841593121407515
X950926	0.019052073607672887	-0.012874380453483774	0.023769799797497458
X950929	-0.01480546430511848	-0.0017559335312020273	0.004785442752550154
X950963	-0.005053638330816961	0.020271513343274563	-0.011075819344646355
X950966	0.003107597272963375	-0.004734818444293632	-0.01521734523872863
X950968	0.029083413429964823	0.03974997609012655	-0.006165268041153768
X950987	-0.0038989432079901166	-0.014801900514274626	0.0035269282911896856
X950995	-0.017278504253558216	0.026160282760747115	0.010813439574231361
X950996	-0.022094639840071185	-0.007207522644322891	0.0013758386203957245
X950999	0.054792989387328433	-0.05191935715187648	0.01816663404684442
X951002	-0.010487987128946672	-0.0060144866457157	0.015964863360872134
X951018	0.0035742250028956138	-0.0031411316013067467	-0.0064079284120170344
X951019	-0.005214796024101482	0.024792700460868986	-0.013518787823714325
X951027	0.023844640074138276	0.019840405632898846	-0.012139239340563927
X951030	-0.006710871604562008	0.004076883196155202	0.024005953589010812
X951041	-0.01320043403822246	-0.009254549940455829	-0.023648909215392765
X951051	-0.01730171520753399	0.0009465471510474001	0.004404852023439228
X951054	-0.00656414563982126	0.0014491046715089351	0.0036493757195701364
X951055	0.006100993333760323	0.005735537238979598	-0.0005312459795911218
X951067	0.005574784700361776	0.010949143874881266	-0.0003912395719091268
X951071	-0.0010936573835230005	0.013669812334301461	-0.010106951281810946
X951083	-0.02392111777145327	-0.009483014479463847	0.004664599243413754
X951085	0.0001960975282817728	0.04175458947206586	0.018515591280784865
X951115	0.012655439333665464	0.012066890641044029	0.00449042168220901
X951141	-0.015221004492667877	-0.025944622426969936	0.000881776429563308
X951144	-0.018343200924108728	-0.03023256620034261	0.02707131078808465
X951150	-0.01785445884493414	-0.0025161035402676527	-0.013267234186395683
X951151	-0.009887105902469998	0.00608627828316201	0.015447952738979715
X951154	-0.01238735274668534	-0.0098971509715124	-0.018186620949977157
X951156	0.006344936135527248	0.00863735935785335	-0.006692645870674086
X951162	-0.013894245775610782	-0.025974065149314326	-0.004689583715573321
X951171	-0.007255105716043091	-0.026108941313186283	-0.02158293198358487
X951174	-0.0050043874973901585	0.01366491535890787	0.007496026603132526
X951242	0.014597338166123651	0.008899731643692465	-0.006125344177975536
X951273	-0.0037226321426303303	-0.010774921525334729	-0.012384565063220939
X951284	0.009248215583317296	0.010751359714905075	-0.0010756742509950852
X951317	0.017648000996031404	0.015916892159771098	-0.017130767921206023
X951318	0.020774770470659686	-0.0016790445239812273	-0.00365943077214715
X951322	0.006037504875410133	0.013128743514819944	0.022628349788710478
X951337	0.018372049175400813	0.002008756286663994	0.01228683402802859
X951365	0.0017537663724778508	0.04176569000958371	0.018916541560331148
X951409	0.022189049823250855	-0.026885571412847344	0.03195972959061862
X951429	0.00985882049712639	0.024649074607533013	0.011677129390364461
X951457	0.012778921854535451	-0.03591568600388165	0.00028076137339507894
X960001	-0.06345140419588463	-0.02705538834313445	0.019323341867728175
X960003	-0.001156810900743089	-0.005801561593674535	-0.025295369051645398
X960004	0.008579407816190439	0.003210411423392213	0.01237098348746806
X960005	-0.0010710350874925535	-0.005381893629985853	-0.018347030926278925
X960009	-0.021994398125974587	-0.004864486902836752	-0.03672842822208553
X960012	0.012034430947592304	0.00018352764026229135	0.003841913629337505
X960016	-0.031394738782741585	-0.03774274504501204	-0.0007475532310979938
X960018	0.02799901731052344	0.017110063880334692	-0.007858953373211748
X960019	-0.03985685939435399	0.026151351629515655	0.05493009516029858
X960020	-0.00861698313379159	-0.020068353524685105	-0.005266747981644487
X960021	-0.009770610566403132	0.023824316268261075	-0.017391192470909332
X960022	0.0020360036394924006	0.007285216882676618	-0.0106296174660031
X960023	0.02060475411415857	0.037246589647344557	0.03080157264190465
X960025	0.019234501010384278	0.019966323979598823	0.019129252609766334
X960026	-0.0024048026702650745	0.0038231448473904674	0.02358254347654919
X960027	0.018481131838513694	0.011804138069784562	0.008089338607441767
X960028	-0.027838964045709083	0.003755629438174172	0.04220852971300657
X960029	0.004394048181740256	-0.00018495060826364073	-0.0034963615567883137
X960030	-0.019586993267412808	0.003466098082663773	-0.0244059988294172
X960033	-0.031359514544421756	0.002241516474554242	0.015743160564342502
X960035	0.051118356087941234	-0.09208152355116561	0.001559372999762257
X960037	0.040128745187585385	0.014384304187641032	-0.00277146446623723
X960039	0.0028278685907539383	0.012017846726465853	-0.015285282240944515
X960040	0.01905220819432007	-0.025701154196542855	-0.009703310542898141
X960044	-0.013073506293577937	-0.009969667066753292	0.010943905744653967
X960046	-0.00039690655302934447	-0.039460026059227035	0.08781482147853371
X960048	0.0034433812474396162	-0.03123844340638821	-0.05470335170544101
X960049	0.012749558535258481	0.018197921590307982	0.005305732028751449
X960050	-0.009344902206228354	0.005578672849149384	-0.009706114828238872
X960051	-0.0046379170283862995	0.018034619256279343	-0.012066296018755564
X960055	-0.01470890939304879	0.0008812218011412897	0.01593878669453875
X960058	0.012314839736456636	0.010705609710010801	0.013614555922464393
X960059	-0.0035760751984449043	0.016217853959746873	0.019312199295505632
X960061	-0.026942891002255578	0.007818996475942903	0.006828625822566371
X960064	0.006609575098485848	0.012486041864622792	0.0011618776349387298
X960069	0.012314636280436704	0.01968422248573717	-0.01993287913073977
X960070	-0.0047163445032690834	-0.011763953446774653	-0.0016516446455685952
X960071	-0.015838774230608445	-0.0024285103134286112	0.003763213734220898
X960072	-0.03765487661945975	-0.010188943242703198	-0.00595069226354547
X960073	0.009078936364330515	0.01632592417239097	0.0009977272411633151
X960074	-0.010066343289975922	0.0072396077492883825	0.017921886589990096
X960083	-0.005713053550262581	-0.00374436730191329	1.7589896668854113e-05
X960086	0.007915636656083306	-0.021879729395634474	0.11195372333086773
X960090	-0.02507187404170906	-0.010804495938355961	-0.015199450767922906
X960091	0.020765851566397497	-0.0038903922124008017	-0.018327738389250513
X960092	-0.025921581359764103	0.009840745159341444	0.008821213906931896
X960093	0.004988260183546036	-0.010681636884313034	-0.02116356512047022
X960096	0.005920562882254431	0.012958574622925297	0.023618797037536575
X960097	0.005141478912109546	0.013804100843262156	-0.001476666504900711
X960098	-0.0008430111478358068	-0.004439475978415751	-0.00024356056653333007
X960099	0.010945596193042703	0.009106226500057414	-0.019765414452993877
X960102	-0.0024963968607278945	0.011228469186780323	-0.01943058919624258
X960104	-0.003972145121342169	0.026075405498967134	-0.01100505128160488
X960106	0.003966754927697824	0.003051680704783053	0.00789686927945647
X960108	-0.001992713475816621	-0.0011715757353393014	-0.014287767391412751
X960112	-0.07166961949121577	-0.06013973674266188	0.051840892146878016
X960113	-0.006397777145855002	0.013408788898226881	0.00644323666942231
X960114	0.014867043437914845	0.009787144017849298	0.016434376167942615
X960115	0.003382286712163321	0.0056511722875939845	0.017186811351578856
X960118	-0.005076120226253386	-0.019004019951955286	0.014387920863615457
X960120	-0.006240402666318059	-0.0018234047003852433	-0.00548149183835293
X960122	-0.06420241675889052	-0.02427755182579249	-0.018249754237681274
X960125	-0.015709801652248303	-0.00742843774604229	0.023157825410341087
X960126	0.004827056142441337	-0.036787732610780194	-0.022606711001352028
X960129	-0.014807058900217501	-0.04752157666091962	-0.0017417853501641748
X960130	0.010771979018525352	-0.007019579903256411	-0.020167940303042923
X960131	-0.0176554332451419	-0.009067078513046343	0.00758844137815182
X960136	0.0026194889633179637	0.043182359113467836	0.004742208878578353
X960137	0.0032933094933064073	-0.0010434873841683766	-0.016154835392586612
X960140	-0.01340560678106632	0.012262998327355702	0.0035373792796712907
X960146	-0.08657529260887047	0.03015286874358164	-0.05502412550211273
X960148	0.0017279093285625896	-0.001317754517005933	0.021139536346062422
X960149	-0.020701878303176036	-0.009314472491499377	-0.008320954058814308
X960152	0.024417790325436953	-0.012751258495742938	-0.008587510197965961
X960153	-0.002949452016488261	-0.0003343800989686503	-0.01179832010268038
X960154	0.010452190629676382	-0.04997604077129056	-0.006759424571962794
X960158	-0.06955784813842798	0.013123658005957469	-0.009309490110510327
X960160	0.0030056561245569856	-0.0288684027834047	-0.006710185659241673
X960162	-0.0027553257186707742	-0.009281091079699409	-0.011270914320901677
X960164	-0.007745503935411588	-0.006385746467842891	-0.0007429938294648774
X960165	0.019126401381209777	0.01871968521610942	0.018101635392073996
X960169	0.0030425394729100413	0.0010510179371949183	-0.01580483023161553
X960171	-0.025349003827255842	-0.02394403981403197	-0.01629894621773572
X960174	0.006030845282468068	-0.0314613992754775	-0.02452154980015773
X960175	0.0021652088428523644	-0.0009588679247976322	-0.005353409243454477
X960176	0.021545217825796045	-0.0013293299844635098	0.01706348909069456
X960177	0.04116517142510404	0.06081014666239185	0.02390629156736772
X960178	0.020323741455108006	-0.001010139149596393	-0.007530032445654857
X960179	-0.004454752763013864	-0.01171605335098964	-0.006112345428124865
X960180	0.012937773351933468	0.0053213509408644106	-0.047365618031294
X960181	-0.02576840261016508	-0.018820921898074553	-0.01256034901135349
X960183	0.03672866394987604	0.02123967496343266	0.015374230367150396
X960184	-0.00768423737337697	0.014572530245475085	-0.020033795606809655
X960187	-0.026997121001542976	-0.027484791070809693	-0.021478166347872713
X960189	-0.002784731760958312	0.022883290233468367	-0.1052150963970211
X960193	0.03187611922721973	0.07020201532313866	0.05265403022961201
X960194	-0.030050613295930662	0.008427251671158749	0.06868077711479693
X960197	0.0036412519256050803	-0.007975027527687391	0.0005410057188187104
X960199	0.010671297923975608	0.0069863399991955	-0.0025344971527376608
X960203	0.022205235145788666	0.03795562706764701	0.0140193397491014
X960206	-0.09158989047610906	0.030497692590638628	0.08694706810628677
X960208	0.005201528723668729	0.055517422893575134	-0.1204376786513307
X960212	-0.006948032456649681	-0.016663467558325713	0.0036129893058975066
X960214	-0.006084366494201637	0.018341291348093584	-0.046247928476049784
X960216	-0.004163989437331881	-0.00020900159418906736	0.009188158817391538
X960219	-0.0381795435418471	-0.02593634183114672	0.01869284650307482
X960220	-0.013167795072637165	0.011763381149550674	0.031546632908225354
X960221	-0.016785644613052503	-0.028437800240663436	0.017039473014719524
X960222	-0.031742769899072015	-0.0059978465797424045	0.038067189115032804
X960224	-0.015560964409962576	-0.010290403930650234	-0.0063421908680665814
X960226	-0.027177588393474603	-0.06006029162142844	-0.10406097135857541
X960229	-0.024280783355010445	-0.008769884393868799	-0.007800820145250671
X960231	-0.025903259128712563	-0.0166858725579406	0.011969582177551372
X960235	0.02223430415302315	-0.00863492367617914	-0.02100530489312559
X960238	0.030191169662514984	0.006152421515283053	0.024893383154720568
X960239	-0.03101334963968015	0.015955794978254594	0.027732093320388326
X960241	-0.004555718507801943	0.011951642093198737	-0.021176081146457946
X960242	0.10628341057298955	-0.13385114098053016	0.07468927573311165
X960244	-0.016029866755825253	-0.0037161749478048724	0.013431394182692373
X960245	0.0002982258551396186	-0.026264708481188358	0.001936081814458227
X960249	0.007724612074506866	0.02900320051819953	-0.03111830237237014
X960250	-0.0036397944381525373	-0.017960001925185702	-0.013280407464103304
X960252	-0.0052912136719121235	-0.022738360940093533	0.018137454749050874
X960254	0.00253725670291301	-0.0032429786082810125	0.01495399258962813
X960255	0.0024060092849100645	0.004041006837304337	-0.022532651395082953
X960263	-0.00837882268218482	-0.0009519004730356794	0.003759313710032321
X960264	-0.016268873833597562	0.0007725555672789023	0.0024229522655652546
X960266	-0.011679267340679584	-0.02835772281397692	0.011120285186717187
X960267	0.005436924554003382	0.0021224134670735652	0.009995555344703777
X960268	-0.002856989412730567	-0.05378809351946191	-0.0209900567449116
X960274	-0.021150483284769463	-0.007676789931670984	-0.017321865639411425
X960276	0.013866254009351956	0.03749312120162707	-0.01959267149105198
X960277	-0.03439687758430678	0.008412212803296279	0.028830370906902533
X960279	-0.02329235869533738	-0.015646633810514635	-0.02116970500050942
X960288	-0.0003620081779033089	0.0020054990336853575	0.007315664425653127
X960290	-0.00044376656560382507	0.00902407013579594	0.0008817481702997872
X960297	0.00807707470234778	0.005727825838248742	-0.0087185675832322
X960302	0.039609292800493835	0.05548470145560655	-0.00129986027550177
X960303	0.0032167288801375035	-0.0076944829757497595	-0.00986083608012829
X960304	0.062071853337892904	0.019456155094160137	0.0010006158215144262
X960306	0.023824077412905834	-0.056441091309318486	-0.023152026363869253
X960309	-0.00928110241896352	-0.029893265455126626	-0.008775855822885608
X960312	-0.021896882076479086	-0.049226999969636344	0.0040332745806045175
X960315	-0.009540354735963038	-0.0070651480357797	-0.010860962894526713
X960318	0.015173944882944757	0.04458797945356795	0.04003786434082992
X960319	-0.012372495508327381	0.027821365692577045	-0.04137150205884823
X960322	0.012669151810410964	0.01119054836072402	0.008148446546619774
X960327	0.013163671266603082	0.022453462893902067	0.023667115370294815
X960331	-0.005879563779378691	0.014579784966640811	0.005036062160334958
X960336	-0.0037278486621699653	-0.023209151914427874	-3.403283093576934e-05
X960338	-0.021234893061943958	-0.016562645284210774	-0.0021740152168107396
X960339	0.005492177313438525	-0.005063928543830128	0.0074522544189645264
X960341	-0.009416449360955294	-0.03276585857298648	-0.03678403750059998
X960342	0.011520815166912031	-0.021644048705656765	0.007678416796054543
X960344	0.032774314485505635	0.006415657131889153	0.024698129854932596
X960347	0.000738557643000988	-0.004204146593102066	-0.007600857560446985
X960348	-0.003935793247575642	-0.005249173886219313	-0.012929069910102817
X960350	0.003991290718086473	0.024066024966947805	-0.004602365223444372
X960351	-0.0026359070340799557	0.019073878622130065	-0.006120362212429337
X960352	0.040785765354745575	0.0035812084350265293	0.0022901086143850913
X960353	-0.05895172469396581	-0.0264309274211171	0.010750035627688458
X960354	0.004497989908061655	-0.00022951802350994224	-0.014474406370409998
X960357	0.025741948936830725	0.03388357520086844	0.01695104208446751
X960360	-0.004545393337775402	-0.0948972330161466	0.05996172149223559
X960362	-0.010140660372119156	0.0048363067953843715	-0.01932622822193981
X960363	-0.005093743924055581	0.004939039084239656	0.03791599297756624
X960365	0.018622731120643443	0.01593744705403082	0.006120817871227579
X960368	0.000570889788089981	0.012622036289410596	-0.002862400522432648
X960372	-0.030199024200935537	-0.0043038388162015394	0.0260635167375696
X960373	-0.00657892234234751	0.005290875799198159	-0.004667968678574236
X960374	-0.025933043937283632	-0.08237922718692661	0.04234504925214782
X960376	0.07329151668787513	0.001238449083290245	-0.010736020628155329
X960377	-0.02200115508070657	-0.013823935328509467	0.01821085024505971
X960379	-0.00450965248161017	-0.0017701751448088421	-0.0062759280214911405
X960381	-0.04806009497860121	-0.009257859979064038	0.010492607700576266
X960383	-0.03724602660594371	-0.0060828971377045364	0.016949412921432653
X960385	-0.053985333836131154	-0.015483836705442478	-0.0044936559358322945
X960386	0.001159155097751584	0.0012481493322336612	0.0281365698610546
X960387	-0.012310986933479736	-0.020962638686990293	0.021480023795276255
X960390	0.013635139404008767	0.012178611020883108	0.0073786914804154545
X960394	0.04112577417117529	0.025791005970497508	-0.003354105415846888
X960398	-0.039081331478626906	-0.0101298099738132	-0.013227337246826053
X960401	9.518416297337266e-05	0.015123013284665624	-0.03212106345179877
X960403	0.003401863095039121	0.005864757086155294	0.018439402945665928
X960404	0.005025427188413615	-0.01887885671586708	-0.012968308424143107
X960408	0.05978432684890568	0.06347540041790813	-0.006383876255242094
X960410	-0.002492932462417266	0.0273934547329453	-0.011077891984325289
X960411	0.042688100640981365	0.03509598874792336	-0.0022741939212276843
X960412	-0.04266618012997893	-0.020933345668204206	-0.002204525592601347
X960414	0.0015848389187704441	-0.04252673754256801	-0.010181002947892473
X960419	-0.01516134100730517	-0.007867296739535654	0.0055723994084747866
X960421	0.1009389258918221	0.019013390309444423	0.06867414372825864
X960423	0.0044734219476610165	0.015371899962888376	-0.033597414859501774
X960425	-0.0054951332607231585	0.0031237787182743075	0.011760200984879336
X960426	0.0030415771370802046	0.0077112722914848015	-0.009370470813652583
X960427	-0.0037563989305309984	-0.040524265942710684	-0.00788518363928478
X960428	0.001564179343551129	-0.0014731744747583612	-0.028837640862011817
X960430	-0.011704388784777012	-0.010128615330367602	-0.005584264163943065
X960431	-0.023343058141100714	-0.03671584134439263	-0.003617225894195953
X960434	0.005320691521236517	0.009580964551302988	-0.036517485095294705
X960435	-0.002981738277670687	-0.06619539354856596	0.013853862968801759
X960439	-0.007646283963273269	-0.016424521363916336	-0.021264633824765244
X960443	-0.06279882501917851	-0.04379084773157446	0.07585076533841559
X960445	0.0034356560443771383	0.008917274832609288	-0.00996795144914855
X960446	0.004291482692063895	-0.0020607608970112795	-0.007094017199288805
X960447	0.022345438989599474	0.023959516862187297	0.017069938305533567
X960452	0.027431719416974667	0.011856753565751223	0.002685999972690003
X960463	0.05718423941981523	-0.08752295432836513	0.06665777497184737
X960465	0.0902011267486248	-0.009982482771303246	-0.025070105319286155
X960478	-0.010214505350275793	-0.018968320774699694	0.016157249736905924
X960480	0.0008509682104154078	0.01690229282418113	-0.011251420708451395
X960481	-0.028210181623536872	0.008394877077708088	0.0005714264400633133
X960483	-0.024855744658515276	0.011842206656234137	-0.042814648041049376
X960485	0.027418153774069108	0.09666748503657342	-0.13394146759792117
X960490	0.01824936097539972	0.006462527611145133	0.004895639900874618
X960493	-0.027650020099846486	-0.004733977690505657	0.024813275556514826
X960494	0.0009372466468254392	-0.04133755136709518	-0.07593187754093748
X960496	0.00024651724770548413	0.002457485275900662	-0.015444359396121675
X960501	0.01227577482984894	0.011125710724171345	0.019813921519768025
X960513	-0.011123271380136836	-0.029809060013551665	-0.006818141066101474
X960516	-0.005975970259054233	-0.008980235111136572	0.002904576132560507
X960529	-0.0067989253437422785	0.010883076357124839	-0.01804830078836903
X960538	0.026862262849526242	0.03067727178258365	-0.013915937314953443
X960542	0.12019754723155365	0.060315502782207986	-0.02643839653080064
X960544	-0.07462398312035033	0.010297424923728609	0.05976213798692052
X960550	0.012559182306010325	-0.022613933720660027	-0.015206431087364598
X960551	-0.009526810456805082	-0.019246734736264554	-0.01458758149125275
X960553	0.0033371118623566377	0.012914268754456644	-0.024173768685232334
X960557	-0.03688199671919154	-0.024189688374012634	0.014701308952095305
X960575	0.01238542802693007	-0.04023171103417651	0.14073407213810105
X960577	0.0003536290884849152	-0.0050164058744180525	-0.003607871442188249
X960589	-0.039112567693524024	-0.008258048530828725	0.03292155372395965
X960591	-0.05316477039259292	0.01823215225557974	0.07006075572420156
X960592	-0.022045198711848436	0.016684893299613066	0.10219994970466881
X960596	-0.053444906338763955	-0.02622918758102121	-0.005343334013296163
X960611	-0.0006709880619250061	0.015810040520220586	-0.017708061632466382
X960612	0.029906551515624952	-0.02090168730159138	0.0195793846808953
X960616	0.0044631980380506545	0.010544758711352863	-0.017963215876995783
X960632	0.0034082113778406563	0.010296932707143965	-0.01469649733500226
X960635	-0.005074956690719741	-0.0026180938462603397	0.0003958934671446692
X960636	0.008173903210457101	0.011606209721128568	0.0019228723403112268
X960639	-0.038586798801146946	-0.01133171181897244	0.025440474349206346
X960643	0.005742038252006193	0.004577364162635424	-0.008179341079186235
X960651	-0.03602655006201293	-0.01878048558051785	0.01642644291670477
X960658	-0.053108183145826424	-0.037801476991782414	0.03387644633617781
X960659	0.04071723046355761	0.016736382554955877	0.017428289559278994
X960666	-0.007686728842622437	0.009066524205581796	-0.04940832192383896
X960667	-0.0021497325515608145	0.0053153466643897605	-0.004232005291707319
X960672	-0.0022068711535419287	-0.032111228769868265	-0.004667940765175799
X960673	-0.06996808758722725	-0.03359001302152484	0.06421545826371543
X960683	-0.032755748838400864	0.036908104632481495	0.0013217634565691222
X960684	0.0039262076649854176	0.028457317706860042	-0.0059056938865432234
X960692	-0.003817163659122519	-0.02005396420463513	-0.013460885754978263
X960693	-0.012093625457545222	-0.011293886202270575	0.004905196898019529
X960712	-0.0034188737627073823	-0.07280162919443871	-0.08604065577059629
X960719	0.007981538214470486	0.022097701555562663	-0.031229329174363777
X960720	0.026756885040879405	0.1282206896157081	0.09595548584491656
X960726	0.08644144236844013	-0.056249319850168206	-0.04723888309257817
X960743	0.03101528547396052	0.09811284426186008	0.12252931681454932
X960748	-0.018960207808684224	-0.023612226144670286	-0.029748393210757073
X960751	-0.060988388159164325	-0.056587574052586756	-0.06274909668175986
X960760	-0.03727276149142344	-0.005675690194461761	0.01819148792025222
X960764	-0.028474754508390772	-0.033507685842935946	-0.07892312317206428
X960788	0.0010178683633660444	0.02054757550789832	0.0522195358190448
X960792	0.00466424027143831	0.005272838570264076	0.060322252609794826
X960793	-0.13709336032833555	0.03186450220787875	0.09314941221479414
X960795	0.003401185352394161	0.029060153134873423	-0.03315401261931402
X960796	-0.003731654210798482	-0.002047846560553021	-0.014200791119508473
X960803	-0.0012508952639812621	0.009822816511174197	0.008704636344912264
X960807	0.0032554695502448575	-0.0026926845634523845	0.01967353421988177
X960837	-0.01403112131149141	0.007925161759134632	0.005529246453503606
X960841	0.007867318992622215	0.04175876207382122	0.08739298609628315
X960843	-0.006274061295155027	-0.018316484137053064	-0.019291664347063493
X960848	-0.004876588083878297	0.011346109213037348	0.011391121900691687
X960850	-0.015097564065813994	-0.029053251753906214	0.09595586459045861
X960851	-0.008523841015515324	-0.015502740841166552	-0.0052360103547831474
X960857	-0.029629922591098153	-0.005873937294267313	-0.006564200747156165
X960865	0.02454934715786208	0.05565454734029224	0.030029540816341783
X960870	0.01790583407099139	0.006517632083792522	-0.012464287776300839
X960875	-0.01938981907918282	0.02278384710098604	0.04136811155644137
X960883	0.029615632894217432	0.03975409806291084	-0.004756281677237772
X960884	-0.01594532258674886	0.002040383741691709	0.008736336532431253
X960892	-0.01221685297640218	-0.02309528719516463	-0.008974507947651195
X960894	0.006332328065083278	0.01059511724170233	-0.018597546303741636
X960910	-0.021833790076416202	0.0009167704815379047	-0.028008536133680626
X960911	-0.015915638904141393	-7.781446345776257e-07	-0.02868788983872503
X960920	0.005054958778226241	-0.009967571472272481	0.0010110477021613386
X960934	0.056631557014740576	-0.07566108614094892	-0.0667350865036716
X960939	0.007731168578344581	0.006357058940884018	0.00341233977744972
X960943	-0.010747132390802038	0.010445902503986032	0.023248448050376166
X960944	-0.1073796283159778	0.004143413172738177	0.08797672114639207
X960969	-0.0021197234688131446	-0.04889594114795912	0.0069644578372779565
X960972	0.02975977137964627	0.031824009068174286	0.013797736523978657
X960974	-0.0027374172146520685	-0.005993989017836275	0.0017109290874303133
X960981	0.03041460644998746	-0.01416606740542968	-0.0027707056358447675
X960991	-0.014261186910627532	0.023336444572983766	-0.05462118765553772
X960998	-0.007263379907553207	-0.01772065204956401	0.005698036389637178
X961012	-0.0023558032154721666	0.003544435902427271	0.03652435507044882
X961035	0.04707672163997153	0.05175844262054868	0.0667393444866652
X961077	0.006999273233537405	0.023449025769188434	-0.022410815853241124
X961092	0.04041221349766001	-0.008942860128573116	0.023829481376047675
X961096	0.010057866696300145	-0.03777390020648423	-0.024281911709753808
X961105	0.008434447075871791	0.0038948924056640996	-0.008862811488342243
X961124	-0.05645939571475871	-0.007764413405551148	0.010231409353227377
X961128	0.016393063699914317	-0.0041001628226346575	0.02273598328552225
X961151	-0.018465741458437886	-0.01953458675049239	-0.1295799690173513
X961177	0.030117330072611036	-0.04203807388622902	0.02318016645127958
X961180	0.08321517811295143	0.026701611149698816	0.0570983350147916
X961193	-0.03620409300683882	0.022728115130294217	0.04082630125446831
X961214	-0.003651942484017875	0.014689293580931165	-0.020634928097120638
X961221	-0.008005109420101719	0.005418804929862247	-0.006244251058574784
X961226	0.034554536237758546	0.05810551257889307	0.018633916794119774
X961240	-0.025085170883467445	-0.005951729892155787	0.04029648104415387
X961242	0.03985557473478758	0.0303568397332584	-0.00802677283044401
X961243	-0.045174913261327186	-0.013039022512415508	-0.26180789194062676
X961246	0.010237348252602205	-0.0027984277658187327	-0.009669616578925455
X961263	0.022710706598863543	0.016955972497350928	0.005575106386224498
X961282	-0.005047678516029049	-0.010663521573277115	0.008175218440527343
X961321	-0.0017672654383276152	0.00871855947854444	-0.0002284691884288197
X961325	-0.05284231506526568	-0.008243469311708216	-0.15202952733281333
X961339	0.0019039613355015827	0.021687016892786355	0.03616223803864128
X961365	0.0004633395076044315	0.014841318468283954	-0.030554318412131718
X961417	0.0030703201101584475	-0.008951081026706506	-0.011367646399154782
X961423	-0.012411572870642118	0.021436058716524632	-0.013733171327357026
X961434	-0.004433599073521832	-0.048587857429592145	-0.0022689337561846426
X961485	-0.03000350782772114	0.021378876399352563	0.018597344814981487
X961553	0.018082443291750083	-0.10586213342820992	-0.01350944013512641
X961577	-0.006295638052301528	0.0019201645387732554	0.0179737937305317
X961634	-0.002482182734510389	-0.000401341575135813	-0.0175851657883362
X961684	0.0013929764870532079	-0.0028027856192208403	-0.013059179835641366
X961686	0.06639503282061053	-0.11922120745086046	0.017802088240392432
X961738	0.010568058665625537	0.04823695662227972	-0.015047969453034401
X961809	-0.0022479480114915417	0.022666287564829177	-0.01004587518820704
X970002	0.01726848035809464	0.0061574181854308335	0.007564550426955444
X970003	-0.0024983346866455664	0.008355262988773265	-0.0012158458023962676
X970007	-0.0011780631598540456	0.003940745348767664	0.023183193350606906
X970008	-0.013268851459423022	-0.018939224557106407	-0.00465326289210274
X970010	-0.005299329256450438	0.002192441825122276	-0.01397076747581891
X970011	-0.01649469035133909	-0.007842589183528283	0.03168148903530541
X970013	0.011767691596092046	0.00621064624388301	-0.016675764822610177
X970015	-0.010022563573274244	-0.06195645431517541	0.006797108991036812
X970016	0.002353176643902344	-0.009170143020714049	-0.005678297524169753
X970017	-0.033429684972679646	0.008937264428051268	-0.020727213733990512
X970018	0.042648109375759774	-0.07104678977672417	-0.020595731192225398
X970022	0.0331226687245497	0.01083515817186384	0.009258049027087028
X970024	0.004099227472878837	-3.968993333509693e-05	-0.007982462975037012
X970026	-0.0017830192652041608	-0.0032163958982673016	0.004726904749974798
X970027	0.013989578751223588	0.015351873371562495	0.011348064078006818
X970029	-0.000794930973405829	-0.0034910840757083937	0.0039587590961002225
X970030	0.07583585234211893	0.03855999981645364	-0.01471533993879779
X970031	-0.03891612009893121	-0.025530333347987943	0.014234814925121502
X970032	-0.06832787155178563	-0.008805435978360232	0.04641041571000969
X970033	0.007830134032365531	0.02067718077132541	-0.12290621433392866
X970034	-0.008098773023874422	0.007537289152411991	-0.002454467512431712
X970035	0.007392215501873021	-0.01584878963579686	-0.017596620453277333
X970037	-0.00040454822955801915	0.006152020107978214	0.00302517151082826
X970038	-0.009663328398940501	0.018160858485141495	-0.0300465534672884
X970039	0.0042020291484303725	0.008299737552222658	-0.007466808371009052
X970040	-0.040419478865918054	-0.012258597859387285	-0.017005698640441463
X970041	0.010521857454557913	-0.001266942546491227	-0.007663497868163276
X970042	0.022214266512377526	-0.01720831479413143	-0.01497030737102464
X970044	0.00016833170502988167	0.013927149887297144	-0.016227927049756594
X970045	0.00024980461409984927	-0.015577770529635906	-0.00467249761394387
X970050	0.009136111016818655	0.017920575084287512	-0.008271747728561324
X970051	0.01974680672337619	-0.018350172799438028	-0.005058986656348728
X970052	0.002964900596628525	0.020871731038734728	-0.0184068394275686
X970055	-0.013332939761975898	-0.008714755585522082	0.008813940377076558
X970057	-0.021075666794961954	-0.027046130475887924	0.00220855947451119
X970065	-0.003127672647358009	-0.0025623669988313062	0.002272841614516593
X970067	0.002921537404571216	0.01833346352151419	-0.015752546123834952
X970069	-0.07992796214100711	0.007272174484203857	-0.027205197586835525
X970071	0.002986478399718612	0.013299722251027518	0.0027540801681806212
X970072	0.004140953475946963	-0.024892123523380758	-0.00582584458682452
X970075	-0.012828307990835537	0.04066477565879567	0.040882912156241985
X970078	0.007232424801994655	0.014468464223890457	0.007146435334759979
X970079	0.011578650663989207	-0.03153371186983347	-0.028911093289739676
X970082	0.034000572697116864	0.054548635973793086	-0.006663452982126143
X970084	-0.013793760805869503	0.00028613863694642336	-0.028932850925109273
X970085	-0.03539999371814549	-0.001096219052629658	0.033591275509573956
X970086	0.020909954326384542	0.003270014800373663	-0.011233779785735667
X970088	0.006471593592390004	0.013712235002118961	-0.0002767780005528346
X970089	0.042360571978346355	0.06959203156740186	-0.007372677489897494
X970091	0.09632267331445815	-0.0769167426307518	-0.006374600248496402
X970092	0.04477045883774079	-0.1262140909033254	0.03470756970207081
X970093	0.004281787264662596	0.004138461119260933	-0.0012092761997272866
X970094	-0.037309083168604776	0.01167917681074077	0.004860954284827594
X970095	-0.012046271641278545	0.012767802235880883	-0.04083736147273854
X970097	0.010231172610277135	-0.033279728086828136	-0.01629857263015367
X970099	-0.021923627448154837	-0.004813977009249185	0.01850042625433891
X970100	-0.05986669172457882	0.024467653689384854	-0.03078543351865643
X970102	0.08010791836050096	0.038206378981874595	0.017957009468285247
X970106	-0.010705949173660086	0.023189061239133998	0.001666958021870522
X970109	0.007822852363346315	-0.007735125143370163	-0.009120314118512616
X970112	-0.022217912328146402	0.006532215989149924	-0.01475210188719671
X970113	0.04419735150715003	0.05116275869663896	0.03414768773747206
X970116	-0.019245502566585193	-0.004238282487411478	0.003543115350422349
X970118	0.007418706686637763	0.005345642659277675	-0.013353864574744552
X970120	0.008050934561093685	0.027236997720430204	0.012015350608887589
X970121	-0.06642412142266234	-0.03928455008605576	0.0494264695632917
X970124	-0.03740478296595818	-0.00881856764502602	0.021212605810821454
X970125	-0.0016155427963785208	-0.0033847077715025357	-0.0015486119931691898
X970128	0.0735250157233218	0.034323985788243506	-0.014957295501004473
X970129	0.010784807673464443	0.013761906638980682	-0.006622233248964134
X970130	0.024166089471889075	0.002478662217800937	0.006341742074396472
X970131	0.04197013550553489	0.046600735175456334	-0.014231840454178062
X970134	0.005495973134926632	0.001178483508559716	-0.0002832979936610868
X970135	0.03582808859716672	0.013233271538384678	0.022587122576416728
X970140	-0.015976392997062154	-0.00604189312245492	0.015877367887585186
X970141	0.04939312602988763	0.049238729177005995	-0.005129364955558723
X970146	0.0059895069303168135	0.00793593447308792	-0.004045331707023649
X970152	0.016267787415472433	-0.026403263042797775	0.009373995847090394
X970154	0.010625438502541825	0.029153256098959354	-0.01771580580863712
X970156	0.008312859381026645	-0.004235007084059571	0.0007354985692657321
X970157	0.005795242700095194	0.022336115669576686	-0.002210678082749817
X970158	0.0017584921727955356	0.018074150579267433	0.005136394796028042
X970160	0.007097863528128048	0.014530713100570436	0.010520271749851163
X970161	-0.02370284265261065	0.00818885339042114	-0.018672935648196793
X970165	0.007715682694668268	0.008870349646339412	-0.00041346924232600754
X970166	-0.053953567858861295	0.00013014054922914046	-0.0159397958725873
X970168	-0.008405795295482434	0.008340820452304708	-0.003003225566130565
X970177	0.005022966989371865	0.01562892288478711	-0.016846625293494396
X970179	0.027600435052719502	0.035852100763430775	0.025275099139774326
X970180	-0.003645652587367115	0.005043389358442573	-0.00890888843989049
X970181	0.003936996771068549	-0.009781958603179933	0.01068005011083931
X970185	-0.03256234813005735	-0.04177693717853948	0.021792352013621005
X970194	0.00786531166528437	0.0013443925497689329	0.015083186977294766
X970197	0.004980417577706132	0.01136130810307874	0.01915267395735733
X970199	-0.000565505742437719	-0.0003545517734350408	0.0117149933026473
X970206	-0.012734473036019767	-0.014721762500025376	-0.045827710445115404
X970207	0.0006129270529133858	-0.006362675971236207	0.01322927758978677
X970209	-0.0038357446177956665	-0.001732870036781268	-0.0028448505682370996
X970216	-0.04414754313281178	-0.0321026056537159	0.041089272837479936
X970221	0.012209444562769583	-0.019591704904054763	-0.01757670968967249
X970225	-0.0024350821115039444	0.005482114063399812	0.0023671428246821776
X970226	-0.031169394331371735	-0.013070029052597496	-0.02176118688219223
X970227	0.0054518547417024815	0.03458123646641437	-0.005603054947017738
X970228	0.014955832205330864	-0.0006129161610655436	0.001919191056599234
X970232	0.02699351739797778	-0.06416006333286002	-0.04927917391441623
X970236	0.022381400001535157	0.05689484779918008	-0.06598292020818262
X970237	-0.01321353133799348	-0.015656189608447398	0.00885974253040113
X970240	0.012043348352030286	-0.07895711099719009	0.08622395925170806
X970250	0.007636992374442935	-0.005736233277393067	-0.01907667149664231
X970251	-0.01274105323401027	-0.027878031009123016	-0.018020053267278232
X970254	0.09982417456753973	0.02475930976158541	0.0381785159382293
X970255	-0.007178761448899484	0.017753057992837485	-0.0005777571847248126
X970257	0.03851778279359912	0.06931373144119383	-0.018762631489354052
X970268	0.00898682307771144	0.015113447334327543	0.015826454627524033
X970269	-0.05471575776243929	-0.02527404980826408	0.020884727747697337
X970271	0.004017984569626114	0.03005853174295542	-0.10884399924290147
X970277	-0.04106888260612272	-0.005563135399126145	-0.0006844527500557359
X970283	0.05685674649610124	-0.11299815729865524	-0.010018357225516486
X970288	0.01640616177950538	-0.03190619648505051	0.005606590334148083
X970296	0.074177578159157	-0.0027910940714142084	-0.0002807651673817106
X970299	-0.015676290105115353	-0.003957982717790763	-0.004654793101785434
X970307	0.010845444576864122	0.012840510922710578	-0.00872378409025765
X970312	0.017255781023823056	0.02607029032135462	0.013709104533797787
X970323	-0.006606046993195415	0.01206368451575969	-0.018372722798192343
X970325	0.017280854336692263	0.005660641221647087	0.018454165120686202
X970327	0.038250391036425066	-0.04555690344957211	0.008596203772011469
X970338	-0.006180406322245698	0.017925533943049323	-0.07679553933936814
X970342	0.05114573408720129	-0.08394824239864214	-0.02890496308381431
X970343	0.06044821866226075	0.023212721285446256	0.011263556449458775
X970345	-0.0008391825473652215	0.020574509738281285	0.0007179289251102839
X970346	0.03966522768269823	0.07034741605829782	-0.031913599143038304
X970349	-0.026859955032435424	-0.014035783662671152	0.003160064154065657
X970350	-0.03850647626626643	-0.00851606201120068	-0.011466401450710886
X970358	-0.016602038640760992	-0.010869984240551973	0.006043077959276522
X970359	0.014560047943067995	0.033604134324156563	-0.02435209916461806
X970361	-0.04445069432667366	-0.019589714146845297	-0.03184540973704005
X970366	-0.05187369372149813	0.024367136916692924	-0.09103641697105451
X970375	0.0027275454611851426	-0.0008777065765024534	-0.02802026697820614
X970380	-0.01704331558833283	-0.04738514967062899	0.06767179739433751
X970381	0.02255189109990269	-0.007828077349043037	0.007208650024061764
X970389	-0.021298077105181043	-0.01671636122227434	-0.0008100832785895196
X970393	-0.007422179026331207	0.0015666829344972986	-0.09223023237918689
X970411	0.06715727235133892	0.02588920306225697	-0.034834664719053346
X970412	-0.005189465061534813	-0.004065748130774073	-0.0466254174418939
X970414	0.022232154499652355	0.03889304828155683	-0.016626746922840697
X970425	-0.0003605769601269119	0.012056472443146537	-0.01781187075840783
X970428	-0.020769487927760816	0.009183566572807722	0.027243940145265634
X970432	-0.012097942300968619	-0.0025776485219854515	-0.008633618180626742
X970454	-0.0023801875704900183	0.0037848199104572665	-0.004353966144591352
X970472	-0.0056315226678815685	0.009784039791655461	-0.01922163854834009
X970474	0.008947256694709922	0.007196167619089943	0.003447493918032503
X970480	-0.0042627872080166565	-0.012709493859185912	-0.006904688737925755
X970482	0.009448675797598763	-0.014083040755085447	0.014149274840990584
X970497	-0.031082744243303734	-0.030498466375259006	-0.03659298133814381
X970502	-0.0027596284436327873	-0.02156962864168831	0.0008344509879845367
X970504	-0.040999905083764915	0.010560850711204328	-0.02709542880736868
X970509	0.0182006221971894	0.06064661033836827	-0.02321548493783039
X970512	-0.0007495876847173927	0.01764666156143249	-0.012971671987062509
X970515	-0.011211849462962734	-0.010836797847949619	0.005600261079160603
X970517	0.03479382804602571	0.01569698760795843	-0.0021761499552910082
X970519	8.387510934100234e-05	0.005392430846225417	-0.0029581371978419924
X970522	0.008555032292771724	0.016675447597795868	-0.02870816682727433
X970524	-0.0008712082460897926	-0.006889080186211564	-0.022535955330874536
X970533	0.0060215612599405334	-0.0022559909321463426	-0.009247853414074709
X970536	0.011828880690620899	0.007394586050057226	0.011911034041106161
X970538	-0.014286217794665207	-0.025355621403698354	-0.00553669586206437
X970543	0.006776363091031917	0.01754369758319206	-0.0033517268139490464
X970544	0.04486650063076954	-0.01624187786668427	0.030054075936811718
X970549	-0.050596806946323694	-0.018123546869432888	0.014855454541912966
X970563	0.01272625509779436	0.03163868325846344	0.00534070908984693
X970564	0.00774401263778214	0.011311494630693766	-0.006827039519121022
X970573	0.008988937866073321	0.034036065633591676	-0.058280391094774654
X970577	0.0015378777305166374	0.020225359806581897	-0.019957634425295297
X970587	0.005917197999919514	0.013182651519282707	0.001094264306847704
X970599	-0.033799904545967256	-0.02072334047173544	0.0387154458824824
X970614	0.0009063427059963754	-0.004267354916059747	-0.01297564779543382
X970625	-0.001554094823983238	0.012554963265281445	0.01032923736451236
X970633	0.0606082354904098	-0.02846771028557931	-0.024500214541391258
X970638	-0.02042520456542876	-0.017280603173348088	0.01385816024418307
X970649	0.07565319286714418	0.06849375140416047	-0.005277365380098175
X970659	-0.009273988753884415	0.016319329602608876	0.0236172822636563
X970663	-0.009000215087742586	0.014010645339637293	-0.004505312268514621
X970664	0.06989594531671323	0.08549103820333731	-0.02950360371266252
X970677	-0.010701362221168343	0.01751199298444512	-0.0037155980989879976
X970680	0.07028891358740945	-0.05928083061440742	-0.037027151961249345
X970687	0.013796437576239372	0.010704665131135181	-0.012930682810407875
X970688	-0.010009828736442959	-0.011994192192441473	-0.01873637094869284
X970692	-0.01459098963196954	-0.010653701575726725	0.030988623191027655
X970706	0.13111137053296484	0.07010157985630769	-0.0374580757390147
X970707	-0.012877385519190517	0.03861097048046415	0.044366593729116395
X970717	4.515765489592375e-06	-0.008620442625940325	0.010004492422051458
X970718	0.0020964719220800433	0.00394918167897259	0.004144322910755831
X970731	0.007603094689281574	0.030844438925280483	-0.013112461285574037
X970732	0.0031853199555399235	0.015241481195336087	0.013453721350757475
X970737	-0.0016394562342003246	0.02005332372653174	-0.011541631665894937
X970745	0.012532856759202585	0.04348203943711207	-0.021903135046721364
X970784	0.0048234873691544635	0.018978307228863178	-0.012741858245714504
X970791	0.004303110457273096	-0.006928102550665523	0.012661529511985087
X970813	0.002502694937363665	-0.02373000759715939	-0.036875802991797435
X970860	0.010047039562209193	0.015607413634800778	-0.005487179299728866
X970932	-0.01785204141220948	0.008259388622648972	-0.033437171156568746
X970960	-0.00784347431230922	0.026892653621239368	0.028010819485842355

Biplot	0	0

Site constraints	0	0
