Eigvals	3
25.452699420540874	20.876208974464813	11.032615058958353

Proportion explained	3
0.5374593969832133	0.36156071291660596	0.10097989010018078

Species	12	3
Propionibacteriaceae	-5.816072767296304	3.3525029917469897	-3.8923865982932693
Staphylococcus caprae or capitis	-8.176058988751933	2.893369064603966	7.61946929784376
Staphylococcus epidermidis	9.966697259935508	12.014072416181001	1.1633439410162951
Staphylococcus hominis	1.7350024144366296	4.454752187153834	1.3860781983868251
Other Staphylococci	-4.089283022390063	-4.198233009896612	-2.783855064183543
Polyomavirus HPyV6	8.273211648681153	-14.682000415642134	2.623261798625033
Polyomavirus HPyV7	10.035756658813595	-1.7124553271954066	1.3506077855791554
Merkel Cell Polyomavirus	5.087991096033346	0.6448293764699028	-0.32421808592785284
Malasseziaceae	-13.505181202126364	-3.200042803031353	0.921826850663954
Corynebacteriaceae	-4.828342508606404	1.991865620018296	-1.0036480667202237
Micrococcaceae	4.296720401785388	-0.5985412297447698	-4.503418734701089
Other families	-2.980440990514521	-0.9601188706637032	-2.557061322289065

Site	1225	3
X940001	-0.002698664840502675	0.0025557189159819797	-0.018647359992579007
X940002	-0.0058300566051191546	-0.006102440422736094	-0.007738616569803868
X940005	0.009309966034999317	-0.03585063218144922	-0.014512479111005278
X940007	-0.0024331345356515674	0.005619901726167955	-0.012521085256758421
X940010	0.021525321751290964	-0.006855903959474879	-0.03852169556444117
X940013	0.0026276317277606092	-0.010690017149463316	-0.0014909745949620652
X940014	-0.05420779598038442	-0.00898426946387918	-0.04178295375363071
X940015	-0.003765749725671871	0.008321037410545797	-0.0028268686105979925
X940019	-0.002012261095801727	-0.01654998020513095	-0.017265782036731906
X940021	-0.06339035893703328	0.023667697081873544	0.04013163453633016
X940022	-0.004153245092496788	0.0071653680387699335	-0.013739528050768514
X940024	0.009997438146812244	-0.02862588983257311	0.01154327377480932
X940025	-0.0008489208551349743	-0.0032876710931434966	-0.022694670357315747
X940026	0.04291880308901073	-0.04479560590769893	0.03044132315236279
X940027	0.015419639922900465	-0.014140507480313704	-0.010725172119139675
X940028	-0.005420942213166209	-0.014288319101412088	-0.009636632801393335
X940029	0.0024279383339456426	-0.0017041026753650348	-0.004217304876202534
X940031	0.003140926045029247	-0.019185482273081884	-0.013338001606232741
X940032	0.011622968794521049	-0.007323285721323685	0.008680197285787358
X940034	0.020736515095990504	-0.02802098915842534	-0.0002792572956692235
X940040	-0.03413369746029746	0.03272359638035192	0.0010786806274782177
X940043	-0.0034226201710944857	-0.0028574376373314107	-0.0067713034543961555
X940045	-0.012873941361570412	-0.012820334158192804	0.009692182801589802
X940047	-0.052027734278818474	0.013499981402020621	0.045011757631343345
X940048	-0.02475454207439154	0.025308124523408745	-0.016797637933036878
X940049	0.003133824295145536	-0.013741046527480602	-0.008857160227365166
X940050	0.025280577893325388	0.04558866025427246	0.01919042287146865
X940053	-0.01754497485418228	0.0313023255536635	0.01702916936850932
X940054	-0.056789261434842676	0.04738021482395357	0.013018815682976687
X940055	-3.35989142763053e-05	-0.041048237904992575	-0.05059667060580372
X940056	0.039343663556366905	-0.009018124384635106	-0.0193439611275176
X940058	-0.004396035077190663	-0.01830378218556797	-0.01686260837109945
X940059	-0.004546209464207055	-0.015851943922058423	-0.002595242605156149
X940062	0.02936015184831413	0.033736555323625655	0.01686822936676824
X940069	-0.008240500795431444	-0.004497765905151593	0.013534575204748225
X940071	-0.0034463167266240054	-0.018772193797476508	-0.07707571506829489
X940072	0.0033973110379526797	-0.0021899361673293253	0.009509179567132648
X940073	-0.04745785587737879	0.007553181721847246	-0.0013177129673275939
X940074	-0.02206543609855193	0.006231145290562131	0.02881491185084135
X940079	-0.06552526589846194	0.0462407844976107	0.013590782134871441
X940080	-0.011985718681512577	-0.00801879883003046	0.00450989944053777
X940082	0.017278889519225914	0.05951268236162445	0.02217456607283981
X940084	-0.008888114400056204	0.01799514698476873	0.0020025937274480397
X940086	0.0369697174802866	-0.05586435425119124	-0.008572451125771827
X940089	0.018103174415517957	-0.027448022987279497	0.010601844757275353
X940091	-0.0010432130177634447	0.03148452921353903	-0.003142226248431585
X940092	0.029691492543366973	-0.002386249107227175	-0.007850455974249165
X940093	-0.007560445844171782	0.00215342052591858	-0.010098915585098863
X940094	0.04626504374433112	0.022843389403828872	-0.12893658954261789
X940097	-0.0011180289385767572	0.011322911219040496	-0.002578058559756071
X940102	0.009200290677445233	0.010722184768591651	0.008644050154901961
X940104	0.007263468508735778	-0.00861028690668924	-0.009791628120710499
X940108	0.002366677808556325	-0.006531115629272083	-0.014606711512969548
X940110	-0.03441920011338214	0.05316858887900243	-0.001235611064826181
X940112	-0.033402567402875595	-0.033614536704661205	-0.04045744315817378
X940115	0.005224962248077582	0.023304086282473796	-0.007515452663545719
X940120	0.009011526486191591	-0.03299146286592471	0.001457360949489736
X940121	-0.0020786630536115277	0.06626321972833506	0.019800857135809796
X940126	-0.00247722596501833	-0.00912726912434835	0.016955932212633622
X940127	-0.017065459226199023	0.03537454079630717	-0.010376063486149513
X940129	0.004221751545864278	-0.056794093364537786	0.0076537835573912945
X940130	-0.02920402969901441	0.031000280858627115	-0.03120632902469898
X940133	-0.020240202732770468	0.013343628107732021	-0.008959590697936226
X940136	0.018359938026090254	-0.017232347593808702	0.014013870155526218
X940143	-0.005929773194025562	0.009390474700270861	-0.01032698372247291
X940145	-0.00539139973801905	-0.006637627358133386	-0.0036321357254373975
X940147	0.02487032468832324	0.0059148071560397916	0.005190967276434761
X940148	-0.011702188632090832	0.0020335542547762443	0.0036610187126333757
X940152	-0.0007224134095364847	0.018456321898017995	-0.003839781528108876
X940154	-0.011107299915260502	-0.01536915897073928	0.01698650851537208
X940156	-0.0017997668005532404	-0.02687273993264255	0.039111404191771094
X940158	-0.005447199071427029	-0.013504751539698004	0.03381373414716451
X940163	0.004225574289815692	0.028502278145387284	0.04078170313012082
X940168	0.006652807910070294	0.02814674607852365	0.02649552659806906
X940174	-0.007667161480927498	0.03152833172990522	0.0034985652018737936
X940176	0.02193803744215394	0.011548441579465872	0.025387092318255006
X940178	-0.008150338324985438	0.01722904499124678	-0.006587360321818599
X940179	-0.011142697753835676	-0.0011247850218940507	-0.007921690309861739
X940182	-0.00729818671018809	-0.018626267229098065	0.01608327969147767
X940184	-0.06011782623078064	0.05052643838799933	-0.042916382600386056
X940185	-0.0249682661585109	-0.046743936236007484	0.03078038390410057
X940186	0.012444611187153232	-0.013567955941316025	0.019847498840146926
X940189	0.0351250962468946	0.021251580366385622	0.004866501915581495
X940193	-0.009672734076811813	-0.02751730271601932	-0.027511687208081892
X940203	0.054957197914397814	0.0650491163797415	0.002471387165394014
X940211	-0.005527237533512456	-0.006618380272243731	0.002314260921395761
X940213	0.006233684611235648	0.02035457272258622	0.040328189784729386
X940214	-0.014262067871972943	0.014906950109611631	-0.009810933143696961
X940217	-0.008761259617052266	-0.008809912296193208	0.0032923516589393005
X940222	-0.01809653639085791	-0.049292610054714386	-0.03893511038101453
X940223	-0.05633105357197056	0.016094176548485356	0.05666692888989606
X940227	-0.03428296890030141	-0.016039566820451358	0.005115959158064065
X940230	0.027356548978527774	-0.006892802931362762	0.015211991527857807
X940232	0.02317783862992416	-0.012304914539990629	-0.015745834449137665
X940233	0.0155360888390709	-0.019835273278495723	0.013978657671620641
X940237	-0.0049855800797778856	0.011975097765032356	-0.02164795564150054
X940239	-0.04512593559401717	0.005117356577538402	-0.0036995393204722503
X940244	-0.007323158946921811	-0.008635030752427407	0.0032514791908801895
X940248	-0.01906759107329373	-0.016241313653877116	0.0036148170657959427
X940251	-0.004625857659592409	-0.033992322438289015	0.01693834558107274
X940256	-0.031261097661395926	-0.0037085027941574813	0.020694643065722735
X940259	0.0195673091234633	-0.016145400261182486	-0.001617378589242952
X940261	-0.013632373379706386	0.02873812419544469	-0.030911194836947046
X940264	0.03336710578323839	-0.02470572142549937	0.049041893219638304
X940270	0.014923623393953827	0.014017818427775141	0.01826981044724332
X940271	-0.02186411954714208	-0.003623816211520073	0.001472902248992039
X940278	0.005358973647491036	0.006106995033827147	-0.004275015971858702
X940281	-0.013084560585196381	-0.0062365408205817385	-0.0015291739858016048
X940284	0.011208083650498331	-0.021589437462878707	0.029305169595668066
X940286	-0.04738866193598362	-0.017543226533259314	-0.04903392931197722
X940287	-0.0014927846826577598	0.016750092202333706	-0.005077794351807978
X940288	-0.021854602911994928	0.015301908458663084	-0.011247198576992428
X940291	0.005337565799524059	-0.008218093237490598	-0.010854616271819655
X940297	0.004669206900325847	-0.02139199303347255	0.012955197020187244
X940301	0.002749567695983163	-0.013084385919482688	0.006479015611035652
X940302	-0.006028440339038389	-0.03811088347973288	-0.00381609519055462
X940303	0.024884696731037645	-0.01937548637093091	0.023452565960901804
X940305	0.0038179218560473213	-0.017980092775876293	-0.014202119739228334
X940306	-0.021734650959568225	0.01826925149856495	-0.009567816624158445
X940309	-0.004682932290713522	-0.009661237398555627	-0.011004147062422552
X940312	0.0029602574386039674	-0.02690305340249915	-0.02824010788265956
X940314	-0.0016388324754740185	-0.008699731206877573	-0.005421147031565388
X940322	-0.017146629708842624	0.02386939271818218	-0.06981726025008919
X940324	-0.02611613454016563	0.02079293475553091	-0.008458349961765
X940325	0.03896091386637585	-0.02200820391541129	-0.01765041398056305
X940329	-0.034460187778155085	0.013957694780691868	0.028688860234358834
X940332	0.002677127960781865	0.02615555458107014	0.01351790464568136
X940335	-0.03344947989106746	-0.029131187290120406	0.032072973042976155
X940338	-0.0036391250240016045	0.031985319520323706	0.013582964568440117
X940339	0.038977212806378184	-0.011970492909722333	-0.021195633970302285
X940347	0.008975133578772677	-0.023569033783245347	0.014429088093562357
X940349	0.000972909359052649	-0.0038130570125877415	0.01087661168459573
X940351	-0.0010462907962450676	0.003270821344435329	0.013906225540238055
X940353	0.035465056693979265	-0.013058639605834239	0.002204488553035796
X940354	0.0028672325317900434	-0.007618201391696855	-0.010578056506124473
X940355	-0.033668948295982874	0.06389998031022079	0.022935189663537487
X940364	-0.020967118021846122	0.03518895290959493	0.0009372446945694688
X940368	0.02580481521325256	0.005603464953147225	-0.00454563221920005
X940374	0.05026707069425401	0.011664012569748139	0.009515439811966299
X940375	-0.005999368049000986	-0.018065416502338314	0.013148263488245899
X940379	-0.004974205004611594	-0.006014970605703918	0.005158257126440081
X940383	-0.010761499962059762	0.0518871583138834	0.01755903341969155
X940391	-0.013291459540743617	-0.01612897488582815	0.02931557840470563
X940404	0.018289583506939537	-0.014364634897173803	0.016393230643969227
X940411	-0.008542148245585577	0.04000616680728742	-0.003914971472573917
X940413	0.06427530572723629	-0.014781957190816958	0.05507731462306824
X940420	-0.0026601450388643063	0.014804886469829477	-0.001709620650143155
X940443	0.0047907936435497836	0.04027913466502891	0.0024767994165739754
X940444	-0.030077833133686713	0.002805914761404897	0.02845294780247411
X940445	0.005239545283253375	-0.019290365272055986	0.007552197875382656
X940450	-0.018684325943698194	0.02201506733455096	0.018652976079709314
X940451	-0.13356106032551582	0.05193188317276002	-0.12424148628050212
X940456	-0.009197181349866102	-0.007642547019629562	-0.0011507572332212059
X940465	0.00946132236451512	-0.0005788929707481637	-0.007916932692009852
X940466	-0.012081043160621188	-0.012076447017039502	0.020272973642881588
X940474	-0.013143666894606951	0.010858944186973947	-0.0018595914331936442
X940481	0.03441992031676028	-0.03033587821784625	0.015945770049661186
X940483	0.00577488758133605	0.011226054457877428	-0.019017494406148475
X940484	0.021250335694999803	0.00942040413933838	-0.008417414616510025
X940487	-0.00863849852792549	-0.035646871735899074	0.0027759809217827772
X940488	-0.062042540180791944	0.0013759735659729544	0.044229843823686395
X940497	0.018086079636745488	0.02748968450506954	0.01919756576247108
X940498	-0.005915659067027118	3.5186081000270075e-05	0.04334825592066133
X940501	0.031487308640870675	0.06093360406505234	0.02466574407981556
X940506	0.00017536296170381303	0.09911149418280747	0.024738545757582768
X940526	-0.02668348731278963	0.02518968513848477	-0.004448424143318747
X940529	-0.09762920584170189	0.018267150383054792	0.10501612742569223
X940532	-0.012001441706037288	0.01167397990484342	-0.005627068844381579
X940534	0.022905176284085598	-0.01199414241354723	-0.014997816179880784
X940535	-0.020364887803347005	0.0029764421115401835	-0.024657101675836835
X940540	-0.0056559811052306055	-0.0012807625104353398	0.011024753445714727
X940547	-0.009024815580082725	-0.007824112522889835	0.021799777616110176
X940550	0.05175339296122221	-0.003846233478952464	0.014943847819114713
X940551	-0.033197383971110425	0.016811432621019116	-0.0011648277517431669
X940555	0.011798747348987067	0.014068023146749145	0.027436479256888878
X940558	-0.011964714877354784	0.015530544698116404	0.004570460658714278
X940560	-0.07371942766793017	-0.02771129367472941	-0.04565012439716825
X940562	-0.046790200039821546	0.0164469350781825	0.008775022145200756
X940570	0.02075590744825613	-0.004806615124422972	-0.011900612808054949
X940571	0.03260416488981744	-0.010836686976946074	0.04328598833007616
X940580	-0.006963994766870427	-0.024858669298920555	0.027053145554608003
X940584	0.019234743722048572	0.03984734451844509	0.023203145457330036
X940589	0.09837395554314943	0.09241669983841584	0.006037597162169064
X940598	-0.002142760704032318	0.0026524211423326455	0.013928811313531297
X940602	-0.08267696627099337	0.0022113191613015214	0.070435428507849
X940606	0.0003719768837580527	0.0023627256958742874	-0.02493165056472303
X940612	0.03652327037410556	0.05779983456404817	0.021327700893026536
X940623	0.0055535977370258765	-0.0169188739171335	-0.003513013026021052
X940625	0.0018127085039688741	-0.03963456297560203	-0.026089384944188217
X940641	-0.008868229273576516	0.017762775563353497	-0.0016580517756589121
X940642	0.02369247038427187	-0.007680680943857425	-0.0007496084377869872
X940648	0.024922806117937055	-0.056245212910112356	-0.010351818058916658
X940649	0.006943083568799741	-0.019742824491941344	-0.0022782196126956834
X940652	-0.004472337160913183	-0.02186462269466274	0.0021633057265297195
X940662	0.006238542112168601	-0.0025547112358380343	-0.021478053829306155
X940665	0.017006443726264298	0.0015746648595118455	0.013022266649792447
X940674	-0.007462006741165598	-0.016543036109256986	0.0048630166756839874
X940689	-0.11149817037959342	0.02033679738841635	0.06449873872491563
X940690	0.008143099852652326	-0.033269953462465425	0.02695690279234684
X940692	0.023212081449414713	0.05086038400720266	0.008036684021687241
X940696	0.02846979231152158	-0.02894198290452448	-0.023474668361105313
X940700	0.010385002044762195	-0.027338394926898702	0.0308642223152301
X940714	0.0008140709138283217	-0.014739037999314614	-0.01480118088599039
X940721	-0.034335088671975336	0.03645785428000431	-0.04919519852374907
X940727	0.040003737155269156	-0.0077921757638892385	0.02275570196591889
X940748	-0.03846195364872103	0.033885190701674	-0.021386318021922247
X940756	-0.0027985291349115204	0.05209999214848998	-0.0395784113304024
X940761	0.025497907627373757	0.005516277481134166	-0.017419636925804793
X940763	-0.007745373230590243	-0.03429356745929665	0.01790989888061213
X940766	0.01867030498214618	-0.025097443920257707	-0.03788821849689625
X940769	-0.027627863752867167	0.03360512822980616	0.005550453163306982
X940775	0.0037743288949835183	-0.021568609813779952	-0.0021606586314819247
X940778	-0.013776631383554856	-0.025110932391746648	-0.005453160626047302
X940786	-0.009888951809970264	-0.0015368226011684065	0.021021794300442678
X940796	-0.007131174848096847	0.030776650130160316	-0.007636865538260959
X940816	-0.014566202952999149	0.008345491642926025	0.021852598903360516
X940819	0.02497620313490881	0.003978056417969217	-0.027575998521797283
X940820	0.007480245865610225	-0.011417862019567947	0.002140577374841066
X940826	0.030823381245752724	0.021438307260596087	-0.07379253258863584
X940827	-0.03192204899142023	-0.014627212945567543	0.01943298953267836
X940833	-0.009931055139277068	-0.015681043719326052	-0.026873707084661424
X940843	0.013805348098633288	-0.02552338547354258	-0.014329213601358934
X940844	-0.005892907784941449	-0.003815121616438347	0.026251832437698585
X940845	0.003092815252422243	-0.0436924968475908	-0.004951843386113918
X940847	0.019764155227936665	-0.055265931329665605	-0.03248519606884923
X940852	0.007131871115901784	0.012447486758693914	0.00835553795576117
X940863	0.01013589469585782	-0.031090514321786177	-0.0035187453813919664
X940871	0.016370537804513075	0.013317749401431446	-0.03477174454446088
X940875	0.013195463021497544	0.047107371842410366	0.024950796073977963
X940882	0.008722512666219538	0.06094631039129678	0.03747668565214653
X940889	-0.0021434802057797337	-0.010452306178508754	-0.0052585529720563014
X940892	0.02971477623037698	-0.05905617276028336	-0.002398198534300491
X940895	0.005108758122503593	0.008524142545721035	-0.013558230651174216
X940907	0.017662196751890274	-0.04181774128306238	-0.028337901698089255
X940912	-0.006928524254828395	0.012255704265031458	-0.01455078251743688
X940917	0.015228474345376651	-0.010871573150100743	-0.01926819785682856
X940925	0.050672661607798083	0.01856390103930268	0.0678729941478256
X940936	0.05237552184899119	0.05045214042086039	-0.011259882013766855
X940941	0.043775268714534826	0.024277935601258356	0.02342253399408433
X940946	-0.00785689421847871	0.021966349467028176	0.020588185241005745
X940961	-0.003731203297628443	0.005991807216510085	0.00031600405003476213
X940966	-0.014028580228334269	-0.017834350437609104	0.0008109618859231828
X940968	-0.02220119297594772	0.0073196810295006	-0.007694786237550801
X940984	-0.002929212643911593	-0.018156314269028664	-0.044236910727491564
X941001	0.018679244362172488	-0.024284376199750955	0.03510253359823715
X941014	-0.06070439063008205	-0.0324669638932033	-0.04436109893761463
X941019	0.014972179241062514	-0.027327860011329218	-0.014536576696780554
X941024	0.004859977160078186	-0.01621877065254204	-0.02523372916477402
X941028	0.00836789502737696	-0.006705332676941621	0.0098290010996054
X941037	-0.11753887457783167	0.02675558948699604	0.07318185022730028
X941043	-0.021612376969227933	0.011903406196880444	0.023453441151032983
X941046	-0.01918414583266265	-0.01003686113189719	0.02026560399798817
X941049	-0.010324420185681004	0.03062593660718271	-0.005837925590572099
X941051	0.021358717983519692	0.0012786998564881253	0.009196745307412652
X941066	0.006034724302542206	0.01271702235744394	-0.015217389779919623
X941074	0.007361826091825305	-0.020243955851940113	0.006350961786667734
X941079	-0.015592472723627678	0.007777512856003781	-0.00028476658229243735
X941080	0.009507576422246318	-0.06720257614892935	-0.06920247249569854
X941091	-0.020918858509418676	-0.007840418279950353	0.06113623971126679
X941095	-0.03712269359798692	0.02051164039587382	0.02027680615880684
X941106	-0.01228828388789023	-0.0256953454926867	3.3287678807837876e-05
X941118	0.003929644745770229	-0.005618685793441897	0.009618426334247176
X941124	0.07646794091697345	-0.02834053791613419	0.005511352891352633
X941134	0.017589028317329676	-0.021993410964597847	-0.009408936041639481
X941144	-0.02896955482477592	-0.006556411746569508	0.011543720235329303
X941153	0.0008136549148313927	0.005552649144907476	0.004378807991281755
X941154	0.0011311189574628557	0.009034565306661725	0.0012478330100773305
X941192	-0.021555122633229253	0.06249186692255867	-0.06787144518718126
X941202	0.0031583747413646665	0.010457799119752002	-0.009514731171869245
X941204	-0.025140397189945683	0.005584076670208838	0.018978695389889156
X941208	-0.026179112277187284	0.018703818173063932	0.038863211087846766
X941241	0.01986199672405935	0.03345572652465909	0.09449206152618703
X941250	-0.011979020346036571	-0.015094816087410545	0.031454810255098116
X941253	-0.00034692859699390487	0.0018899528507426075	-9.615130638341298e-05
X941257	-0.013227564086614192	0.027689450910025365	-0.006318480996309315
X941259	-0.015547314389964288	-0.010590697198296433	0.01985520378228376
X941265	-0.004005167244639561	0.04561602155767428	-0.03328075985317676
X941274	0.016717339523916207	-0.011559134763414983	0.0008002022855850737
X941308	-0.021990524290826995	0.014708549160408724	0.011787874550001756
X941315	-0.014213936467636263	0.039278155828740904	-0.016168586092075683
X941320	-0.001752874420478154	-0.02210520344498396	0.011360265871536086
X941321	-0.030197022488031446	-0.0004214859563000674	-0.0008172188424270888
X941367	-0.000764000341382036	0.06648968068305822	0.0078244892330554
X941373	-0.01676248996380669	0.022493246163462197	-0.0247799304818887
X941384	-0.045484829729592724	0.024399137795519596	-0.06133274603199854
X941385	-0.004791191527673335	0.002500725293768599	-0.01711577533169126
X941392	-0.10769070901912088	-0.03245689490642078	-0.10079747836592283
X941398	0.01772987731049353	0.032449986110105536	-0.06732282653673678
X941404	0.002853831991680785	-0.005497276818549482	-0.016078233746551835
X941408	-0.00825701166190001	-0.008057350459171737	0.021890402386210133
X941422	-0.026761336130201752	0.025321444455203644	0.016453750905304484
X941439	-0.0001608535741069012	0.01026842922191848	-0.009828433414232219
X941445	-0.04307956067968935	-0.0034614306153575307	0.00835273333194431
X941454	-0.0073609898494826	0.0013339889321292795	0.000343255816165633
X941460	0.03897144592441257	0.06575521715695151	0.020620219561963207
X941462	-0.031774959317337925	0.01763172113083001	0.01735528984902338
X941464	-0.007769839950401651	0.005023347664680186	0.018216966788169406
X941503	2.0970900342805292e-05	0.017144253674462262	0.007538853244872338
X941519	0.0007726824142351679	-0.018201197813100426	-0.008628506222349994
X941530	-0.00019553917224110395	0.010277111798267471	0.005264011127909339
X941547	-0.0027444668926842673	-0.017913389817283427	0.004635548766935737
X941582	-0.05850998695556501	-0.021827138163305813	0.03253523851462108
X941617	-0.018274376387902358	0.004034258981784983	-0.002256191947316417
X941623	0.042841852156494616	0.04990122299637498	0.022749287940042537
X941624	-0.0006018048011319806	-0.009988109415000626	0.017019584389736647
X941639	0.011673642439987086	-0.020815836811022732	0.003340340441521719
X941680	0.01825469237386002	-0.04762719182397864	-0.011166421203023292
X941684	0.02327597380742566	-0.024244678434005705	0.009881632384454508
X941709	0.028136354671736644	-0.044423665259788615	0.039982592388429536
X941714	-0.03852540173619173	0.02849766775367877	0.06496936944488499
X941715	0.011073456511183225	-0.03198869754067956	-0.0015725128529929364
X941738	-0.0044806716856991965	0.005230353963217272	-0.007673515206931001
X941759	0.016047212666889268	0.0182375085564279	0.030225524111997262
X941772	0.02866524410294035	0.038019594490364975	0.04149844049500773
X941774	-0.0072444370237689055	-0.011140900006765993	0.02749014274666063
X941807	0.028251738458866613	-0.050629312894741235	0.008958996169835467
X941813	0.03293910251618076	0.0010286433905597739	0.004185149218855684
X941817	-0.001890387012820907	-0.038315520578644666	0.017432994963165138
X941887	-0.022915358476870953	0.02291674036256216	-0.018042592461230165
X941902	-0.03269314225119679	0.019942622863597523	-0.034447657610912556
X942011	-0.017022016633654807	0.005053142038063024	-0.02414342988309574
X942026	-0.025243578156929996	0.011786803926412494	-0.013317626708947967
X942039	0.006203637570291778	-0.028693327807070425	0.013587129070711296
X942075	0.010304356834487782	0.000690143899732526	-0.00630156599835067
X942094	0.007908799926442578	-0.020403282758244858	0.0050821013553782966
X942128	0.005605992067095524	-0.018891997343209857	-0.01306664578440722
X942191	0.1288728715208672	0.05130742275276354	-0.027109093137373978
X942237	0.03254878846624218	0.0708553354704897	0.04956183282660821
X942303	-0.02115770580233234	-0.030888929452033014	0.021655554652821773
X942319	0.04563637539673943	0.06539150366203651	0.0001966109818486255
X942359	-0.0011557848306501365	-0.020849334326012506	-0.00709331340914919
X942398	0.006749696644891616	-0.011546166435881173	0.013960653371839039
X942402	-0.030233247455677424	0.002920183518980245	-0.02939115123485646
X942429	-0.03160054586683129	0.02505478439086972	-0.04048222289881683
X942467	-0.0165526818888858	-0.0010449091678962474	0.01454448884250338
X942487	0.03343983273469183	0.03305082064914468	0.00021607288101474975
X942489	0.03275852036205494	0.039511032041344776	0.008099034770879567
X942490	-0.041508827546141075	0.029345864200190773	0.022498727950871
X942504	-0.01725837934329341	-0.01963876009377923	0.017313490560313474
X950002	5.55615708018517e-05	0.008430872596832579	-0.007246986562203715
X950003	-0.016656050459979508	0.02132605826910459	-0.017588842972768914
X950005	-0.0050235186403986875	-0.010949892618055342	0.003525619051379447
X950006	-0.014824382752084394	0.0182874560940877	-0.0039890181685462685
X950007	0.021024396107207986	-0.06237490169772905	-0.002572171829934778
X950008	0.010344642328912024	-0.029476636715396673	-0.020774735855996432
X950010	-0.011015565893218593	-0.015283097577109328	0.015898615937912638
X950012	0.02957372954262581	-0.02780960836271711	0.0044767078910823935
X950015	-0.009128961523749108	-0.01951805421137415	-0.011247438549955161
X950016	-0.0060859147462296705	-0.008515564195569864	0.0070445144901662956
X950017	-0.0016618483253581285	-0.012280782370990511	0.0016807741001032051
X950018	0.002194972172206145	-0.019328928947691826	-0.0027259614424038
X950020	0.008099681311357219	-0.011216573989654659	-0.007714485153075338
X950023	0.1193145375988587	0.07359592482235115	-0.014638358196738643
X950027	0.00398938676334946	-0.011051210588351729	-0.009526201189892117
X950028	0.13749747009368526	0.08199029186027425	-0.034561135719882584
X950032	-0.00947196527458112	0.012025350726967648	-0.0020935075260883995
X950034	-0.012728370072446241	0.001890022922674084	0.0036113402327283407
X950035	0.0011533449575265055	-0.012220154667258672	0.010546606877501476
X950036	-0.00928071331130358	-0.007947846895022963	-0.001181943927874172
X950037	-0.0008083438395003377	-0.024685238600907315	-0.005569596390215326
X950040	-0.0058013379301000804	-0.0005435773913926599	-0.014420384821852497
X950041	-0.0015999536576579182	-0.00945729016296178	0.007596728332436627
X950042	0.00011228403698482931	-0.015364300912409668	-0.002722056679266741
X950044	0.001685007351045752	-0.016484515290068974	-0.02291118433869536
X950045	-0.011083700726642727	-0.010414669705190109	-0.005451419847906358
X950046	0.006143667462082086	-0.022373282259887533	-0.006415367176212878
X950048	-0.02613171857102228	0.011678328900421689	-0.015761284436529258
X950052	-0.04454464414164306	-0.003948523878883432	-0.07251367523032343
X950053	-0.00021871706909262312	-0.014971952826570246	-0.022839789921246825
X950054	-0.0053048011159933925	-0.010783310433971311	0.005828514348421537
X950055	-0.029033589218105355	0.028707659544688683	-0.011483831798246982
X950056	0.12620446565114551	0.06225051162746085	-0.039084733049912446
X950058	-0.07670648583338502	-0.0017182086980213596	0.03271054493152482
X950061	0.004284174898122847	-0.02050400233944723	-0.01772740581053072
X950065	-0.01391547440385832	0.01879003383919443	-0.012951436031984162
X950069	0.011955588445729848	-0.019803309725787935	-0.00577550479733162
X950070	-0.011777909636020155	0.016256381812629447	0.009436249908811641
X950071	0.007415879939674659	-0.011858696297095189	-0.02397629934533359
X950073	0.023327968334205248	-0.06446833022044186	0.021054697083255296
X950074	-0.010596928998834227	-0.0006949281207657101	0.006483495875456332
X950077	-0.006598514266453251	0.0024369073945361922	-0.00815172846511072
X950078	-0.005751538380837234	-0.00428870351413787	-0.01744018896858751
X950079	-0.012381827439377083	0.006803768622042701	-0.004033702202838248
X950080	-0.0010201813346112456	-0.0005896945967976459	-0.01982741238626697
X950083	0.014029956509815264	-0.019155022222508585	0.013836322102956359
X950085	-0.002589394312932625	-0.0037505330921639457	-0.011806261503262139
X950086	-0.006939359613898684	-0.0036772609180503652	-0.015834621384365408
X950088	-0.0056314735403986335	-0.0064473671845821125	-0.001723611320484929
X950089	0.004082605167344541	-0.037561860999925825	0.01791185623080764
X950091	-0.0019078925744392614	0.032590447082564575	-0.010729743559267006
X950094	-0.056133351086949924	-0.0017737860146143428	0.030454546807970197
X950095	-0.030654044417581947	0.011436205794443653	-0.007953853159866612
X950096	-0.00896379832225104	0.003339277712231049	-0.0025616747937867905
X950099	0.006397193126412392	-0.004769042610892993	-0.01883411740824284
X950101	-0.004368565153959125	-0.007597279117343126	-0.0069102344347170275
X950102	-0.000699938061193621	0.008623884309562395	-0.011540781430191483
X950105	0.0046866142137543575	-0.03225069287053765	0.002157441104790894
X950110	-0.0005049582451375636	-0.0018424593464277461	-0.01759468984762747
X950112	-0.016838738646417738	0.020827498788393208	0.011286717873136046
X950117	0.005988112545075244	-0.01800328205347264	0.008085036089086655
X950119	0.004935348628759781	-0.002585154056267874	0.013340083325815022
X950121	0.011798254140605521	-0.016157256909866274	-0.006320791536116942
X950123	-0.025820753101674226	0.017173472533969218	-0.021550656936467478
X950125	0.007728335595916977	-0.016849224155119233	0.019618952995617785
X950126	0.01313332581540228	-0.024683021379357385	0.009851786677291153
X950127	-0.024081898820750514	-0.0017325590980264757	-0.012679021738282769
X950130	-0.00931353070319122	0.04948672148425929	0.041019739935772924
X950132	-0.006059823606861868	-0.0029438147455952187	0.0005202063687342118
X950135	-0.01776614402435327	0.01093683918547262	-0.006660806202755678
X950136	0.0336754968050064	0.08080470440245813	-0.009190812504288076
X950137	0.0048036269610064386	-0.01935900664557882	0.02473607429637483
X950138	0.0009029048007662202	-0.009002167965361773	-0.004946078973275569
X950139	0.016273463424010023	-0.04847674936334319	-0.02873994864428863
X950141	0.0017047135055119293	-0.04617254428107708	-0.03148070529639222
X950142	-0.03292471200174991	0.03353281356001271	-0.014360546822296174
X950143	0.009689390522017062	-0.025055285927657725	0.004180261052792797
X950145	0.004170025657035303	-0.0004744572381239439	-0.0023994819570134288
X950146	1.1127545047036605e-05	-0.011255771114343071	0.008137429634927125
X950147	-0.02310602916984966	0.01973741625781964	0.017636867829828803
X950148	-0.037352901098125904	0.012905707056649823	-0.009178241495344597
X950149	0.004639749466641309	-0.021138478467684508	-0.022557942905547395
X950154	-0.005571154770533054	-0.006004604850350361	-0.008032724838024852
X950155	0.007056384908590518	-0.020455482138864025	0.009064604446299302
X950157	0.14803204170172288	0.09428967703058136	-0.009361496891332949
X950158	8.20383390094086e-05	-0.01122029113861828	-0.004074354812011047
X950162	-0.004616398754753291	-0.0018139159394895436	0.015118871372728163
X950164	-0.007920260574133624	-0.0048247981941134015	-0.013407733484715733
X950167	-0.021354604923286034	0.030998511386778463	-0.02071493498554029
X950169	-0.0047166888257880405	0.008276101867452295	-0.01720515161961574
X950173	0.1082545469202516	0.025360234941124302	-0.0009188775737100902
X950176	-0.003746221290028292	-0.0011394239405749837	-0.010014433769280502
X950179	-0.028565435291426237	0.03541520869181433	-0.03863945175376017
X950182	-0.0001082345377585342	-0.0027001443706761484	0.002570604914291285
X950183	0.006799045718642625	-0.04236512929989676	0.041643504092891075
X950186	0.007968491656004602	-0.03734451709927386	0.008151950749458623
X950187	-0.006784630163322561	-0.004656840145870946	0.0021200961091685255
X950189	-0.022099803008949197	-0.005533658956664022	-0.010486643723941726
X950190	0.05178699733999867	0.0571659938744416	0.03251260382547531
X950191	0.0024152767562796475	-0.01417220703233516	-0.006114567230987962
X950192	0.06995379222336683	0.036781607129560114	-0.012554215578754966
X950193	0.0892782724749375	0.07421541621574099	-0.02715574331471638
X950196	0.03726630929348349	-0.005590427735151631	0.0013325118136388973
X950198	-0.009940055591000588	0.006258863931512227	0.009628826592355803
X950200	-0.0008682051793793498	-0.018656185969960437	-0.024515965209359992
X950201	0.010028191959232349	-0.007468484198725636	-0.003167792797545306
X950202	0.0014008188935223285	-0.011847938709818923	-0.023282211108785405
X950209	-0.014000200697280666	0.004990355814114291	-0.007553156502530542
X950212	-0.006484956681185921	0.09110899170102536	0.011118414475925945
X950214	-0.002186384926792466	0.00505568107514704	0.003983939453951469
X950217	-0.011924109944198192	-0.00881860324773565	0.013129552684770323
X950218	-0.005382515592911336	-0.006881243269530176	0.003440469065549564
X950219	-0.008399763585717986	0.01225031643221393	-0.015709146594963846
X950220	-0.013332309575074596	0.01765665415970076	-0.014998868986273138
X950223	-0.007936893736502732	0.019436809603876386	-0.0016802495574140073
X950225	0.14825016533694646	0.08106143779928879	-0.023221423165390657
X950226	0.00033595902486396656	-0.011896151372424025	0.010926591028795937
X950228	0.12450231526543458	0.08429875775868811	-0.003998226914677221
X950231	0.0006788350545288114	-0.0234440796783074	-0.005682832840799185
X950233	0.0583410279736593	0.05953733766527829	0.011292631606098572
X950241	0.0010068837286572592	-0.007803451422699342	0.013062038667228857
X950242	0.0032650676380770022	0.012371964663596073	-0.005367790025859349
X950245	-0.025329124645087728	0.012949690913532626	-0.02458957878281278
X950247	-0.009827751831505326	0.016543493161056102	-0.01324534225817721
X950248	-0.011360914021647626	-0.001166072180695036	-0.000401778591791821
X950249	-0.0051051565506275995	0.001342885630199792	0.013018376482817989
X950250	0.008090680637105935	-0.03168140988644582	-0.045503770158344815
X950251	0.004934377483562173	-0.007161639914186797	-0.009053665002045939
X950252	0.01631862066708942	-0.019624213490790517	-0.011697129885287079
X950254	0.06922167481883645	0.02861663292981442	0.026807204525405665
X950256	-0.022035818335923094	0.0033294604440438002	0.005197635020513298
X950259	-0.006919229754353582	0.007222526545297804	0.00499093290220092
X950260	-0.006711901097589738	-0.014356654510771253	0.0134052022430199
X950262	0.014266580062402643	-0.07209087767911879	-0.04310864631260809
X950264	0.015478427344806985	-0.01826600050353309	-0.0006605966983518043
X950267	0.0037616812161240256	-0.01864370123037665	-0.0042455795213136825
X950268	-0.0019493903257181587	-0.025126589700378055	-0.0022158150034452245
X950270	0.01175329391467218	-0.024315901949193152	-0.009179251457596925
X950271	0.005892697160324616	-0.017368220341583755	0.0004996180599372721
X950274	0.004298273642849178	-0.019483607490738297	-0.019674632570561217
X950275	0.010584451988598436	-0.012239611821154791	-0.030697176834148836
X950279	0.0024090935940816916	0.016759966112825465	-0.021348388411858592
X950280	0.00705154837949198	-0.004129149003500191	-0.005025112689250815
X950281	0.015776468874085056	-0.01888781735116518	-0.011287206703475706
X950283	0.0027142576291214683	-0.02120176921501464	0.011537810141876501
X950285	-0.003660048636521422	-0.009983525656139575	-0.005821391756356766
X950287	0.0025684833869275008	0.00220736181008754	0.007892180620194747
X950288	0.0016394022761967602	-0.0036677567170977916	-0.01477539695052529
X950296	-0.01357382499614005	0.004168735863082314	-0.012038806145396106
X950297	-0.023020145766154344	0.011922316434976135	-0.024502660793424707
X950300	0.0009432968196402997	-0.035529518423688324	-0.007012366480412225
X950302	-0.03154185324950437	0.02225930707321874	-0.03231931596583624
X950304	-0.008116306127608176	0.002581150499369371	0.020039653745859313
X950305	-0.002559842472683007	-0.025151029982239167	0.01193496475295597
X950306	-0.002599071468846113	-0.015934403133813158	-0.00221464434920453
X950313	-0.011316763168685911	-0.008645991107335806	0.006070498376767128
X950314	0.007708822168990324	0.03736177832362026	-0.015981720402494702
X950316	0.00426908591890906	0.006569248539809545	0.007246090951645936
X950319	-0.006282895800293913	-0.008680126403143733	0.010589433950373464
X950321	0.014870613057922671	-0.020063943280389716	-0.008580122881748496
X950322	-0.03300308861991548	0.011448120053903568	0.004318279345274695
X950329	-0.008185312615482807	0.0023739628429323206	-0.018547557369245276
X950330	0.010083848167951926	-0.018453616779686096	-0.0028997842809238045
X950331	0.003883709501984388	-0.023450013110021352	-0.02096456067661222
X950333	0.015991842434996635	-0.017368926946282472	0.004595117876353485
X950340	-0.015470027797643508	-0.03802796745817914	-0.0016081054403208309
X950343	-0.004599419516250052	0.007908894018183104	-0.008531774856014666
X950345	-0.0018776259493949428	0.004220115449706208	-0.015537227962022365
X950348	-0.0013729011216310034	-0.011988221826023566	0.018149255108737886
X950353	0.009033271300282635	-0.016022012208819526	-0.013368755614545117
X950355	0.006009251545707787	-0.015495407861016523	-0.009843070850531054
X950356	0.03689420140713973	0.027074111061388708	0.02016289627804067
X950358	0.010093476015534899	0.05938126789462204	0.0020989720326180885
X950359	-0.00263501318196357	-0.02189952946993	-0.009506734426407695
X950360	0.0070578915351276975	-0.016747165920513167	-0.0005060996435201961
X950361	0.004648484668928377	-0.02077493519457795	0.0014802203959168932
X950375	-0.01739409689170677	0.028866396045888497	0.014566265803706981
X950383	0.0012075266002391347	-0.03292305489633979	-0.00803152267518397
X950389	0.003830643405776426	0.0018520305513852003	-0.008045362934700756
X950390	0.006570039990672941	-0.012883526848347954	-0.003025111880187057
X950391	-0.006445229566518183	-0.007290020626808762	-0.013702465337470637
X950392	-0.000793643004047959	-0.014431738490449297	0.00301409165226927
X950396	0.17037692151993483	0.11270236821624884	-0.03701329357503035
X950400	0.005508583396958117	-0.02379815887828544	0.008188802646497009
X950402	-0.008290885804933548	-0.002859286169671401	-0.018444083453460627
X950406	-0.02201130895959997	-0.01761579171003383	0.17923468319200817
X950409	-0.00947947463849202	-0.00690869604125522	0.007492587154626542
X950410	-0.009617625364094195	0.009434122059133129	0.006477214049938672
X950415	0.034932091807310765	0.030294578314149882	-0.026832467445367995
X950417	-0.007145894353911046	-0.00533939610678465	0.0056820255465173325
X950422	0.0014863344621070212	0.02416781258243346	0.004379502862664324
X950425	-0.009790126355410326	-0.021634664276681266	0.024459169530248716
X950428	-0.051943392343847226	0.05952105685526529	0.02810884967689969
X950430	0.018305999772878338	-0.019404572091179247	0.0047373188914392825
X950432	-0.007278153693017417	-0.005430231254380374	-0.019287377233197414
X950434	0.006459139465724601	-0.004845198392378421	-0.002977990578954467
X950439	-0.009545830771907128	-0.004166952265157876	-0.010888511460777996
X950449	-0.024678862359019824	0.008930044882491115	0.0020408602816664226
X950466	0.0052182768273234675	-0.01256899879133781	-0.0040861480997164785
X950474	-0.004193073470739006	0.02145123684473875	-0.00634902256648922
X950477	0.013524044098578221	-0.01754136741006912	0.018575804388873473
X950478	-0.00706470667096238	-0.00025450423541145207	0.002566203596021013
X950483	-0.008559181464540289	0.018548618905478816	-0.00042071240150756115
X950484	0.013468687751103117	-0.012453604238923735	-0.010611176339561417
X950485	0.10315280714632066	0.034280004761226696	0.0061992572394723435
X950490	0.01177451101968988	-0.018630301450159488	-0.0016127710591331396
X950491	0.00926750740553573	-0.018639202213609336	0.00021960734976558916
X950503	-0.006301830203414461	-0.01463250613009283	0.005430071417438986
X950504	0.0010570351768318701	-0.015269806931263515	0.0010833949982164282
X950509	-0.003461174786599124	-0.009845666842049175	0.0066638275608075
X950512	0.003082998996032503	-0.010959500905736635	-0.004247867166311266
X950513	-0.004858906996480153	0.0008258843649385541	0.0037066687225671604
X950516	-0.0035823913052543924	0.0015818942835374402	-0.010791234679262967
X950517	-0.006857029968852608	0.0017059909480547255	0.0067664469753781105
X950521	0.023399017747487337	-0.00928863937672811	-0.013579898784408661
X950525	-0.0015885745896358756	-0.012665718566807267	-0.006295356442191388
X950528	0.009558360836399523	-0.02001748334860827	-0.0014367073928486468
X950535	0.003081841624274604	-0.006391691881606886	-0.013171666934898922
X950536	-0.009809126390882128	-0.012931425756736788	0.00743605211454104
X950545	0.00042362111614099347	-0.009907618719705864	-0.0029517749242190592
X950548	0.02088118478851438	-0.03873001575629283	-0.010640705195907936
X950550	-0.0019416414856643666	-0.003557058935535472	0.011702947452087869
X950554	-0.01585046318557869	0.065087153930326	0.0008561116701954352
X950557	0.010109318275438995	-0.02745845011624336	-0.002465197913867468
X950559	0.0013353789748360516	-0.010642427506730305	-0.009394712863275
X950563	0.013880304025898517	-0.010150687711078537	-0.007324345925606586
X950564	0.015188603184984589	-0.014100775817690321	0.0032592060753138404
X950570	0.010827161645475447	-0.016469536399582183	-0.0010442779901937939
X950571	0.011425284458799551	0.021738268711124147	-0.05056807145530464
X950572	0.0017378524771917822	-0.015912797294323475	-0.008974353550923606
X950577	-0.010832463958721481	0.008119768709892432	0.0062668516384065745
X950579	0.04242071619611942	0.025621577399396748	-0.0018419362149757522
X950584	0.03668619455922058	-0.0006233010495345124	0.052326487217032674
X950592	0.007652538396256228	-0.01427043231130835	0.0007428309008476607
X950593	-0.004488052077409016	-0.007790745026207801	-0.003117062108755212
X950594	0.008622824408071682	-0.037011656542572595	0.01804935881588611
X950598	0.005137799655210767	-0.018659929634846147	0.0035022973086947557
X950602	-0.010544605929271702	0.0012418548958000055	0.006270110674984911
X950606	-0.03032642743677598	0.02967871256104844	0.0038650943590287463
X950607	0.030233313606174424	1.565958071711027e-05	-0.00795597162676885
X950611	0.001188792336497968	-0.03169449390562014	0.0021858582709523384
X950613	-0.002059077090537105	-0.02242390681189389	0.00804572805170916
X950618	0.0050681591719740375	-0.022481834302887044	-0.023276388534340244
X950632	-0.012714425269194207	-0.0007403143256076511	-0.0015338595594255283
X950633	-0.02411227629171892	0.02673777526609871	0.03268659136493133
X950637	0.007684014560794187	-0.024526481316368864	-0.0019802447606926082
X950638	0.003941882715992615	-0.022387572809001617	0.015361623784016445
X950641	-0.012230244441996514	-0.01649369381255648	0.013411369808670477
X950642	-0.011472608998059818	-0.0009689769597854784	0.003769017890016815
X950645	0.011241050996477429	-0.012025490456964327	-0.005366561267264396
X950649	-0.006579530083667509	-0.011089594230353855	-0.01716813196806785
X950653	-0.010821997939373213	-0.019992396225651524	0.01632837156299241
X950655	0.005433586613734174	-0.005842098781422397	-0.010023703809973123
X950657	0.04385307285856727	0.019753686475544072	0.0011878524215589968
X950661	-0.012633594290107478	0.03806153325688561	0.034700211661078596
X950662	-0.01342887457311196	0.09086794636247354	0.021897358538578778
X950665	0.0014591273397231302	0.004495694908827491	-0.003885300821440581
X950668	-0.007628207683836419	0.013800745053137815	0.012638587198666753
X950675	-0.002639721820533682	0.0012928903614896532	-0.0009455339986510097
X950677	0.0006487147537238234	-0.00806772601133631	-0.007122666148745136
X950680	0.011975319870780658	-0.019181798229062165	-0.023092536926071505
X950687	0.0032887351344475283	0.01093124601454919	-0.019299037170731583
X950693	0.01036782931728326	-0.012613693338872082	-0.0029278924207597197
X950695	-0.001085611154313587	-0.0040381283547637386	-0.010420194524246338
X950696	-0.0056057929314750335	-0.01226763902707536	-0.004385360861158451
X950705	-0.0024038138115890094	0.00125271515760048	0.006409291227463227
X950714	-0.017182894016032024	0.028810441614250688	0.0011532524352501898
X950726	0.03694542121277898	-0.046023690897231455	0.007755854155766103
X950728	-0.011891205749611503	0.027902344954225757	0.022774811123986844
X950732	-0.008687503776195867	-0.005951407503582018	0.011285112333168888
X950736	0.008105306169694567	-0.003048237987720904	-0.012706149982906725
X950746	0.0002874398124822899	0.002232474784495347	-0.003870376430818889
X950747	0.010069587291592961	-0.019887818236927594	0.0029295163639411013
X950752	0.014088949287779939	-0.01664505791932127	-0.01663585329103639
X950757	-0.005289580863860309	-0.008812149546376068	-0.004200269851600274
X950758	0.011028916013521477	0.0015288753399289904	-0.005587827793670429
X950759	-0.006702281557154145	-0.0064198738614047	0.01630356374375806
X950766	0.0010809288484716342	-0.010221098973424823	-0.004070758790581971
X950769	-0.02932352935240741	-0.009481945701296337	-0.03408492804929658
X950782	-0.014660714586493984	0.013354021994504181	-0.0006175824058850183
X950784	0.007941146537924429	-0.018947960604038395	-0.0011222946601977845
X950789	-0.017548827065656535	-0.0029552936392263436	0.001204597368550383
X950796	0.0172022874553874	-0.03386774766942715	0.007828619029151426
X950798	0.0036290693146136736	-0.028898119814465457	0.011345095629701768
X950799	0.0187163856946941	-0.02495532489116207	-0.02092552294932121
X950803	0.00517633179356981	-0.036740162091977974	0.004391322001234102
X950804	-0.0032806557863766005	-0.015276230643008626	0.010406103020329025
X950809	0.008832871752901553	-0.022659472282904557	0.003754364427933537
X950810	-0.010962223954440754	-0.007554633816448718	0.01549311336455697
X950813	0.006730005959077273	-0.022270041825408458	0.016741786739336052
X950816	0.0069187221103246535	-0.011095375668723716	-0.015065156123878334
X950827	0.032989310734876036	0.012056288026918948	0.002546243254319766
X950838	0.012145364110695273	-0.029327682330850945	0.010049111685863652
X950841	0.01684840542016504	-0.025084415345157506	0.005161839354913762
X950845	-0.006364771134378276	-0.031401695595155044	0.05506425894683947
X950846	-0.013992181493149184	0.012225693844302209	0.003278927245140966
X950851	0.028254281298369727	-0.020798693643546202	-0.014542697195245483
X950859	0.014536404321763851	0.01247132461587743	-0.0012688535685831254
X950860	0.03626685875406845	0.057239441098184275	-0.025116029679689143
X950869	0.008062705161585602	0.010666290697523987	-0.010251940397516627
X950873	-0.004734130402449608	0.02492234626370935	0.02245731039914782
X950900	0.022064874671433702	0.028358020301870502	-0.010266236228490983
X950904	-0.006479419410549226	-0.008498676463838934	0.01564931842541601
X950906	-0.014671701747611095	0.006850866695436336	-0.0061852206989475795
X950911	-0.0006306322245440961	-0.02019796755882043	0.008341651439920236
X950914	-0.00044694815183008585	-0.014833443231054544	-0.030161046990870726
X950921	-0.011227119902557123	0.01465617552565037	0.023199162964380817
X950925	0.005744844963026664	-0.04435589135293149	-0.007405437367795315
X950926	0.01086103482179872	-0.0009094071053943218	-0.025106602836381664
X950929	-0.015782595936814574	0.01292890094722727	-0.009567142083943742
X950963	-0.005986962158188605	-0.0026618071003643036	0.014664497220715928
X950966	0.0018450910981209893	-0.010676710715949103	0.016515448099939357
X950968	0.01293182205135909	-0.055789160043100736	0.0073480501500476705
X950987	-0.001340487743271584	0.00036852834423526314	-0.004683327296942365
X950995	-0.021952929902557355	-0.003953256578315748	-0.016683403716474074
X950996	-0.01813539963234853	0.00968198385161126	-0.0010780813697294838
X950999	0.0812693700311852	0.04262455897475216	-0.00200033041157643
X951002	-0.00942245221755213	0.015685487213521622	-0.01340677292972438
X951018	0.0032232055955163158	0.0034028434473042353	0.009312287646211597
X951019	0.004265396251235466	-0.013424379735014586	0.03134267239150157
X951027	0.01644461957256394	-0.025896565987995182	0.019312326065435727
X951030	-0.0017279675420228242	-0.013143407394963036	-0.01698698893664422
X951041	-0.007533200374338162	0.0038541368198268693	0.017753507156002792
X951051	-0.02249641506691597	0.024974378719622173	0.001948007729386724
X951054	-0.009188896096668269	-0.0019425193325979804	-0.00828542139722944
X951055	0.003349131594086856	-0.012847455844866925	-0.006167601847083039
X951067	-0.00024939652061938005	-0.012662325036794047	-0.0011051634485810709
X951071	-0.001707279362574304	-0.017469058175171102	0.010637349982428334
X951083	-0.023934202256451664	0.029460895910227086	-0.006683131626360992
X951085	-0.006440368126721308	-0.005654331112803876	-0.006488925862197835
X951115	0.00991345988802143	-0.01439314095322124	-0.007600426054170425
X951141	-0.014287168791302618	0.025952166453382088	0.005707919479364845
X951144	-0.0036602050189926795	0.017223455280823842	-0.024126314227944704
X951150	-0.011385502420152108	0.008131768029627652	0.014947124613941657
X951151	-0.007041418826268715	0.010575871325180602	-0.010575028987665398
X951154	-0.01602560302767103	-0.00596263845928478	0.021199713602446334
X951156	0.0007088813861108951	-0.01912236882901855	-0.0006734536327800298
X951162	0.005056394520500875	0.024524955741980436	0.009106330891452796
X951171	0.0006200154043885852	0.017582731786746405	0.02008809605624127
X951174	-0.014695588289786291	0.01253927624625043	-0.004583563410710699
X951242	0.005550170275382222	-0.018829474036538105	0.002540489044155765
X951273	-0.004983280893525904	0.0003236613478545847	0.015670143490657637
X951284	0.0037842338905526543	-0.022005693507505347	-0.002806280265802629
X951317	0.008453418007631424	-0.02805122098674779	0.017578969938686222
X951318	0.014059999074026145	-0.015929821362706847	0.0027993948396764865
X951322	0.00671775919010005	-0.020397135232656804	-0.027241955929197297
X951337	0.010620252443056359	-0.013972855726261928	-0.013307290643134833
X951365	-0.008463829491261681	-0.03810505103704949	-0.01835596884861439
X951409	0.03061276618758883	0.046499724259011804	-0.030139675510253375
X951429	0.00198471615091543	-0.026406602103682245	-0.013171164303454755
X951457	0.036114777002081634	0.028780574039655317	0.0011378622095188486
X960001	-0.04460267754616254	0.04053492809901303	-0.03513103636610052
X960003	-0.004008943474773008	0.009134709055824792	0.02900725684319951
X960004	0.003185307386335492	0.006528660058066864	-0.03306985499010861
X960005	-0.011690287996168877	-0.012596929416670353	0.01331540813772696
X960009	-0.026807447423359304	0.0005864665939803916	0.03251833187032965
X960012	0.013725776416202533	-0.0064992255829959345	-0.009707665294019818
X960016	0.007449593578854136	0.023331358702409977	-0.000724773737828455
X960018	0.016267295445751367	-0.03592713666712425	0.007637329416495741
X960019	-0.05635848796278404	-0.0013703368246362076	-0.10014483356756253
X960020	-0.0015963250494676038	0.018183279070090676	0.007548576233887891
X960021	-0.015375316365548185	-0.01127677502445369	0.013028531514872441
X960022	-0.004828502223152514	-0.011722614429230054	0.00721814573485471
X960023	0.026321580164294207	-0.04448112220087449	-0.02932680900207835
X960025	0.008452458544058981	-0.010218947803397238	-0.0041344943881652385
X960026	-0.0007855236403381876	-0.005130572446892807	-0.0252490235067302
X960027	0.01270425499513094	-0.023059872091456397	-0.011447213601617073
X960028	-0.011808471709206576	-0.045066201177398825	-0.03879293585950122
X960029	0.005174005442236635	0.0063166204886356755	0.00678314794479695
X960030	-0.023899438351040123	0.00868010632173679	0.020429302909727633
X960033	-0.036389307836094835	0.0405791360690362	-0.032467560672642254
X960035	0.0957864468402847	0.06368392456821573	0.004899470490595987
X960037	0.03872446719495344	-0.026496057981187836	0.006737934563425079
X960039	-0.002752211716713423	-0.013645552356023194	0.014134223521715878
X960040	0.018952205713952303	0.024582321492244385	0.005202426470196677
X960044	-0.005491132999562762	0.023508905618305775	-0.014621385446337714
X960046	0.024812523547748457	0.035765512828520696	-0.07935072463813234
X960048	0.018471254601531772	0.020409995339783358	0.04983762146464023
X960049	-0.003801033352017319	0.02010030001295444	0.005015464539954361
X960050	-0.011755967704566994	0.008824648034280128	0.0011994172858465092
X960051	-0.008920614744592667	-0.022275569890211212	0.008106725490073076
X960055	-0.01953341274651979	0.009832555186597215	-0.021100124351519253
X960058	0.00799546384400693	-0.01184671303369511	-0.012958197043701226
X960059	-0.01582457379183646	0.014143937063440871	-0.023832058065573362
X960061	-0.038245597952296616	0.033862922345231423	-0.006147922751072074
X960064	0.002368459703244675	-0.020905961760634452	-0.0008781095876638677
X960069	0.007734070877497316	-0.016826472994761872	0.01758500446936345
X960070	-0.002448312864489292	-0.0017348277628717469	-0.0026530314515263676
X960071	-0.009982797454836797	0.009801288004725258	-0.005321079469003834
X960072	-0.036998982543225284	0.018464964643854397	0.0014497274166471756
X960073	0.01441670331293479	-0.018398215028599913	0.006836451336438888
X960074	-0.015801445721750844	0.02539203100449003	-0.018193620417749634
X960083	-0.005097295723919739	-0.0007074100489365087	-0.005251382490956208
X960086	0.030322072840794034	0.036195112259345394	-0.09847753928408162
X960090	-0.025376251277087154	0.011705442026145348	0.01175072491396034
X960091	0.0007574295700164614	-0.037230242202545095	0.008613227532798449
X960092	-0.031806662200129135	0.01424271960995488	-0.01214800211905244
X960093	-0.0008721444691630784	-0.0007889415593842309	0.019414850843487777
X960096	-0.003763421870290155	0.0023333001032081534	-0.026140224826692215
X960097	0.0023177264597346553	-0.00554575470674883	-0.006877549701196593
X960098	-0.00556975464003132	0.002387625012843465	-0.0050889321762178415
X960099	0.00045241963629528113	-0.01936652373943047	0.018024252213808715
X960102	-0.019917284756958087	0.0007708862903493192	0.014616648591358009
X960104	-0.01715097791223338	-0.00833582809818702	0.015501064366814324
X960106	0.0036624148600900444	-0.009663100113508313	-0.007143097038339255
X960108	-0.008070608855570397	0.008087149736168758	0.012102958065770317
X960112	-0.026504662801007738	-0.03000577301305102	-0.054333355413914514
X960113	-0.02089710695057876	0.017638122729992368	-0.0059885713471495095
X960114	0.011982296308449726	-0.009211653838043864	-0.015207944847430556
X960115	0.005387080175420839	-0.0033366590166337435	-0.02486174708485197
X960118	0.005072090227159123	0.020989127946517805	-0.01450660273565687
X960120	-0.004780165651492297	0.0025373423565019987	0.0009440421259205308
X960122	-0.051589291168793794	0.016588885249413664	0.009217065345132216
X960125	-0.024293704487806086	0.0301896478637321	-0.017277743855733205
X960126	0.008511061061138985	0.03198416787797755	0.010410585765408091
X960129	0.01373663516931594	0.07168810864886188	-0.01907466826271983
X960130	0.005613373451324637	-0.012937312331242541	0.017271394237078852
X960131	-0.009983217790630623	0.031404788137874985	-0.009927510216943396
X960136	-0.01352352575634094	-0.016396955858076392	0.00367640404182688
X960137	-0.0024988365036545447	-0.015898773411634776	0.00949419670590697
X960140	-0.017429402582959604	-0.004195215501433528	-0.005227465673400144
X960146	-0.07242529417272076	-0.005252310438338071	0.059474439855373804
X960148	0.003938350700400288	0.001514168596777195	-0.02142282955799041
X960149	-0.020229670186840985	0.01382401119309364	0.002964770432949789
X960152	0.014414939467371692	-0.016218449637929455	0.00938383259481331
X960153	-0.008839300523536566	0.051349723790278454	0.0293720355976528
X960154	0.015609738445923314	0.037624831434684376	0.0002561306788033715
X960158	-0.05754165105231151	0.013979985589427204	0.020834503366615874
X960160	0.0036678380949745036	0.012184485763937568	-0.012393614204085069
X960162	-0.004552982609737277	-0.004656038311982742	0.006733324473762626
X960164	-0.007127775609551831	0.004103722593792231	0.005748636950834536
X960165	0.009471803530688256	-0.04455702076982086	-0.0470666685737699
X960169	-0.004596885033480692	-0.011197527824465701	0.009623644965776732
X960171	-0.037866859087111196	0.007920824686785479	0.012002661089813257
X960174	0.007906845609009993	0.022338709216894095	0.01704461789324081
X960175	0.002590162276816755	-0.0019620521903520034	0.0006600633432816571
X960176	0.02717995482780457	-0.0004494944566539537	-0.01657603371649368
X960177	0.018308373922404066	-0.07207065382233063	-0.0379568366041228
X960178	0.009012067306847763	-0.01975440518580329	0.010092252960665253
X960179	-0.0030965030847572993	0.0032744845516434295	0.002465594127678332
X960180	-0.0036518472294401845	-0.028200539082690552	0.04465695418441677
X960181	-0.013697023083418351	-0.003873852059232677	0.01143543369823738
X960183	0.024733714031336923	-0.04539143538497703	-0.013055450201794062
X960184	-0.013420592852906563	-0.01779838825119331	0.018035560546798102
X960187	-0.02335152431019407	0.06197392258043205	-0.003721776602234429
X960189	-0.01712109916912656	-0.030908342147132506	0.1008863729491489
X960193	0.004421631348845794	0.037988057761592614	0.014956193206235677
X960194	-0.02690955493883352	-0.04818350106631534	-0.054841914215907644
X960197	0.005568770798962255	0.005752935387522941	-0.011016104857028084
X960199	0.0033464840710067762	-0.0034941052194650923	0.006556541998769211
X960203	0.01301914097075076	-0.016379344956730064	-0.0002304599164436854
X960206	-0.036242875148250114	-0.005315388628935748	-0.05059286969518425
X960208	-0.017346115318259712	-0.05730896443477708	0.1180684423192557
X960212	-0.0020120880647740854	0.01414718166337292	-0.009643090561738931
X960214	-0.01861587251787105	0.004830345005716192	0.0452585996971093
X960216	0.004412862041184965	0.013614303914503283	-0.021631289032429658
X960219	-0.028385607696788096	0.06810163610415025	-0.026383730907382587
X960220	-0.00035241526970424355	-0.03440504996041505	-0.025162948127901468
X960221	-0.010313417496489756	0.030036747775979897	-0.024413707104150698
X960222	-0.018270921136078318	0.014673898944618029	-0.04325226540965594
X960224	-0.01067207912523281	-0.005136301539995099	0.0029267744064898275
X960226	-0.0014541890561043723	0.07724172191017246	0.11980317012575935
X960229	-0.020829175652803518	0.003209380525527871	0.0069299426291979825
X960231	-0.014987650916112562	0.046208064907211334	-0.01602825360224707
X960235	0.029561830762067365	-0.010910268648943903	0.024243015641748345
X960238	0.019583766230535204	-0.01382140034323569	-0.034681861070627464
X960239	-0.04166837835225883	0.023002008524152778	-0.033190000282637154
X960241	-0.012850149057072524	-0.009484410686666262	0.016693713591273862
X960242	0.17326528913149686	0.07895579971338311	-0.036549874315274095
X960244	-0.014052445474243164	0.012632148020458946	-0.020248533478858615
X960245	0.021389298505508754	0.028850937718596106	0.007904416435801833
X960249	-0.0032937027144158033	-0.022605091210648742	0.028837458740426914
X960250	-0.0071758204752446425	0.004038263802654356	0.00762656351722293
X960252	0.0022905171597669186	0.012204437278073578	-0.014144627131462193
X960254	0.0008603509001579801	0.0032429800469589614	-0.025759342437328227
X960255	-0.0020105388803944107	-0.008749851694116769	0.014114842568853144
X960263	-0.002681671483070353	0.009834437145966586	-0.006218083909597654
X960264	-0.008848620886223294	0.004061320798262279	-0.0015925129586035313
X960266	-0.005875320170497737	0.021742176318878075	-0.00745712786213095
X960267	0.004815713115904172	0.0010790237465801691	-0.007027897027512256
X960268	0.01510987335713452	0.042349511190913285	0.006069511083549246
X960274	-0.02277799658114733	0.0037465143217525958	0.012805725753969573
X960276	-0.0018171616438522904	-0.02984079530644613	0.02719933680133944
X960277	-0.009342069802577067	-0.02299138823402274	-0.024204127584144242
X960279	-0.012428803925908444	0.01666346756195242	0.026174511847266664
X960288	-0.007448829511455266	-0.008832128743744193	-0.009822318300741938
X960290	-0.0187725157885857	-0.023627385086439343	-0.0006737467563557413
X960297	0.0007509520171081762	-0.013277129103769922	0.009380015456018428
X960302	0.022887964160410636	-0.06533633500725386	-0.002694198413550365
X960303	-0.002088852372633711	-0.0062410624437292785	0.014448003795155028
X960304	0.04806598660863414	-0.03963867300627313	-0.013351541740457962
X960306	0.018149565649703166	0.011099558544683077	0.023837967696128046
X960309	0.014188464635010027	0.04535150990135644	0.02908898202120742
X960312	-0.027741530934591863	0.038682096101163785	-0.015789614694343652
X960315	-0.01073128465527031	0.0006221059691985283	0.01018675814724044
X960318	-0.0038401037710528558	0.010260968128426891	-0.017014074272871143
X960319	-0.021379251146508522	-0.01339510817869577	0.03445388271057697
X960322	0.010213169061834854	-0.01886981615829017	-0.014281543461407175
X960327	0.011761022814987716	-0.010372440634879668	-0.011763709635411903
X960331	-0.011224010104083774	0.02158509004164619	0.01588483458226179
X960336	0.011829217563969792	0.03221725742699829	0.007301195209238884
X960338	-0.022110857421023904	0.05667975775282271	0.005069931058995104
X960339	-0.0006074817877396884	0.006000021193999191	-0.004226219648703377
X960341	-0.009736472876314722	0.023138071800086882	0.02520314855576809
X960342	0.014810489530111463	0.012421319080843781	-0.0009933442300240284
X960344	0.01757618179764776	0.0063060619841268425	-0.010283781823954345
X960347	-0.003164619150717394	-0.002009675943317004	-0.004554595986607368
X960348	-0.008363384369579249	-0.012224880336447126	0.007981858802078249
X960350	0.001227690083718498	-0.008059894784996467	0.014469220386775498
X960351	-0.008316052655025127	-0.014895482518142355	0.007823006016874995
X960352	0.034324886222796745	0.0035682749380783157	0.008387437828611339
X960353	-0.04442176014964932	0.030403338320455987	-0.027775101689526994
X960354	0.005500044183462721	-0.010524784450049162	0.011455539893116639
X960357	0.023181171145314827	-0.044907414169643244	-0.019719343449625212
X960360	0.055666994778290575	0.08329757716135709	-0.032418862511317245
X960362	-0.01809651842659439	0.003230033708136866	0.013459456532450849
X960363	-0.018044776082734696	0.01012497710998071	-0.04847636340498201
X960365	0.01413129241681135	-0.022239990759341074	-0.025354966835732372
X960368	-0.007721946515072307	-0.014786018167624074	-0.0020168552487943715
X960372	-0.01272751337619767	-0.016298641022641867	-0.021112560647421615
X960373	-0.013305582845756595	0.0005040884213315473	-0.0024710303183783046
X960374	0.020251219384116455	0.08390850040293897	-0.03479451696822506
X960376	0.07367669910900908	-0.018898972916644826	-0.0035891167584001797
X960377	-0.008685528023900943	0.0272030906436112	-0.034913613990297306
X960379	0.0024364700051016045	0.004614861148460283	0.010850950101045484
X960381	-0.030739402034271623	0.04019731293504156	0.011537661232247089
X960383	-0.01223290576372806	-0.009611773954458697	-0.01683303265060166
X960385	-0.02428140959038078	0.05334581962266065	-0.026134335173704573
X960386	-0.030247356246438015	-0.02900284580126907	-0.07499687118950896
X960387	0.004828818374451704	0.007344800103306301	-0.014404538788936752
X960390	0.014947979857232471	-0.0226438910206102	0.0003824798362464201
X960394	0.04227481571045846	-0.04184588194011995	0.026502635889618792
X960398	-0.03057948526901047	0.02232295674837001	0.009173566882749104
X960401	-0.04451497130969784	0.012151206027371898	-0.008834841131297162
X960403	0.016704976407977277	-0.01954525410132208	-0.0033735840393966563
X960404	-0.0021860141633346457	0.00046699165128403917	0.004424795561850295
X960408	0.03807441985476193	-0.08622016624913224	0.00582715185745486
X960410	-0.022758048300684976	0.00789021024773471	0.01814055446392111
X960411	0.02708401393473526	-0.04702433640377874	-0.008184741234287798
X960412	-0.02934451282674892	0.009984602240908667	-0.0027230367543325212
X960414	-0.007710483928531921	0.03549607669358599	0.010261469822051245
X960419	-0.0037369189963942884	0.012584496530644886	-0.012822532186723438
X960421	0.09871080103367216	-0.01749153650356998	-0.003868857062519725
X960423	-0.00784501590751987	-0.02138585854208641	0.027585116153641658
X960425	-0.012399624592284523	-0.013755664277450591	-0.019275708906153814
X960426	-0.0012752470058718793	-0.010110158521595561	0.0071193962729034456
X960427	0.017049948965609914	0.029163305644360486	0.0095661474615032
X960428	-0.0053290343276623684	-0.008073293702421177	0.029685908750000337
X960430	-0.011251347135589044	0.006481221585726917	0.0014587939575708888
X960431	-0.015571236993791131	0.03862878024890626	0.0013125442348849092
X960434	-0.011383050067382277	-0.011106164205269222	0.03297989520180684
X960435	0.031720111798844555	0.06972809391030085	-0.011468950823101483
X960439	-0.010763230131653754	0.009739566152325494	0.012864901707822791
X960443	-0.022581176562325198	-0.045491670197510485	-0.07418638446608716
X960445	-0.00036195642178851034	-0.00895198413886935	0.005952931745329002
X960446	0.005841088395842985	-0.009338745817258682	0.00686012549673202
X960447	0.011866377731692787	0.007022577001482841	0.0035005732239879943
X960452	0.019814238757665217	-0.018245304446219194	0.007967752611880667
X960463	-0.006452881895252084	0.0442067928637326	-0.05347124152782927
X960465	0.09738196928444474	-0.013471162552207408	0.045997763330793855
X960478	-0.0010072417718675472	0.00973592556417062	-0.011097298548589986
X960480	0.004529640079586692	-0.024873534124144267	0.01119794677076206
X960481	-0.022713855860728663	-0.009415559862560038	-0.0033259185147525828
X960483	-0.03252482975376718	-0.00711930396245864	0.031174680541734133
X960485	-0.0032706046838160505	-0.09680545356247632	0.13457845605937294
X960490	0.01307861806809004	-0.019992760196183217	0.002031923842573417
X960493	-0.01853315403352748	0.021772174616098792	-0.05003566762099535
X960494	0.03315004276913422	0.009952113826928684	0.08495883369972114
X960496	-0.004548314109009796	-0.0073895019815461704	0.011249568403064025
X960501	0.009836408688071037	-0.017832782369974938	-0.020494280359324782
X960513	-0.012820102987147442	-0.007256133329053087	-3.8725310191456017e-05
X960516	-0.014980583024243826	0.021684917643292504	-0.009530990204426076
X960529	-0.01313980363236808	-0.010111255324038834	0.01437333582380154
X960538	0.005847454720670567	-0.05373537684071132	0.0004530916204379777
X960542	0.10225640564583598	-0.0909965103114916	0.02248013965569248
X960544	-0.07444855380901322	0.04102358078601991	-0.05716395615277763
X960550	0.007081391570181173	0.02218362547514697	-0.0006392656116867129
X960551	-0.014983492805367864	0.0055748485122991435	0.0041927532915337126
X960553	-0.005644114046441712	-0.020719107292277997	0.01590493293516376
X960557	-0.028260968720385794	0.05334224866791246	-0.012127665727265325
X960575	-0.007414307628413023	0.050650176053649104	-0.14491170319800656
X960577	-0.0015615673357961283	-0.00013150781102873918	0.0020506145229507774
X960589	0.0031988095799038944	0.027081477304340736	-0.006962209838174098
X960591	-0.060510822103022985	0.01781293863855866	-0.0756631190917917
X960592	-0.08888742280743407	0.009444594794839762	-0.14946430158328927
X960596	-0.02615786267868144	0.0370923377138865	0.0016168349853518788
X960611	-0.004824176962537747	-0.014514146589228937	0.009785855919866684
X960612	0.04074624962390329	0.01750452301686514	-0.01285700441036897
X960616	-0.00020540532541554437	-0.00775338210657862	0.01995383809533497
X960632	-0.006862091105008938	-0.013307822913023314	0.006291943168279673
X960635	-0.006659112985406214	0.006363230876395748	0.00025265781521831954
X960636	0.00033877451163647875	-0.005075730861132324	0.0033472780816226396
X960639	-0.019421100828840864	-0.012010850881393064	-0.027924727701269397
X960643	0.0003334267832301165	-0.009929710335479002	0.00901459757594692
X960651	-0.019021794716839582	0.011159628215711023	-0.009229996128651687
X960658	-0.016198258080888286	-0.023418454216144042	-0.03675235549462897
X960659	0.011898871294144485	0.005946485524816754	0.0051745927678191125
X960666	-0.011573934756587124	-0.00536599213153284	0.052932342755141214
X960667	-0.005167317211980397	-0.012148089422944748	-0.003336575856796584
X960672	0.00041584844545634994	0.024844089728352895	0.0046184900387070404
X960673	-0.02532526072194521	-0.0552981281963972	-0.056223504926445005
X960683	-0.03973089076971032	0.023142842245339152	0.012548871162775341
X960684	-0.007613943671519701	-0.011396266996898764	0.012045178452558399
X960692	0.020785976757268797	0.03131086982404091	0.03025156673387156
X960693	-0.007569213269156251	0.02262078837343986	-0.009834808654102242
X960712	0.024775771360558627	0.06938537394144424	0.09435853665492756
X960719	-0.005356814048899437	-0.018116268217636986	0.030645488795779528
X960720	0.0018943568850744734	-0.002078784710608936	-0.007214929545782249
X960726	0.11660883593433867	0.01892962741251552	0.06394380678849577
X960743	-0.006094877026679429	0.005381760546946006	-0.05798428145232039
X960748	0.0006125408197401944	0.024496768016717907	0.03220876946906171
X960751	-0.022416807211102358	0.027566199686960485	0.06515260061065645
X960760	-0.027610027784504935	0.01910790105928478	-0.01866365684822806
X960764	-0.02523096187929955	0.09752519354924712	0.07126918262616684
X960788	-0.017877899255933874	0.008949281680604838	-0.055859773425374674
X960792	0.024510563579353717	-0.040255261687941205	-0.007059859820966586
X960793	-0.11601135721681179	-0.0015016558869473168	-0.09421141122906827
X960795	-0.01131362214592858	-0.019991814484525788	0.033237604711987334
X960796	0.002674500331503046	-0.0019008310316441642	0.01553147807588946
X960803	-0.0036852216566317024	-0.008221152914994968	-0.01575833415033378
X960807	-0.002121401039989915	0.0319094024451882	-0.02600694205977452
X960837	-0.017325998449199513	0.008340367511942852	0.0012599437708655972
X960841	-0.005004435750562639	-0.02732311321507272	-0.04990802215856217
X960843	-0.0035023936838647685	0.007913891870438453	0.010920484900394309
X960848	-0.006176636956103412	-0.008836810556267128	-0.008397155534166364
X960850	-0.004972262677390925	0.018121990087518663	-0.09632880407244646
X960851	0.006214928291813829	0.012777206330232105	0.01736996081516257
X960857	-0.029864703748264346	0.015886739246428753	0.005514893970759318
X960865	0.008683015950988403	-0.06215912538602809	-0.03726383710565271
X960870	0.005313123612377372	-0.030068024567990976	0.0060243774158688194
X960875	0.004522304696808492	-0.02567517505512298	-0.029077928411638764
X960883	0.021055987604920987	-0.054597290190865275	0.018651079520538977
X960884	-0.008722285730830805	0.030310597280704888	-0.0018085971594583195
X960892	-0.008065117404080278	0.049264298479227434	0.004594661044528618
X960894	-0.00256386899339253	-0.028687031343372776	0.014849325851546063
X960910	-0.027378608213299165	0.014695325377633597	0.004597440361079884
X960911	-0.01669018719774126	-0.006847931794172676	0.021570841528831965
X960920	0.02740464033099587	0.0048475129688202775	0.00968286990126193
X960934	0.05486818042084236	0.03575829901594858	0.09862823626711226
X960939	0.008640857498389897	-0.010681050334948133	-0.002649996968676846
X960943	-0.02733212423583204	0.010115023477064628	-0.028997832533703815
X960944	-0.07213131861003425	0.02082504486442161	-0.08248123033032527
X960969	0.019748867008702115	0.050477401567304535	-0.0049233370812746076
X960972	0.02609185099842212	-0.0427709750462179	-0.020425733551411723
X960974	-0.0020051083337936978	0.009548740331525316	-0.00036213582988344514
X960981	0.034065757470711874	0.019083705403187105	0.007921139326076215
X960991	-0.030443505230501485	0.005855991122307042	0.05115852624082484
X960998	-0.01010727531763107	-0.002821489559814843	-0.01285140922396168
X961012	-0.004917065051962247	-0.004732280633194037	-0.04303790465427301
X961035	0.041956709130281475	-0.0710886830659946	-0.08296753381099244
X961077	-0.0092674633849841	-0.0055535185383002	0.030838719788652002
X961092	0.057134232732152054	-0.006391397792487591	-0.015739278720434173
X961096	0.01142968065830799	0.02224396942112125	0.011977021080043285
X961105	-0.0017391082530944563	-0.017965494275903507	0.008287028773036255
X961124	-0.04635173678193867	0.03136552473994025	-0.00885667599613594
X961128	0.010596835812416796	0.009444244672224848	-0.018281593161205964
X961151	-0.019749383647884183	0.02217487685740113	0.12534176355282645
X961177	0.04620424470828042	0.03986529980866316	-0.01622849221123918
X961180	0.07528229373462957	-0.02571322667699343	-0.030687205276523646
X961193	-0.041772348091693993	0.00858071250120697	-0.055273837607933834
X961214	-0.004738695950079935	-0.007478007753640949	0.016472568977039685
X961221	-0.012164397266724714	-0.0005958491203603045	0.0021812489924345297
X961226	0.020945522388925022	-0.06752138416520358	-0.01952006563630131
X961240	-0.0088645038822409	0.014562807221387183	-0.034280050648361794
X961242	0.03365993127636342	-0.038873907451874155	0.005524483466545489
X961243	-0.06755918753069376	0.0414233903332564	0.26866617106869384
X961246	0.005296909684278728	-0.015541458667768003	0.004980380753062023
X961263	0.02350748315059502	-0.023112662901718102	-0.012081933033633153
X961282	-0.004919055908924329	0.02389529853252094	-0.0018564209821356412
X961321	-0.004429925645084128	-0.010152228548542475	-0.0009806258868050618
X961325	-0.06952261765013969	0.051172466748856185	0.15352706237575794
X961339	0.0017070628045080525	-0.04746570797774882	-0.06539226030778458
X961365	-0.027072844435892685	0.010894074826619983	0.03795148509224427
X961417	0.00027675439226424896	-0.013703913089080125	0.005693895904511726
X961423	-0.025351100491824534	-0.00047818630167663535	0.01069921939941146
X961434	-0.00642632615520882	0.015528072083646526	-0.0007702730694656283
X961485	-0.030995544241479597	0.004205597049114923	-0.029636958633894782
X961553	0.07259488782028795	0.07923355756622963	0.02018153402582092
X961577	-0.011692213040482617	0.005194420041962097	-0.03761039255351966
X961634	0.0015334870156459854	-0.0013077328301751485	0.009671039158322988
X961684	-0.0089761337301622	-0.0028280811381743353	0.00678794651103055
X961686	0.10726732996443311	0.0821392929972069	-0.0018625117371739027
X961738	-0.008356581770968617	-0.049776849213289606	-0.011260991873435938
X961809	-0.007283200941861572	-0.02843672449793204	0.0034075307007091545
X970002	0.009662809947695701	-0.021429669922961015	-0.007756077077974941
X970003	-0.006024792788769759	-0.011973535106198306	0.0019127626064766147
X970007	0.0012185914910100766	-0.0018283104736760264	-0.03082734434890024
X970008	-0.0075527112351782616	0.00585276692889685	-0.0006484287730540936
X970010	-0.008532238389607266	-0.005525136426361569	0.013181080993278417
X970011	-0.018700140384485614	0.0334474912101341	-0.02920014561718296
X970013	0.004109733478479696	-0.01832295830276158	0.01610563638786294
X970015	0.03064260786326269	0.051598622121204696	-0.003921382684618785
X970016	-0.0019384696691653082	0.006266533238494326	0.0010238037726200877
X970017	-0.02922945379371567	0.005108278205494583	0.007259648583091254
X970018	0.028213946982046535	0.01918696528556798	0.017981474120652423
X970022	0.025434269728777898	-0.008783962483538799	-0.013738195278139227
X970024	-0.0036911232528621103	-0.0028786052872750417	0.006673397154575126
X970026	-0.005134209999783712	0.009636845029099183	-0.0038400307959241408
X970027	0.008494722949349581	-0.019689631543412436	-0.011101420998707211
X970029	-0.002783310383138954	-0.009404208082511425	0.0005383892472198106
X970030	0.056959416020880185	-0.06475325852879553	0.013001641369069353
X970031	-0.01520644616531676	0.041964557926100605	-0.004549291382419407
X970032	0.007569019586382687	0.03440047723642668	0.008045959622766975
X970033	-0.011179127928316284	-0.03772200394519636	0.11983747137759719
X970034	-0.003263715667774025	0.0017060783420797757	-0.012034177042626533
X970035	-0.00226672173206549	-0.00832330086863341	0.01326359879929987
X970037	0.0013304979707361904	-0.01103762720097642	-0.00623952944620282
X970038	-0.020436882483197815	-0.01721215117051284	0.02172868401345897
X970039	-0.0038346003099068112	-0.015583630310215842	0.0020321966417477413
X970040	-0.0305833216065256	0.01415027650154089	0.01786991663945122
X970041	0.01315720460265148	-0.0037665197095585606	0.0050891999079674295
X970042	0.023366077194073586	-0.007642766192355103	0.027768424942167972
X970044	-0.005517410057038356	-0.019315069897641205	0.01065825752963142
X970045	0.02709877751439195	0.024736342920646224	0.027857999427669
X970050	0.0009104364738031257	-0.023326978168427548	0.006651006109765601
X970051	0.017282861088597005	0.023373361296511845	0.0018344226141732314
X970052	-0.00489209403066879	-0.024831553714474375	0.014592543395997923
X970055	-0.010915113994041752	0.008374806882104818	-0.009285504732346388
X970057	-0.013243014843138562	0.033388649529673985	-0.00959095150788366
X970065	-0.0051042982557437866	-0.012414195041622802	-0.0028431865954231827
X970067	-0.00510061230261261	-0.016737443074474584	0.014010216352295116
X970069	-0.06571580814682354	-0.005565893541734901	0.03400987626652876
X970071	0.0010973777865133762	-0.012457860406584009	-0.0017417167766676607
X970072	0.0035511420138413506	0.014510048463454108	0.0040721175833139025
X970075	-0.023532566264258037	0.011010080501674822	-0.0371390733201577
X970078	0.0025341962524304765	-0.016921818628396038	-0.010245338578566942
X970079	0.01448941015797995	0.044198292931838495	0.01944593109079569
X970082	0.013904633761070002	-0.05265159038456368	0.004063972821673945
X970084	-0.019161907570942018	-0.003307934083638022	0.027228909170278964
X970085	-0.03471399391460368	0.038719549265923116	-0.030335426876740068
X970086	0.01605570984228304	-0.00859296942176012	0.01697063422286765
X970088	-0.0013433270654250149	-0.018950751250626733	-0.0016269853488079758
X970089	0.014853654925598573	-0.0903685419260303	0.00790968715117216
X970091	0.13647194250513625	0.03741082811308835	0.023460589163870137
X970092	0.09677913595197699	0.09310920152279886	-0.041981193023120464
X970093	0.002948294187810643	-0.01276407851038606	-0.0008490466209418943
X970094	-0.03666775580421484	-0.007411030274652687	-0.00029994105078741347
X970095	-0.017443605766499223	-0.008909557190136135	0.03437796644655201
X970097	0.010055098387130146	0.036287235115522946	0.0006609941853636009
X970099	-0.018210853048523573	0.022415117533620483	-0.0207563391911554
X970100	-0.06182087062466688	0.005995727990623961	0.027694231287742344
X970102	0.03516901143389853	-0.10481079999740692	-0.022640011362013893
X970106	-0.01864435131789234	-0.01532236752428135	0.0030161517500554747
X970109	0.002947968822231171	-0.005746901518522017	0.006404844712954318
X970112	-0.02617032479638046	0.004205808703699631	0.014027453542996239
X970113	0.035238089367078805	-0.06628234974312014	-0.04192425197921212
X970116	-0.01572291041715551	0.021723256738765614	-0.0044422435167695085
X970118	0.0019642548974098694	-0.011143956288811352	0.008558120623533033
X970120	-0.002337121278438258	-0.009160383853572485	-0.019832757218946274
X970121	-0.02783084169211335	-0.0332824888144997	-0.04802671148961439
X970124	-9.52962027736967e-05	-0.0425697878728907	-0.008620835163218158
X970125	-0.007501774142482526	0.006576363792342226	-0.0008123500022026109
X970128	0.06526659062819086	-0.05702639415747701	0.012873502343466571
X970129	-0.003330468122717934	-0.018291490817739998	0.006168186121982005
X970130	0.026423272241169242	-0.008330233805176416	-0.010774993125075011
X970131	0.01945260381101579	-0.07410999631243995	0.015905933353702145
X970134	0.003853260710708842	-0.008831411411591557	-0.006603347701855155
X970135	0.02521830733630585	-0.02142564216942305	-0.030289914993423258
X970140	-0.015925847268828144	0.004573637279768672	-0.010677414982421272
X970141	0.03485525458131043	-0.06857428347770013	0.003943155751104831
X970146	0.003693472233611372	-0.015353147209536552	-0.005707368063569347
X970152	0.00550864821993652	-0.010547333967030486	-0.006206567378050443
X970154	0.0031840433840275083	-0.025322376506386437	0.021338542754209554
X970156	0.01687994555971927	0.004448720497078922	0.003089925811887168
X970157	-0.0005008565414709165	-0.018765633841545504	-0.0028253490672045163
X970158	0.0033077834514377053	-0.022563147495604022	-0.003388343204435295
X970160	0.0067049573493052315	-0.018092908718294623	-0.013156317430956724
X970161	-0.020548976709902834	-0.009300309096337068	-0.0029140949177861026
X970165	0.005821484929159802	-0.01253166660389433	-0.0010163282086360582
X970166	-0.05475421397918887	0.03421891857021962	0.019816917078835233
X970168	4.61181865732491e-05	-0.008871462094241516	0.006930620827102746
X970177	-0.011026445980532682	-0.00601102629607346	0.020627330392176797
X970179	0.011685568560373302	0.004396861391133945	-0.002448637284298441
X970180	-0.011501405147356746	-0.008280965653655464	-3.02951914385082e-05
X970181	0.0017129383522331112	0.013631035068747025	-0.005915145206217703
X970185	-0.018372940917586882	0.04211816413031809	-0.030988603685381998
X970194	0.013671538480307366	-0.00032535774813516923	-0.016343215366531532
X970197	0.001894811985126266	-0.015540116728308063	-0.021023901958339492
X970199	-0.003539592713576085	-0.0026407319528229866	-0.007919325159005118
X970206	-0.02306712040737354	0.0414395126591697	0.03708408672824103
X970207	-0.014739681306994547	0.006845803714639594	-0.04355249129771532
X970209	-0.004110825615298693	0.012217485496931888	0.0011437340975960957
X970216	-0.008555081623453403	-0.03817135169205315	-0.0462244801355811
X970221	0.01292915722032497	0.005586008409167226	0.00793266991131408
X970225	-0.0049072381699669975	-0.007240533716002022	0.001500238528451385
X970226	-0.03835404595422332	0.03520828157354333	0.009015717505043295
X970227	-0.009481645624644739	-0.02312237892154228	0.010589084574861223
X970228	0.010731363040382184	-0.007500877374037778	0.005679660380550462
X970232	0.016070593264768694	0.018587193798618815	0.0466536657320262
X970236	0.004215626273571263	-0.05239200501122989	0.05767327337330266
X970237	-0.010014230886232876	0.05101589514372448	-0.01663398996587719
X970240	-0.025965796402415524	-0.00914574932194546	-0.13669838861041772
X970250	0.003142581591574562	0.024267742915408792	0.011770977580867441
X970251	-0.011044611679429935	0.026623358517010472	0.025227218785685693
X970254	0.10473932344309694	-0.04649966553710288	-0.04805846496521892
X970255	-0.003915166373245149	-0.016260040030471073	-0.0021595503825796616
X970257	0.012692710617507482	-0.08737885913625237	0.021284111597930054
X970268	0.006751516423628527	-0.022766853678206113	-0.023081177735365426
X970269	-0.041125139697560695	0.04949870923665684	-0.04003524818560662
X970271	-0.01719173836580325	-0.022270754441671137	0.10255938418319742
X970277	-0.03705339428012041	0.02700723922019416	0.000993392397946529
X970283	0.10238223854445079	0.09845489127252838	0.02458987438232595
X970288	0.03529051354957119	0.020162866639994705	-0.003560571273212848
X970296	0.05220240659753745	-0.04640093673260753	-0.013859864397099915
X970299	-0.0192111359021099	0.005573038200788914	0.004946814757056357
X970307	0.0038175761767378076	-0.011413360400746725	0.012703432772625723
X970312	0.011079184971893394	-0.0367538831653985	-0.011544749873047879
X970323	-0.011236812730187827	-0.0020227568814599763	0.016743757443462886
X970325	0.015334190613296283	-0.0007989685010419725	-0.019981845139363894
X970327	0.01750759022088784	0.004327904691610223	-0.011162971361955201
X970338	-0.014495644567896475	-0.023608104817948013	0.07781817164277656
X970342	0.08265985795871222	0.056051214217821325	0.028245424011004494
X970343	0.0454566578906873	-0.04431041283822595	-0.019243139109246264
X970345	-0.0035112323459189384	-0.016937094504036933	0.0014361621872765501
X970346	0.0001930650209369632	-0.08639160892622938	-0.02914723941431085
X970349	-0.02172646870280289	0.02011764342206156	-0.010007790899106687
X970350	-0.03385052916892098	0.01850385598273214	0.008359191245525104
X970358	-0.017370646296421995	0.03203974763858682	-0.010194516536244761
X970359	-0.001473041063248009	-0.045013355881725614	0.01634928059568758
X970361	-0.03690113573672994	-0.03496019263800862	-0.013081865496122174
X970366	-0.07860361922318396	0.04665609059054994	0.08963844821144519
X970375	-0.0036869732929794025	-0.010798629636365091	0.02392010606134523
X970380	0.0021949603709154122	0.0615214714884362	-0.09404001882184009
X970381	0.029637930738167305	0.003524661081032025	-0.0019038740254748747
X970389	-0.016048836786270115	0.04992200591478354	-0.0038196881818456877
X970393	-0.028403856469196513	-0.0034210965801506586	0.08930630270472666
X970411	0.05717878818693696	-0.04347274627214793	0.025196524103430686
X970412	-0.0113440395975293	-0.006595795926578832	0.04509340542378988
X970414	0.005184437225013352	-0.05238567768622427	0.01368403126701331
X970425	-0.008983674609269542	-0.012637497492683161	0.004619638571745138
X970428	-0.032528737080355016	0.04930988555669723	-0.027315997795838078
X970432	-0.011281583326964795	0.015475119343870547	0.0071730954628617186
X970454	-0.005223604047231192	-0.0019492098026037414	0.003915458376522095
X970472	-0.012713047765360561	-0.007366754566210667	0.01909654064240396
X970474	0.0024672675900632335	-0.023979350252895982	-0.003044473192398715
X970480	-0.004148812085750122	0.0021216849316898533	0.006797200167664047
X970482	0.007026747501097184	0.03434278724075905	-0.014546528324520698
X970497	-0.02373132989804681	0.04801289154160852	0.04535992289820107
X970502	0.016054435562979853	0.03241731266638628	0.016613895654339912
X970504	-0.03284081352737436	0.0005363121358303745	0.007905615108008957
X970509	0.002063468497941058	-0.06835466594754716	0.029416885754674372
X970512	-0.005736425522888586	-0.01870778468301049	0.009529411968545018
X970515	-0.017301239106672566	0.030271870882579665	-0.0037988036079576004
X970517	0.022681745576371464	-0.011251211709072836	0.001205933678460246
X970519	-0.005677457635602918	0.0068494170523262	0.010045926627367752
X970522	-0.002078702803215984	-0.020126460296579055	0.02959069059345477
X970524	-0.005919157163500503	0.009228912244542161	0.0174540578008612
X970533	0.010298824137002035	0.0015976195423407537	-0.0010851352092902387
X970536	0.005998622924245154	-0.01932559902175031	-0.015844653962293148
X970538	-0.00530291127304098	0.0038087298369842977	0.0013214081210834818
X970543	5.479088688390538e-05	-0.022163463978634963	0.0030432364283263626
X970544	0.022661666625483495	0.006040657150831415	-0.03172503776857211
X970549	-0.02627637364426022	0.04389290887667477	-0.03121606724896221
X970563	-0.01222843915064415	-0.02338575417491914	-0.010732345083190636
X970564	0.0011294159518480552	-0.013792934259160337	0.005735664312428675
X970573	-0.01026596975254806	-0.034403507593524965	0.058015352948966176
X970577	-0.014990590143490376	0.017123345716075423	0.019917119290736106
X970587	0.001528722558578732	-0.013461639056145664	-0.002654756442062533
X970599	-0.02712239433809745	0.028313293768657054	-0.03904252548135454
X970614	-3.791988731773811e-05	0.0055049755036725235	0.008160356981288867
X970625	-0.009618915563943972	0.015732481591462028	-0.022299895511456728
X970633	0.08102608947674217	0.009781644019704423	0.041955903776262314
X970638	-0.029839169040736847	0.039024406009396	-0.02906563149717036
X970649	0.054109312240647314	-0.09188950418329275	-0.0018628142813187935
X970659	-0.0010219470734776812	-0.010098997228175822	-0.024921861757996315
X970663	-0.02439407787245637	-0.01904931684833037	-0.003598450355963255
X970664	0.030984261877737358	-0.1114877063920678	0.02084746565055397
X970677	-0.013815828619394661	-0.02567926316557405	-0.0027677922246401522
X970680	0.09921683029716347	0.029138565523078728	0.045443302206703555
X970687	0.01258431762277151	-0.031117413886808453	0.01468328866949022
X970688	-0.04150604582228995	0.0687079461712795	-0.024715643711956455
X970692	-0.01567229958246752	0.019288040100515262	-0.03412400216554967
X970706	0.10848579458041087	-0.10508100383123174	0.037007325071196015
X970707	-0.04531886668844946	0.028595657592063218	-0.042767221007107156
X970717	0.007090795886829644	-0.00596351201596827	-0.010769849409109442
X970718	-0.004196395379587699	-0.0018391753181292336	-0.004069020788249972
X970731	-0.0020055396175521364	-0.023788514638326392	0.019874980119523693
X970732	-0.005696831228565984	-0.006154757917270692	-0.02880704065926398
X970737	-0.010333387015283794	-0.01181771303814218	0.009715181571863723
X970745	-0.0026688005072249485	-0.04768983710650243	0.012686539931968069
X970784	-2.8392909071814183e-05	-0.01300008225588169	0.01112886130206214
X970791	0.008071118940975971	0.003213093661014221	-0.026423216346614417
X970813	-0.003920689217273147	0.018858639540024442	0.034688914486284014
X970860	0.0015804390414393555	-0.014745934119252688	0.004824881288533893
X970932	-0.026305385541159118	0.01130723415739312	0.0284043549879802
X970960	-0.014116113642277732	-0.006408673222086728	-0.03301641706701545

Biplot	0	0

Site constraints	0	0
