Eigvals	3
26.62378226265273	20.23134733733895	13.031944751119568

Proportion explained	3
0.5503456246618752	0.3177939498862309	0.13186042545189394

Species	12	3
Propionibacteriaceae	-6.702411404031797	0.5739375829053621	-3.498532042162974
Staphylococcus caprae or capitis	-8.621362955172264	0.1646661734850219	7.4177972625704625
Staphylococcus epidermidis	9.482575937843551	10.846066613165945	0.4311829113758248
Staphylococcus hominis	-2.293786481020935	4.170886216430942	5.825418979917994
Other Staphylococci	-5.344308526586023	-4.047028036473776	-6.908474379970554
Polyomavirus HPyV6	8.51110996639009	-15.323428169980605	2.8681703952149613
Polyomavirus HPyV7	10.529096897422187	-0.8499504250237223	0.024483790227149776
Merkel Cell Polyomavirus	5.749400844474174	0.06720000047800946	-1.6389496521092504
Malasseziaceae	-14.732964444804324	-0.9781857798054677	-0.7971570511559634
Corynebacteriaceae	-2.9774373184852156	-0.2687308989269494	0.4703551884064905
Micrococcaceae	4.439158152816626	1.2340462668890186	-1.8198474111216971
Other families	1.9609293311539344	4.410520456856214	-2.374447991192423

Site	1225	3
X940001	-0.0015800503964769309	-0.0018588189279636473	-0.009257681560052397
X940002	-0.006921471959904989	-0.011986881251778731	-0.011495466411968925
X940005	0.01047203376901741	-0.03946891803627942	-0.012577393182760386
X940007	-0.007825764963219855	0.0008274552493140431	-0.0057497377462383875
X940010	0.031419481036820955	0.007318155294184894	-0.029530715088943348
X940013	0.002498650340111142	-0.014773756963872616	-0.0039439180767038345
X940014	-0.07103274008736925	-0.011015687501163126	-0.06241416506678233
X940015	0.00236821306582842	0.023060100755767067	-0.005487616096535639
X940019	-0.056742979578820144	-0.00041377501452314854	-0.05656085989353895
X940021	-0.04728610514694918	-0.007131776667406685	0.04280489677059996
X940022	0.009775033473903233	0.021002537725496137	-0.005504640291818438
X940024	0.01204533157027356	-0.029401042143512086	0.011852692736753321
X940025	-0.005178043778739944	-0.01117836620028794	-0.01772739431425765
X940026	0.036923242062311755	-0.04179356925363835	0.01850951026415172
X940027	0.01572899854681317	-0.015657593718864694	-0.007013833633153385
X940028	-0.002547219161278313	-0.016683521765772	-0.0009734886290335345
X940029	0.00219552787134046	0.003907791980962099	-0.008905654147829843
X940031	-0.0009044874000324676	-0.022161950530010136	-0.006472809308888877
X940032	0.008812701098476745	-0.008629981825286863	0.006133004764764909
X940034	0.02841420264826443	-0.023513198758562524	0.011783649529032481
X940040	-0.027292147752225424	0.005794108801097387	0.004229597430510215
X940043	-0.0006415698190004243	-0.006816131661307312	-0.007906218183502468
X940045	-0.025699924391065228	-0.051029102021869076	-0.02297101640898824
X940047	-0.05729123816675664	0.036123389275604274	0.053156129507257656
X940048	-0.01620645786486219	0.0011581363463195105	-0.010225404327045247
X940049	-5.54673511225381e-05	-0.015167648195197182	-0.009856815475960089
X940050	0.025394982027308135	0.027758068165802185	0.01270025984751709
X940053	-0.023278163765597017	0.02935721836596586	0.010448469818089407
X940054	-0.05477635483257072	0.029327398937938808	0.020596811370599297
X940055	0.00014780440623322005	-0.029491281469107313	-0.0805385340294089
X940056	0.04505681724719433	0.005250505780180641	-0.02852570585387637
X940058	-0.0013809487497448442	-0.021914832041707025	-0.009817801985593885
X940059	-0.005478281948002475	-0.021874683311042288	-0.015574801080802456
X940062	0.007567867734186573	0.05264439260183894	0.003936603060990008
X940069	-0.009071239816084197	-0.002779917690692724	0.010209496681176109
X940071	-0.022972039117169284	-0.012401568435000333	-0.07782157653474031
X940072	0.0002741520946316321	-0.003870890830729441	0.004951060581289101
X940073	-0.06000752067596339	0.0018507100229464008	0.007995078590142856
X940074	-0.01766355176515293	0.008139834051214916	0.028838374453787584
X940079	-0.07229500034581275	0.03414794598645669	0.04522366033653552
X940080	-0.005936022309486467	-0.008571926442809715	0.014493087398364066
X940082	0.018582174235770788	0.02236848857546508	0.008966833605030868
X940084	0.007995967518804931	0.03550487121751285	-0.0055010192097315
X940086	0.040837247414527884	-0.05626279658715325	-0.0007574329114790411
X940089	0.02884976894701766	-0.0062026750573899656	0.007779677654709374
X940091	-0.015759412360048446	0.0293908489269156	-0.015484475083029513
X940092	0.036805066219376154	0.0158115061838141	-0.008270522918870617
X940093	-0.009091276744051262	-0.0021870487435936416	-0.009806709770865344
X940094	0.01955103944710863	0.08292051513507755	-0.0979481849933259
X940097	-0.009451668512483666	0.004197766131425984	-0.006889995238372794
X940102	-0.0010825525503535412	0.019323685797421948	0.014393805603572863
X940104	0.008129649000075954	-0.0029089320462018778	-0.004681681230598313
X940108	0.003972835858866958	-0.010290370063864872	-0.013045783107311007
X940110	-0.03568733400641911	0.04642888184108958	0.011632857934260735
X940112	-0.08860029709041975	0.01880239478111638	-0.07585738136420758
X940115	0.0020245827952456853	0.033181564560290346	0.009124552704936546
X940120	0.002361075822897151	-0.039714785115352876	-0.006198924660816669
X940121	-0.034918569809637784	0.0854972631077647	0.00427859547663581
X940126	-0.00013324336244414258	-0.0006091051102842264	0.013665849530078551
X940127	-0.024074997520707228	0.02010557902218985	-0.015155378792887546
X940129	0.0103139126561114	-0.06321518625846144	-0.0018829598890452613
X940130	-0.027440318937912888	0.006233897137063245	-0.028066229949648188
X940133	-0.02684776917021932	0.013440585456460841	-0.01644383004689989
X940136	0.018695360439305544	-0.021797461486075462	0.005893965380478389
X940143	-0.004233689442792212	0.009212312338984618	-0.009958183826800467
X940145	-0.006542265323932969	-0.004347492809320605	-0.0032013655790044536
X940147	0.024178181917362773	0.010369452807547627	-0.0012220851805577536
X940148	-0.010997702611683901	0.012572759079456222	0.0013984094713073052
X940152	0.003134577404136906	0.01965938665229706	-0.009877916281573848
X940154	-0.01385593021538559	-0.023589085844335438	0.009074359106137055
X940156	0.003733644322165869	-0.01633741250287307	0.044160327182020356
X940158	-0.0024768525923227615	-0.0021581635020319814	0.028414006409339342
X940163	-0.01915475358205457	0.04359908353759552	0.030446301510194146
X940168	-0.03150036997914968	0.0623509087909764	0.009493067327926446
X940174	-0.06460632518909712	-0.016514316690459153	-0.06717296255480118
X940176	0.009740161956993645	0.022392349040115812	0.015182449100082141
X940178	-0.006814021481974917	0.017726118636609885	-0.00035824603942111763
X940179	-0.016100539451322518	-0.0073000828091073925	-0.0053322668541370055
X940182	-0.00912290290152919	-0.025165579008118843	0.01822621538364805
X940184	-0.0560676749295888	0.010101486748272236	-0.04946792975156239
X940185	-0.02219475482304013	-0.03656373369654269	0.03541147133187995
X940186	0.01611450967580959	-0.007634328517384289	0.020143157052358553
X940189	0.028798528050005944	0.02012558393945796	-0.0026921907841150807
X940193	-0.01245729351265007	0.003126042374729612	-0.04037603750656568
X940203	0.04947199469024516	0.04799022234442048	-0.022819909140943524
X940211	-0.003954279538069487	-0.008233930381531406	0.0020853316120966418
X940213	0.010540769124108574	0.010092856849247446	0.014499067460839168
X940214	-0.021022402612819645	0.0020698502214311553	-0.012191232699487969
X940217	-0.009945837919633445	0.0032749513532372384	0.00047206678941785795
X940222	-0.00018443422427930967	-0.029353038516757607	-0.027076449951124838
X940223	-0.049247675475266	0.011595757253546791	0.05886391994453013
X940227	-0.051759175234225366	-0.00310280606232606	-0.009312417198279846
X940230	0.02913502011657352	-0.0031877086202710546	0.01880668422323631
X940232	0.02036090053981103	-0.016845345263670132	-0.020447479407328044
X940233	0.023679813866770615	-0.016047069410172834	0.026637360412290388
X940237	-0.00362111134152287	0.002747561790076149	-0.02225196260168289
X940239	-0.04627981265455823	0.007849960933835994	-0.01904320224361945
X940244	-0.008384661523803917	-0.012319616572752646	0.01721832452720658
X940248	-0.029576606373846286	-0.007509392258595992	-0.0018314322743839154
X940251	-0.011762017748440035	-0.03933085188285015	0.008835683429918315
X940256	-0.03972735918916018	-0.0033464105490672354	0.01375560679071254
X940259	0.021934630646353006	-0.0031280955069719284	0.00034189917699249846
X940261	-0.008026329016492736	0.023013618772096546	-0.03337507858525967
X940264	0.018675136264009767	-0.026742367548294146	0.011433860369563007
X940270	0.01052589553802062	0.015386665876305963	0.013396851376880943
X940271	-0.02387855769641819	-0.00931608085266991	0.003972176906116167
X940278	0.01216419561114302	0.008321886440902633	-0.0003751591005840473
X940281	-0.019673128727452166	-0.0019716123980095695	0.0041283826550816355
X940284	0.00649424045580279	-0.0191967116109856	0.019893258183393662
X940286	-0.0198323493070292	0.005561501619369017	0.039078668941323065
X940287	0.0049402218686822544	0.027845661668086857	-0.012430111402788524
X940288	-0.017772721759266533	0.012778707525979613	-0.0065160009108862415
X940291	0.006695243329007333	-0.010207774169153788	-0.008678828426638868
X940297	0.008796892083576608	-0.0203579953961601	0.006993101310549945
X940301	-0.0020605298083776016	-0.01742826153526761	0.009987420196107565
X940302	-0.0038579341318172094	-0.040951512564371836	0.002660841122404964
X940303	0.029042203297154505	-0.014895104188748348	0.019800068301674526
X940305	0.009776824045678595	-0.019714586271051073	0.001835006945276408
X940306	-0.0464683880789163	0.03843551497058376	-0.0099046946941197
X940309	0.0023397743970634635	-0.0011308649343955515	-0.0023057965198980844
X940312	0.005781018478796528	-0.025317701999392223	-0.01910909724707833
X940314	-0.000836953934842911	-0.011324228037650777	-0.007305833516286243
X940322	-0.03218562175875732	0.015212885494683921	-0.06485210589409256
X940324	-0.03935568086873641	-0.0008668967421814404	-0.022939800219790932
X940325	0.04915943734441542	-0.012772824095994692	-0.00048661939607604803
X940329	-0.057590377888710666	0.044157640735779755	0.037685698930026455
X940332	-0.00614878807590629	0.019824093006151365	0.0030465508522944935
X940335	-0.036455860625126235	0.0018616817946350886	0.034447432842916945
X940338	-0.013798615131114602	0.044753729063502994	0.007083300292209242
X940339	0.030569102998707635	-0.004995202491141787	-0.017491605011850687
X940347	0.015927288090015007	-0.019266972703727677	0.009153245571180966
X940349	-0.0008709814113293704	-0.010833311301522085	0.015074412546637227
X940351	-0.003256473526050932	0.0033970774989868207	0.007476518933374646
X940353	0.03312098599782734	-0.011781100203212875	0.005356931344908407
X940354	0.004276243204711528	-0.011989432371292541	-0.010554557495567224
X940355	-0.03686704813036757	0.012370642416526415	-0.014199264067040135
X940364	-0.01878424131472729	0.041397114767933174	0.018547168643085803
X940368	0.030844711832226382	0.014394788599688305	-0.0007152336215223798
X940374	0.043235398293894216	0.016432126088380582	0.011058636766468915
X940375	-0.007383239986191723	-0.016702413084473875	0.005361973378872739
X940379	-0.004972060292071972	-0.012737666262947029	0.00903674812852987
X940383	-0.009045082672028144	0.024057165381618055	0.021348652179127802
X940391	-0.02506669482070053	-0.02359687070411141	0.010138309665602719
X940404	0.018384335524603865	-0.009536755654527121	0.016047042308456157
X940411	-0.011278263249184161	0.02719127891753334	-0.0027480550290274303
X940413	0.05628021032031014	-0.015203161448233976	0.05583879953679399
X940420	-0.0009239078381671352	0.015557512249825396	0.004554959848708352
X940443	-0.006616965360441539	0.03458389684465646	-0.0037071750814543607
X940444	-0.036535302012694414	0.020835853891349555	0.032877189362456136
X940445	0.010401299904419624	-0.018783672806449606	0.02217434983463754
X940450	-0.02569467264461801	0.007874540603787632	0.004958418572122488
X940451	-0.08700600011108643	-0.07560089099175586	-0.09017611227005995
X940456	-0.009891022323378386	-0.00921519713814339	-0.0035270226064329506
X940465	0.0034591263526929776	-0.011066269155039795	-0.021811807171035008
X940466	-0.017198827918003125	-0.013322458352667252	0.015144136444306452
X940474	-0.009965708286105492	0.010590818425930168	0.007585479094514228
X940481	0.026492576813372574	-0.04302667379819137	-0.009817152861181956
X940483	-0.016508415533208545	0.002283364027372343	-0.017432126927132238
X940484	0.028037634404955415	0.030763900551633513	-0.008067462606779072
X940487	-0.004306754234840264	-0.04350879687673188	0.010427569158445447
X940488	-0.06665096664056798	0.0074147414497597154	0.04586285080069677
X940497	0.008967504704966317	0.01360253922604975	0.008188068533345572
X940498	0.0057289703060489664	0.004890920492618307	0.057683541733539685
X940501	0.017791175936608672	0.05172136248761035	0.01308369038746147
X940506	-0.0009037675639227622	0.06361717881519283	0.011087415549300742
X940526	-0.024088817273613616	0.007755562388079651	-0.00021747715634206822
X940529	-0.10041524217630005	0.03753566796275517	0.10298947755044899
X940532	-0.006652831781664658	0.014653557351365143	0.011556056745709867
X940534	0.017559717647396545	-0.0181293071907079	-0.029322555069538667
X940535	-0.021302282406880493	-0.008728594215766694	-0.04388458643041113
X940540	0.006460333142927647	0.01523299901628619	0.007326886556938577
X940547	-0.01424638767372068	-0.014311208594772723	0.015874931038546983
X940550	0.04766144788625938	-0.0007165416680044548	0.017425275381391294
X940551	-0.02992269030096132	0.028199572685512715	0.0010180653649488165
X940555	0.0004680934587765239	0.011401816909272972	0.020443986846856294
X940558	-0.01627954433660003	0.020060847440653003	0.0009735269047063556
X940560	-0.010743939045009409	0.000350691946599043	0.10673795542288139
X940562	-0.018583150817316478	0.016701830510122192	0.03865111086136626
X940570	0.020389293603984664	0.002422224453357912	-0.016571347248317027
X940571	0.043075444417990695	0.0010250641311138596	0.053407788266972234
X940580	-0.0050261601582794815	-0.021661420932644136	0.025406538184116506
X940584	-0.005594914801724206	0.05441638523868517	0.009804154981237573
X940589	0.08910684486459597	0.08726323251964112	-0.02222279220528935
X940598	-0.0012853888869255017	0.0024113452893530325	0.011907865531663354
X940602	-0.08689086554446475	0.031204624333913588	0.06917760646833186
X940606	0.006510803711802435	0.0069002175436788825	-0.02814308930745108
X940612	0.01910747675041639	0.05155308695679162	0.007286275362099538
X940623	0.010042425100484639	-0.011949443303738608	-0.0008490301311603998
X940625	0.07097018631426594	0.023236297078903283	-0.02766962046732085
X940641	-0.016962438032570866	0.00471114960107176	-0.008598661155916896
X940642	0.028215550532303013	6.465221449453798e-05	-0.0006545438483305309
X940648	0.04342623106674089	-0.06303705778974834	0.013955208676817106
X940649	-0.0017788516056773803	-0.024105409846980487	-0.015589289356061296
X940652	-0.0031374693382639042	-0.018623076752986877	0.0029179697164538566
X940662	-0.0017908047546121453	-0.00964197154395441	-0.01201169783497293
X940665	0.016782597844229485	0.0075496663550143495	0.0064031967591065995
X940674	-0.005236099671183386	-0.012819341281798612	0.000478820735003983
X940689	-0.1108704464385895	0.039228783998859304	0.0616434112354573
X940690	0.007055227192279727	-0.036902054938996655	0.025284954965167705
X940692	0.017477773458930944	0.04163172573816886	0.010933269331403305
X940696	0.03159820668383181	-0.021643872644558457	-0.014322633369277468
X940700	0.02441911355861443	-0.010692847809334438	0.029596433818304645
X940714	0.021475496845900003	0.018177488456961523	-0.011129094199841266
X940721	-0.04921557464586574	0.03191235650336568	-0.06104534687607864
X940727	0.03025242443872823	-0.005028216321796779	0.016607253153470967
X940748	-0.04098390872696654	0.013136203875963851	-0.019142382040063837
X940756	-0.01116178023577286	0.03210359743462229	-0.01837243823052829
X940761	0.03187066511938836	0.013860327605401915	-0.010614280876222865
X940763	-0.004472094976502742	-0.03563075772280354	0.01679498389908924
X940766	0.021847943798396156	-0.02743449830466658	-0.03486649645026055
X940769	-0.015529503510240975	0.025476733325859206	0.0263793589027527
X940775	0.02790353233152702	0.00214441576109549	-0.0024318917072214566
X940778	-0.01231562615354681	-0.029161562442728186	-0.004266007028488932
X940786	-0.008470601025016542	0.006970989391653348	0.011573404448881037
X940796	0.001865117340232714	0.005767680471170576	-0.019646784430196722
X940816	-0.017826554272992626	0.004187908242746915	0.015872794061890225
X940819	0.011450990752505323	0.0006397695510968897	-0.031948059894747124
X940820	0.0049687215164184355	-0.008008739065634084	-0.0005537161166856683
X940826	0.029093358674735975	0.020858791675774216	-0.05756582021236103
X940827	-0.041683402617307616	-0.027557396565959572	0.015734717189707925
X940833	-0.02636412872080204	0.01366476173547946	-0.03463071119458341
X940843	0.017874026443782432	-0.022971760405202785	-0.0012826130128932532
X940844	-0.0009997483583640443	-0.001620397787740158	0.040439020337491076
X940845	-0.001409322427507836	-0.0609456110424928	-0.012571774428675384
X940847	0.025895269410425123	-0.05648245870013209	-0.030155973339006964
X940852	0.006208377022633718	0.026718551556534225	0.010424628768885683
X940863	0.012127463235677597	-0.035572683599367556	-0.005273261385806434
X940871	0.02588923761873258	0.018076771245557968	-0.007458097552964154
X940875	0.02080978807361312	0.021713957793026078	0.025428858814036778
X940882	-0.003704526992889563	0.059066425023048014	0.02790486940614
X940889	0.0031029341627385244	-0.0007523798111097251	-0.0005302007318059901
X940892	0.032467625878041084	-0.06432716651856178	0.0062556851374682065
X940895	0.0010567653240782283	0.010788950320081642	-0.015186186272363714
X940907	0.022151606837589984	-0.04439233211856469	-0.02952869233064904
X940912	-0.015265970544194958	-0.0019679806532174465	-0.010141378522597031
X940917	0.01951375587961875	0.002919743850564336	-0.01888974502266784
X940925	0.07563864828469527	0.053705043851574936	0.04545394258100735
X940936	0.054594730458866175	0.0763861356603351	-0.011510282009638797
X940941	0.0350523467306976	0.009842328517380367	0.013362921584200643
X940946	-0.012488954024056172	0.024526412269172806	0.01648851617778616
X940961	-0.00947848290320696	-0.004885591975163586	-0.004998376109858566
X940966	-0.012516450004375573	-0.013142706179146514	-0.002522647155359572
X940968	-0.03147021130125533	-0.004656302244720302	-0.0042077473720323255
X940984	-0.025186008337246657	0.026144863930580076	-0.07804298191396632
X941001	0.03171775687576295	0.004605858037817486	0.029641247446065406
X941014	-0.027463260524213898	0.031033957743164958	0.11401154376185933
X941019	0.015025308950997648	-0.028808312716230425	-0.01328947815860231
X941024	0.01196437744372027	-0.01586228746174198	-0.018085322356450814
X941028	0.017368580822547056	-0.004694412373813127	0.0248197321362595
X941037	-0.11598777759858023	0.05946169422901064	0.07322663679152065
X941043	-0.03149666077012028	0.018658130036805314	0.028279953859091534
X941046	-0.0279238723378181	-0.011226062582373582	0.011466770352301958
X941049	-0.004611937427007745	0.02742306203917079	-0.0008967227608689135
X941051	0.023397617927626582	0.010390242255290266	0.005758006689951633
X941066	-0.001022373875683776	0.008243789892620637	-0.021659165965438903
X941074	0.0172659530868614	-0.008871087097782974	0.010298930488658337
X941079	-0.013717604671395486	0.005926483583982953	0.0036325418757622136
X941080	0.01623692491403314	-0.08084620877853725	-0.04308157871429982
X941091	-0.02396785087939363	-0.005488285244197458	0.05012243826825364
X941095	-0.024979345121872044	0.01621254589788782	0.03144370528260444
X941106	-0.01252087637906498	-0.028332828195831723	0.0019140646997227314
X941118	0.00541292780503976	-0.006339779561516812	0.021731797882043446
X941124	0.07217351912416436	-0.028550455578692454	-0.0012868888575130475
X941134	0.019677832667724503	-0.022585304637525862	0.0004433938698497257
X941144	-0.03415165171002417	0.010562941302383591	0.008855555288608988
X941153	-0.002753622525950794	0.0010625898753669981	0.009593505955458352
X941154	0.0005939886286722639	0.01865592859296729	-0.005562025670841847
X941192	0.01969002877687046	0.04097142857089073	-0.03975211149149491
X941202	0.021196062967494645	0.014269299309090813	-0.00953079072287256
X941204	-0.026363283928503324	0.006029875248597178	0.01704988753224216
X941208	-0.012710012016220577	0.02278590525084996	0.05595697088313226
X941241	0.016039051655185006	0.016324971295231718	0.08724712186686766
X941250	-0.012219938250937748	-0.018176216821671507	0.03546579391662473
X941253	0.012462966625583431	0.01589222872898802	0.003975894933394804
X941257	0.0005470975530321204	0.0682858342439972	-0.013898840816776881
X941259	-0.01857311285746342	-0.012317408321439982	0.019215798167861366
X941265	0.007714369487299353	0.053570928848622704	-0.02446030354178698
X941274	0.02197273261160245	-0.014800701647893565	0.014651798618499443
X941308	-0.02521857649294397	0.005322487686482359	0.016355048755363668
X941315	-0.02422261728567007	0.04319187723304752	-0.01966250179546915
X941320	0.008776846680152096	-0.008154996385966224	0.015871552260248303
X941321	-0.027979181387110343	0.008588235517805071	0.005430984053599955
X941367	0.006243024716541	0.02982930682187862	0.0018316267958609963
X941373	-0.027579890926190207	0.009844167190392574	-0.02094219760876833
X941384	-0.06569659693739505	0.02061558662475318	-0.05591448839734383
X941385	-0.01048453594871934	-0.012067716034061593	-0.01663183069019623
X941392	-0.12000297012292453	-0.019995468185723585	-0.0780702996071394
X941398	0.01481766586687256	0.02707534199466433	-0.0779721133258439
X941404	0.0050593491156986055	-0.004588393489563282	-0.01370551912229937
X941408	-0.010464530154791625	-0.00929682669795281	0.015362120991284537
X941422	-0.030627755838649746	0.029156676082858823	0.012479076738427373
X941439	0.0013805288561268645	0.005968406801533922	-0.00369791452647183
X941445	-0.01653587156576141	-0.010509108981701602	-0.020330414124286218
X941454	-0.011158683322376366	-0.000981721470687585	0.009113225226645446
X941460	0.03484347155444432	0.03566602471419309	0.005815372595424421
X941462	-0.033247224540367125	0.001918268566946755	0.020650063776012136
X941464	-0.01670438785107225	0.01296056652524613	0.0136361042097374
X941503	8.354763892493355e-05	0.01720205067752277	0.005053934946279261
X941519	0.0025196649205744674	-0.018506539530411297	-0.009720831884654625
X941530	0.01452006388539393	0.03189417750285974	0.011647979427753549
X941547	-0.0021080827686341323	-0.014815667154090032	0.005795451862444918
X941582	-0.00676755904054656	0.011264723205784524	0.0289837470785766
X941617	-0.020512457363233053	0.0027242501925784147	-0.006811590636806624
X941623	0.027863543385592673	0.044560615562957824	0.01319584726798817
X941624	-0.0012099114681651108	-0.010628664475266742	0.017232695344219527
X941639	0.02386460320050276	-0.005384815265365536	0.005575646874065846
X941680	0.017072080522398045	-0.05339445591725698	-0.018642417109646946
X941684	0.03985422336794392	-0.012530182295154966	0.010587821178805546
X941709	0.028341097815018965	-0.04232378760808535	0.04476743778462456
X941714	-0.035545595138091954	0.019695713171352096	0.06816380315944362
X941715	0.017737350868606342	-0.03281361952431228	-0.009531971499835036
X941738	-0.007851862571788971	-0.0039027480921794253	-0.007494428539718024
X941759	0.015285176327476148	0.013485722967935793	0.033178065274744775
X941772	-0.005167411172591284	0.040618796183276636	0.01034629516697917
X941774	-0.008356557419812885	-0.012850831634089312	0.028787229028179474
X941807	0.028709717922914806	-0.05982769635883991	-0.0006542143010345375
X941813	0.026436509788653233	0.045336765303600896	0.010654767717828716
X941817	-0.0011991327548488149	-0.04041583249986014	0.009794337895374528
X941887	-0.026083573838871634	0.014342242714043862	-0.0011216162207894841
X941902	-0.03982577422516771	0.005134503496815301	-0.0289977571738471
X942011	-0.017994854773273616	0.006338761179302923	-0.01639019790496276
X942026	-0.010451442900083676	-0.007612226398138594	-0.011141603470850152
X942039	0.009662444741962912	-0.02598695809864843	0.015280956593545308
X942075	0.031484507787304064	-0.003529818576458463	-0.005053339090250475
X942094	0.008765024553663356	-0.019119934135229756	0.006613423109748726
X942128	0.010444984959891919	-0.018508240002605057	-0.000524277755458699
X942191	0.12014965673428543	0.06337440059370135	-0.001537427450294953
X942237	0.010037998680436816	0.08340588888297745	0.03319110789683925
X942303	-0.03084024663575711	-0.014369878481979454	0.014505619483654315
X942319	0.03956960295059016	0.08611054778537841	-0.004770504895380204
X942359	-0.0024450744782945565	-0.027904819296035156	-0.012703545474124103
X942398	0.0053461255061758575	-0.012333244905493939	0.008621247127937196
X942402	-0.04559555399864153	-0.013838984514519075	-0.04325536365906409
X942429	-0.040121738116308925	0.006717573081872147	-0.03591895141793799
X942467	-0.005400197773514346	0.0014124907144059014	0.03286200387327843
X942487	0.023238034831558032	0.03810890389848648	-0.004410952621870304
X942489	0.02396081544434555	0.04025383112006321	0.001095616966557327
X942490	-0.0421251750665711	0.01530447044597995	0.024156435651976598
X942504	-0.016040870011984953	-0.0207018061666481	0.014162311782894624
X950002	-0.018535266880576048	0.009430750488217982	-0.016732228040014268
X950003	-0.023368847911327827	0.007736996089228499	-0.01530451948679273
X950005	-0.005642481835671667	-0.011495417150395803	0.005416591948046279
X950006	-0.01786299398186332	0.0210101560146332	-0.008022870265827646
X950007	0.019958859243850203	-0.06086580795740684	-0.0015996191424084523
X950008	0.01264906969821433	-0.03804812606083745	-0.021846064839465686
X950010	-0.011398312234038005	-0.011878145506045431	0.011087763001820843
X950012	0.03247921712424124	-0.028991685247297404	0.004561474000629628
X950015	0.002495205219599806	-0.013602184217833234	-0.00742924798194231
X950016	-0.008005569123335072	-0.01456349701774127	0.0038446658763139716
X950017	0.001923708206342821	-0.009432037689878818	0.006544266555503665
X950018	0.005399525080993677	-0.020247005756459664	0.004976759593610187
X950020	0.009852042731424636	-0.011991192339213263	-0.007472489583102242
X950023	0.09923448713100079	0.07963782794066149	-0.006673810971815891
X950027	0.004625713993843129	-0.013441452944113355	-0.007858516167924465
X950028	0.12931610690058393	0.07542719995694451	-0.03101011102570762
X950032	-0.008132357285508571	0.005624097994251212	-0.01369751860381355
X950034	-0.01411309829453404	-0.005254182560668091	0.0002248466412370772
X950035	0.0038512525978447853	-0.008743321378674337	0.006996653162371263
X950036	-0.010269033285492885	-0.011957826378853583	0.0015907324787677412
X950037	-0.0018321969846630604	-0.026901940156482236	-0.004544323955507427
X950040	-0.005246960023143857	-0.0025465761162900063	-0.015083887317199486
X950041	-0.0021448120131457543	-0.012177074939149653	0.00417356205596602
X950042	-0.008645444500554362	-0.024282405307392466	-0.01345842800776623
X950044	0.0021611976361327937	-0.020562294578013927	-0.019387622561468455
X950045	-0.009444814008134478	-0.010684926228258505	-0.01219840366053549
X950046	0.008764712312109946	-0.0169245318507076	-0.007293982233371557
X950048	-0.0237765877779795	0.004200911229249687	-0.011940930853108276
X950052	-0.008555978383661955	-0.01697106076878859	-0.008216122071929493
X950053	-0.0007455213531150411	-0.01741692236148774	-0.01781593541009912
X950054	-0.0038799290990685796	-0.007711297148020695	0.00553969456348943
X950055	-0.03047190981516962	0.02644285098498248	-0.02112714606196535
X950056	0.12103126296631506	0.0710989027121334	-0.006434458210452981
X950058	-0.028988087246779697	0.009044632534991477	0.03460808637090862
X950061	0.00382090092253098	-0.025180420771812404	-0.01781672301228338
X950065	-0.016363992448244383	0.011818147317711216	-0.0171191738960977
X950069	0.013311458852376428	-0.020642303286269575	-0.0025177050986370706
X950070	-0.013813898811975409	0.007913040963558864	0.006081238436206781
X950071	0.008012036800732548	-0.01535317589868166	-0.02048488242293278
X950073	0.02022031726906032	-0.07048524443195257	0.01633749677992549
X950074	-0.007355508870929512	0.0023045816640924763	-0.0010628850443189387
X950077	-0.004731633730769212	0.006342609585927246	-0.01168148658962269
X950078	-0.005605924834368618	-0.009491693288251862	-0.017363692784933497
X950079	-0.013225560854662049	0.007737466562901127	-0.0039003130628298293
X950080	-0.007268805194261739	-0.007967975473008697	-0.019402663213661558
X950083	0.023710612500351464	-0.004795078560818726	0.017528460180632612
X950085	-0.004173669827559703	-0.007981331995353481	-0.0076788708276091695
X950086	-0.006058611733634469	-0.009173791514226115	-0.013891325666036628
X950088	-0.007067732682623319	-0.00831836239146808	0.004402122671786616
X950089	0.004394141608400516	-0.03948717637110392	0.016235080558587744
X950091	-0.01746924553743341	0.03241814631627963	-0.021850783178204047
X950094	0.019783427833520283	-0.016486143377317013	-0.037309529713861
X950095	-0.03634567855906166	0.004623859798369212	0.0029244093855796526
X950096	-0.009392765357477368	0.004708742463466573	-0.006346283158056416
X950099	0.005449623282189082	-0.006646253659655859	-0.025825095419682132
X950101	-0.009195765773830026	-0.01632218244007591	0.002533248210949366
X950102	0.005432923395510359	0.01871791740764161	-0.014924271164022802
X950105	0.00779372142098837	-0.034216014714225536	-0.0003572967366576538
X950110	-0.0067953296815720585	-0.010228081562838597	-0.013301940620506176
X950112	-0.019609906214181017	0.009795521300169491	-0.003411203839467528
X950117	0.003292900885584655	-0.02290961014877796	0.0011828617860420835
X950119	0.0018875614427245942	-0.006436095700500679	0.01018918346231524
X950121	0.014666197952134096	-0.013063146739935897	-0.004284613756034421
X950123	-0.029940388257532608	0.005660579372830779	-0.0050115360567935
X950125	0.01182575885415567	-0.013295865727717853	0.015046050245235993
X950126	0.01549876633580538	-0.022800978597196514	0.013774832104165587
X950127	-0.034728636080316795	0.002798247554868403	0.005497054148471894
X950130	-0.024031514916279112	0.008902947425921338	-0.003081070362627723
X950132	-0.009468219747827373	-0.006281269991180321	0.01232826790942225
X950135	-0.02231936869772485	0.003008265063366122	-0.013325085255811829
X950136	0.025434883026246555	0.06961378371810642	-0.01589656329136549
X950137	0.011833909628356783	-0.012105215874446821	0.026663868552282553
X950138	0.0008953030418123857	-0.009231349357549773	-0.0038934120796319657
X950139	0.0181931458484216	-0.05432035363748116	-0.026578350264074676
X950141	0.007918505766438088	-0.04514091448755383	-0.024511704731031845
X950142	-0.03137347046946911	0.010483824309140483	-0.0044619869216858945
X950143	0.01716854293281208	-0.018538786950136752	0.00500330385437314
X950145	0.004169585900316168	0.00679066529781495	-0.009697851414672536
X950146	0.00272539301918844	-0.011728550549949864	0.005945241402808699
X950147	-0.027034572472113303	0.027429122781576665	0.016180354458058304
X950148	-0.04564341038550451	0.012771977206484406	0.004430782096428978
X950149	0.0044157348365561665	-0.025995459581488398	-0.02102468317476295
X950154	-0.005337032798286151	-0.008169897102102842	-0.008785167051076898
X950155	0.015037298914618894	-0.014611137113759618	0.009450274297179054
X950157	0.13348714259781405	0.07737772212971505	-0.019855871590186872
X950158	0.0009421111356048515	-0.013002025073195244	-0.004274714552222296
X950162	-0.00808788958840566	-0.0007159644581269033	0.013709015197717146
X950164	-0.007383052096981058	-0.008359060192387868	-0.011292317579547972
X950167	-0.02234725563961437	0.015870135959163964	-0.008779177932808437
X950169	-0.0070386665932315705	0.0022559992788592905	-0.024728867716235312
X950173	0.09876975389679182	0.03132701008850671	0.017668175473657226
X950176	-0.004533664908179834	-0.006272236201351156	-0.01015199154057093
X950179	-0.027019432990642932	0.006528403334009128	-0.03636827501725423
X950182	-0.0006339063010519301	-0.004857237922284893	-0.001274994070541091
X950183	0.011084630072873986	-0.038269270290203564	0.0384972325952839
X950186	0.006407558654502626	-0.042486088657988724	0.006269710896591248
X950187	-0.007098242659188082	-0.006340645971066158	-0.0020071113201606747
X950189	-0.02986298597945396	-0.005072817288677715	0.0016073219754281652
X950190	0.034915701037756645	0.05306974200143621	0.020264021487134392
X950191	0.005779907059382654	-0.01382632830974924	-0.009547621064132011
X950192	0.05297613839049287	0.05066306601690904	-0.0036452242875158617
X950193	0.07257221454044749	0.06054092869928399	-0.015089160620723272
X950196	0.03250879718191085	-0.00834652057323052	2.180670808806332e-05
X950198	-0.009804802104141743	0.0015213048514641607	0.00803514946261882
X950200	9.661038838530283e-05	-0.023974876838664273	-0.021415641956534774
X950201	0.011295753321095099	-0.005007393565795939	-0.008883875889187614
X950202	0.0019262430072661462	-0.009054456338669992	-0.016058006464325113
X950209	-0.013478583836735608	0.0008989120990712548	-0.014269753059944247
X950212	-0.007147161924081077	0.05660533336984834	0.006122823767096547
X950214	-0.0014606196784402257	0.003128537742638267	-0.0013551134352394391
X950217	-0.013042402660263765	-0.012157924098205592	0.010690961671818367
X950218	-0.007873101396817905	-0.010933076661334763	-0.00507257841214221
X950219	-0.013999329516237662	0.005187590419028437	-0.02537030964315124
X950220	-0.016207903220288634	0.00746027413902645	-0.019847838948752465
X950223	-0.006256640838328785	0.024714753269687643	0.006932243150862128
X950225	0.14248562067400555	0.0712217788409852	-0.0335452284737811
X950226	0.0007226611113037341	-0.014471490434399235	0.008425309697692111
X950228	0.10666579818679363	0.08029379397561492	-0.017075845810160743
X950231	0.004235976517098075	-0.024509232648391617	-0.0016826436468561437
X950233	0.03601753995929	0.06831527038126417	0.0043651685626988216
X950241	0.005795241654883148	-0.002586464115381674	0.0068610136119256655
X950242	0.004628204680885914	0.016712856695109208	-0.009484942788387449
X950245	-0.017545787111697145	-0.007339147230733893	-0.004082084919854104
X950247	-0.0159309524555851	0.009829587719101732	-0.017661180980113482
X950248	-0.013003200988700168	-0.000901426915755688	-0.0006883290429851004
X950249	-0.0018828393969254882	-0.0028662164245757933	0.019837392662592244
X950250	0.018580080739808227	-0.03708653896357989	-0.030000517603753243
X950251	-0.005318069149539717	-0.00828203274628136	-0.01583198782400921
X950252	0.02371942763589605	-0.016155608638226175	-0.009463252472753965
X950254	0.060062178035861585	0.02855275715251831	0.019005811481199435
X950256	-0.026071895821935354	0.001996141220184294	-6.547052115804507e-05
X950259	-0.006986918804973839	0.003451947973679705	0.002544644841723566
X950260	-0.004304754255118579	-0.01390692694771826	0.013883698194478775
X950262	0.01599463854855805	-0.07698668512092895	-0.034912189036023146
X950264	0.013759880703409087	-0.02027785971396419	-0.005669547996826624
X950267	0.00452260627722781	-0.018288967534434566	-0.00028608628687147895
X950268	-0.00018173894899140797	-0.027251998146638375	0.002382391793147781
X950270	0.010894601041411224	-0.02909768791865604	-0.008278128601852721
X950271	0.010155209770133811	-0.012719203813815751	0.0058862751263057045
X950274	0.0054709821768064255	-0.024896479454336793	-0.015508075677589479
X950275	0.0316675845368344	0.013825124054678334	-0.010301813858636075
X950279	0.006356126357036284	0.026442371809663148	-0.01768427263308273
X950280	0.010742725497354236	-0.0021365073619410385	-0.0022270425245515687
X950281	0.022122024101491174	-0.012960686074030878	-0.006998911255000894
X950283	0.006363666076802669	-0.021779989774002948	0.01519843185482367
X950285	-0.003811780804729313	-0.016357517166425927	-0.0057654781163961125
X950287	0.0016976502993245473	0.006129531221316386	-0.000668547651267131
X950288	-0.004810430380313253	-0.011652875644149081	-0.010135136068150216
X950296	-0.015708047219599227	-0.004254825454909119	-0.012958030296771334
X950297	-0.027519281688584852	0.004091917687341605	-0.020956879582510288
X950300	0.005278697987179285	-0.03741757702202163	-0.0038979367462903284
X950302	-0.03282738658396203	0.010970816364740331	-0.03759280509376744
X950304	-0.010334923826925685	-0.003969221452785296	0.017788209680639714
X950305	0.001540623804716862	-0.023403866513203173	0.014865765310067863
X950306	-2.861040379777153e-05	-0.015126910234819883	0.0046102476306679385
X950313	-0.010307992657369203	-0.013771608500252304	0.005624384400456866
X950314	0.007049374652659725	0.030890044047531512	-0.010810498838384778
X950316	0.0028618044240612314	0.011178833555307875	-0.0018892007945522239
X950319	-0.004977332832853953	-0.008697013908677562	0.012348627444077368
X950321	0.029414414331742675	-0.009084922158910207	0.0028502500936065014
X950322	-0.036718668603794094	0.014092903646396654	-0.0023919895854105553
X950329	-0.011638003355873564	-0.009905327867257344	-0.01905925779634973
X950330	0.011648153636967596	-0.014870252712423654	-0.002385621562438824
X950331	0.0037270615679303298	-0.029298300285649403	-0.019155297557908606
X950333	0.025259215344571623	-0.006750331137473908	0.00885255171843503
X950340	-0.015192995992090355	-0.030986896626745877	-0.0012234250512623192
X950343	-0.003715411873268248	-0.0005552291952431469	-0.00842024273576457
X950345	0.00904916000765363	0.019883379023358155	-0.015408147867824209
X950348	0.000423709057882337	-0.0060375009228060125	0.017671790539051803
X950353	0.009094399583072876	-0.01766831445054908	-0.006213949009834498
X950355	0.007474544206831612	-0.01607761889456569	-0.005953161733986988
X950356	0.01606288462872566	0.03691419642694467	0.0086631604504645
X950358	-0.013809663861095969	0.0719909687288492	-0.002128032181096971
X950359	0.0033534504120019855	-0.02012041680471541	-0.006257135149679181
X950360	0.011792608447773073	-0.014587402704955642	-0.0008991890987759581
X950361	0.0063085585169069085	-0.021276936190401583	0.0008274944352812373
X950375	-0.021172499569458002	0.0186590755914028	0.0018251927014070971
X950383	-0.0015891468792393543	-0.037673263252314404	-0.004248831044689501
X950389	0.01005180697773101	0.011161222165526572	-0.01251660029417392
X950390	0.015607130996688298	-0.004238040875047382	0.003113836578081238
X950391	-0.004470903198139805	-0.012329101021586795	-0.014247816450504106
X950392	0.0006038653194777468	-0.015002670743846829	0.00101736467563789
X950396	0.17480491630162734	0.08899402334646034	-0.07180485100663957
X950400	0.007644517718896395	-0.021747045336874438	0.002936773522986545
X950402	-0.006230428004115277	-0.007393635994986358	-0.02401226042169839
X950406	-0.00894942492168921	-0.013161594988522885	0.18764033695925952
X950409	-0.010923783636825078	-0.011210663042844071	0.0032773342332093757
X950410	-0.011858072045188035	0.01594696184372772	0.0045394506691213915
X950415	0.02713683102430963	0.0286990794734481	-0.025059338594625304
X950417	-0.00964992298866327	-0.010219418089301177	-0.0006861506123376527
X950422	0.00228019589773762	0.007175534440966513	0.005422000605038528
X950425	-0.008027663758964755	-0.011142631785596038	0.022357208273084427
X950428	-0.0531204343723356	0.03261624645747018	0.014179960498344447
X950430	0.022902540505701428	-0.015735056549848414	0.01124260864616243
X950432	-0.006520938927411723	-0.01004953811205503	-0.018427652262381897
X950434	0.003447213603587982	-0.0055579266166698995	-0.007493182367134398
X950439	-0.007782189152812026	-0.005160126612295494	-0.01315349370367283
X950449	-0.0063315196998537165	0.023066784549010417	0.0021329600132222203
X950466	0.007804493454667794	-0.005720244025404498	0.004685727831062207
X950474	-0.022578385299740905	0.014057575980737199	-0.01804400511803497
X950477	0.03210718975637552	0.00342743285989458	0.019594624128681133
X950478	-0.006440883908758728	-0.0016315741469289046	-0.003136217168465631
X950483	-0.00789312698208085	0.019814387507761808	-0.00677682644170115
X950484	0.0185944959765768	-0.0053337630228746154	0.004149410907531046
X950485	0.11311185183709493	0.03278141320629902	-0.021586227668045056
X950490	0.01748746181966082	-0.013266142464266993	0.0028556564901874534
X950491	0.010002333933064413	-0.019768375049647964	0.0018859120373141238
X950503	-0.002728548092324507	-0.007696090136485486	0.010512984604110789
X950504	-0.0008907619453781273	-0.021867358308240593	-0.0036684498051100705
X950509	-0.0065229973735536195	-0.011572459613813417	0.006196072120981293
X950512	0.00878377230537917	-0.0023314250052684404	0.0029630185752641445
X950513	-0.003357015291185884	-0.005192749102112349	0.001569125959954183
X950516	-0.010516198189819746	-0.005313495390102096	-0.0196066510423412
X950517	-0.004273606463034529	0.006572574816158783	0.005755216850449577
X950521	0.024716711618707532	-0.00495381892109494	-0.01595245815443583
X950525	-0.002709145382365969	-0.017730868883200718	-0.008624242448237226
X950528	0.008991373579731494	-0.024000789746590433	-0.006015858302673672
X950535	0.009540761109496596	0.0003904093796469782	-0.006092984472271028
X950536	-0.009526362293210543	-0.012107725356068659	0.0055450245498098434
X950545	0.006462535945611084	-0.003524058318911256	-0.0004288210014796553
X950548	0.02321223621154963	-0.040278816765888854	-0.008021935556886357
X950550	-0.006458783236788724	-0.014722744221027075	0.00223223644027238
X950554	-0.026119614998989453	0.046332377802329	0.005850292419314332
X950557	0.01270923029223893	-0.02360754462311482	-0.000490950119163299
X950559	0.002584288985762776	-0.007995743856328863	-0.01183657380147845
X950563	0.011183843641262483	-0.017098087735121257	-0.010334961910441184
X950564	0.0215110371475606	-0.007522354272926528	-5.9876652042812986e-05
X950570	0.015351271114475826	-0.011326643702925165	0.0006069357166884245
X950571	0.011247493410550528	0.015836790359531405	-0.035622412284540994
X950572	0.001067645224454564	-0.020754978522345414	-0.0054333340387460695
X950577	-0.01275717653549159	0.004549469686910731	2.6719118222495178e-05
X950579	0.03470898016544101	0.021392288034609134	-0.006590657690545448
X950584	0.07153619431197965	0.03911714813313584	0.037667898377839064
X950592	0.004427680230490647	-0.015240209846308639	1.758569147522063e-05
X950593	-0.0057058000813428504	-0.008685594707802955	-0.005985877272210026
X950594	0.01350987613246897	-0.03387359121556177	0.02043633559031019
X950598	0.008868489534053189	-0.01651705665289199	0.004708018609627499
X950602	-0.009264656543046645	-0.000561130610788311	0.004530652141192649
X950606	-0.02764349274352775	0.028409342860998974	0.008468163982013156
X950607	0.02633191641003945	0.0017019395566751894	-0.007913437306665137
X950611	-0.00023438766988432088	-0.03487853950671782	0.00566350275252809
X950613	-0.003174444235443908	-0.02646131981633022	0.0053091233551298585
X950618	0.005650551530779092	-0.027214157494746368	-0.02336874098769172
X950632	-0.01277077955473796	-0.0008203275545798749	-0.0028639127957635394
X950633	-0.037878283915258916	0.034999500619045186	0.04203609376000378
X950637	0.008420975517774997	-0.028706781770987438	-0.00021938558302527587
X950638	-0.001132220151714931	-0.02780475241707988	0.01692697103806321
X950641	-0.012211104718094489	-0.014452644318459293	0.005432339128181259
X950642	-0.015975379879614945	-0.001694782321124919	-0.008178750466288597
X950645	0.016164444647713876	-0.005566569823660864	-0.0007952644564248055
X950649	0.002503953688043835	-0.011749991239604076	-0.018764366929233743
X950653	-0.007302312595505975	-0.01892500725210591	0.018113194084572518
X950655	0.004337915185523555	-0.0036770901547463525	-0.017930848947619916
X950657	0.035863707240898074	0.011122004210635104	0.011847815709377213
X950661	0.06413077290468369	0.07965678674642389	0.03928920165156401
X950662	-0.009692640787830392	0.036307784016911634	0.007013980592106376
X950665	0.002239277180571761	0.0072680372764188875	-0.006149775981312566
X950668	-0.00697500501287458	0.009556761008581325	0.01293282631370798
X950675	0.001987545655223686	-0.0020531299400429687	-0.0033237774112447895
X950677	0.0028684643356377973	-0.0033380744484307646	-0.008477430724871109
X950680	0.00945496368678907	-0.02616365111158562	-0.025591947944536814
X950687	0.01286874434060774	0.023955396301755475	-0.02045234331508471
X950693	0.01551610993251238	-0.00543464851933185	0.001249108860457411
X950695	-0.0001477969930761017	-0.004931913374545734	-0.014606099652706801
X950696	-0.007455919222526481	-0.01335382013413068	-0.0012412324870000354
X950705	0.0029115899525680197	0.0054970064640425375	0.0031002473446529247
X950714	-0.027353735698611215	-0.006448532524003203	-0.018448173311423063
X950726	0.0346047906263319	-0.048321557459280295	0.009229495030334647
X950728	-0.002777289410754068	0.042812408075365155	0.02856934127831777
X950732	-0.007369807839907593	0.0011708902956367529	0.009642331385323048
X950736	0.012757354459239638	-0.0005264293874504445	-0.013668812396463441
X950746	0.0017040937003563524	0.006884782868843964	-0.006525801415248811
X950747	0.012993791006174914	-0.01615561647668806	0.0035690254319252655
X950752	0.013442945325384538	-0.01936517600596436	-0.0043367879191561895
X950757	-0.00913506160222547	-0.02045286993808182	-0.0039020828407402737
X950758	0.007976786804924092	-0.0027030506033281112	-0.0030121671617608712
X950759	-0.005182832007999178	-0.0012654876723302453	0.016685838098055166
X950766	0.006255166909523844	-0.004126594896713211	0.0010441242503339346
X950769	-0.023400119217964085	-0.0042561445544179975	-0.011601074871562476
X950782	-0.01543747400921322	0.006419376534219383	0.0021439537453070176
X950784	0.011532114573815913	-0.01444633432123147	0.0030549094546282593
X950789	-0.014897994445364035	0.0013541094768772923	-0.00030856443636750403
X950796	0.021266736861347817	-0.03110417372121685	0.009301037094685365
X950798	0.0007082715979531861	-0.03450021904787184	0.010201401715537661
X950799	0.02582935588091081	-0.017937956269061202	-0.013613068469932502
X950803	0.00926756786943173	-0.0382946737315274	0.0032023047944556566
X950804	-0.002989903690182653	-0.02030768396054824	0.0084368877947012
X950809	0.011320468756112383	-0.026839817350071044	0.0049422931965434555
X950810	-0.008579428744837487	-0.008825947020009835	0.014885695008622862
X950813	0.015377457078477192	-0.010230923977341695	0.019204216728965832
X950816	0.012882563023684153	-0.009816371584571219	-0.010921143285098588
X950827	0.027480082662885822	0.01106973339121749	0.0030832655277932947
X950838	0.01676191332602019	-0.02585568323973499	0.009362344221531118
X950841	0.012706914293045208	-0.028624739552928605	0.012181364438506675
X950845	0.0003264724549060485	-0.021768875673713408	0.05371512448464444
X950846	-0.016748705260626627	0.007938297585689055	-0.003697937665164723
X950851	0.04500177091719484	-0.0011345212746599264	-0.008308409560171395
X950859	0.012684198075405804	0.011561360753493653	-0.0017419634312391468
X950860	0.02027097584101694	0.05636108946650388	-0.024068852107538834
X950869	0.003480093782100024	0.010932215558171483	-0.0084523472965327
X950873	-0.007387811418636595	0.011974204876006516	-0.0010493264612300049
X950900	0.013491711516471534	0.027660480887845118	-0.015875269657435433
X950904	-0.009698240067179727	-0.011933558288410523	0.01378391896389225
X950906	-0.011911315998037486	0.0070491585650514525	0.0036939002965879356
X950911	0.0022349885803232645	-0.01998128722047944	0.007928724144604661
X950914	0.0006162866460035358	-0.01965389018827495	-0.027588283020873707
X950921	0.0030872236836980782	0.033708984015989714	-0.015176678460851824
X950925	0.013177097536306321	-0.04885404820906244	0.0019558794327863113
X950926	0.019566623361119473	0.013677939592215083	-0.025468569842792763
X950929	-0.01720787128116823	0.00795801800515335	-0.01069393882448309
X950963	-0.011779343310908649	-0.012701790026126144	0.017463750545492217
X950966	0.0051051671202724525	-0.005133195519972124	0.01167251987536187
X950968	0.02058238474385863	-0.05574202378005231	0.007379190426364797
X950987	0.00233947414194733	0.009503282589917025	-0.0015020292882927744
X950995	-0.027399861292140455	-0.004132606682934742	0.0019726446359710223
X950996	-0.0221804159883422	0.014029807895897093	-0.0007141170984997351
X950999	0.06820463922654145	0.04159656063648836	-0.010322649192364945
X951002	-0.010547603761999593	0.0140611673361178	-0.014352560816271471
X951018	0.003578407785020888	0.0076299785710311745	0.012476166775847649
X951019	-0.009185538109744717	-0.021488283423386864	0.028136805344300162
X951027	0.01906057845232683	-0.024121588153296108	0.01578608229977186
X951030	-0.004326558717530182	-0.008309097384538375	-0.02556933159374447
X951041	-0.011068294153805319	0.001654712687741688	0.012449622748059538
X951051	-0.02230746058812199	0.018375366152727217	0.001651008390421748
X951054	-0.006695424942039389	-0.0011895276292611503	-0.0056911384992316865
X951055	0.0037375613605529763	-0.012810060601818768	-0.003974965866320817
X951067	0.0013368452905868518	-0.01202371899084741	-0.0013421240553813981
X951071	-0.0024136921894625813	-0.019733146511099264	0.008581851160834415
X951083	-0.026973621213358858	0.026213386770613505	-0.00689769291327695
X951085	-0.015214331610619001	-0.0175727591546236	-0.004017223830170161
X951115	0.010706887889319677	-0.015406735432159882	-0.004413453502441334
X951141	-0.010718153455390886	0.03933725666322413	0.0004709838513576455
X951144	-0.004510242913021861	0.026472700243358124	-0.0322418029735642
X951150	-0.025625464223231136	0.001679959725006716	-0.00238544854665301
X951151	-0.013408833305521992	0.0006410765453410196	-0.015304484877206795
X951154	-0.005319985187118154	0.004106718388549242	0.019358788967330207
X951156	0.004389984055656122	-0.015087104550853154	0.006890690702687055
X951162	-0.004615550984293686	0.021773867095723362	0.0009200948241336447
X951171	-0.005532558981467956	0.02245294628309895	0.009636749019531425
X951174	-0.015282245889735693	0.011505258222457735	0.0016298869731337104
X951242	0.010531685486402015	-0.013031464298965588	0.006577837184941141
X951273	-0.002625557311272526	0.012866821716128718	0.015184280960524321
X951284	0.007792865392183741	-0.017610385339460403	0.0013202052579050383
X951317	0.0128871174576129	-0.024590828053488015	0.011495945808335318
X951318	0.019800431751267476	-0.005609086241027824	0.005585640775980281
X951322	0.016404861555163498	-0.021638094278390092	-0.002330251048103613
X951337	0.020869248840056812	-0.006325324250000288	-0.008395408543775986
X951365	-0.0050497109910076984	-0.046287358275394486	-0.019350389145484908
X951409	0.012078356366444868	0.043069052950236955	-0.030065532367141518
X951429	0.005196053552285875	-0.030037822428405733	-0.012972958893103867
X951457	0.02185274385211207	0.026915166402796828	-0.004135826216963463
X960001	-0.05595444574832768	0.028282873124048414	-0.04419124299814214
X960003	-0.0037185021629544653	0.01064241629225295	0.02607843793309267
X960004	0.003911371550397024	0.001911355303271322	-0.025688746991657987
X960005	-0.003965147238834362	0.0006812145052951514	0.011940707555159101
X960009	-0.023865205867717062	0.007006770517805729	0.03214581730632957
X960012	0.008136749612868671	-0.006881192823982831	-0.009993262550358236
X960016	-0.012781420197744895	0.017144970560781483	-0.021309322432439732
X960018	0.023786807170363956	-0.028481013729795376	0.01048410684411272
X960019	-0.04972384221754964	-0.033893570791504124	-0.11127679080723042
X960020	-0.006398952105909835	0.02599976130026514	0.0035860231500438973
X960021	-0.02207261834945636	-0.016579018015716138	0.016190223570642745
X960022	-0.0033037646342392287	-0.008833880625633238	0.008199150064517862
X960023	0.025384894417897277	-0.05251251076574437	-0.015757194321093074
X960025	0.011149865617811878	-0.01170236916129977	-0.007835464295410549
X960026	0.0036149490077226603	-0.008141705651678594	-0.024140734504592965
X960027	0.017341005905565556	-0.019397637132541976	-0.008645095258668602
X960028	-0.013712623368453185	-0.03050960494933793	-0.059824338706796945
X960029	0.013838710425688613	0.0009979917279676173	0.024434191035417305
X960030	-0.02026012064970166	-0.0001625349764151791	0.019744742476672714
X960033	-0.04456678880364458	0.026581005011396732	-0.033946038158920784
X960035	0.05698385551529353	0.10084581142099808	-0.006096470284825085
X960037	0.036504710848164826	-0.02633943941122468	0.006427847949699409
X960039	-0.002590433021987496	-0.012306097283779096	0.017146326944468746
X960040	0.014504575565718483	0.032262262809433236	0.012153462693734683
X960044	-0.01188402794926113	0.016437585291900987	-0.013340116191494692
X960046	0.0406752745464786	0.027795549262403085	-0.05269379554113305
X960048	0.01566177008810222	0.012769823207029848	0.04792781391150862
X960049	-0.0045536801813996905	0.013439896106066569	0.003722262788007378
X960050	-0.002368787911881226	-0.013532069226852909	-0.021071622402063388
X960051	-0.010514830829265069	-0.026016886903233505	0.004333710758686796
X960055	-0.019034811664682048	0.009999997950700605	-0.017280823734901234
X960058	0.013456665577892041	-0.01065997826795798	-0.005767404382751815
X960059	-0.015332928517409116	0.003928376588184474	-0.018941049816509813
X960061	-0.034222450884463955	0.016702985083743224	0.008655489885935683
X960064	0.0019677410849372077	-0.01987589132965628	-0.0045066649377671145
X960069	0.002206246188568716	-0.023924347568717093	0.011460377341039354
X960070	-0.0016789724186125668	0.005311488028492814	-0.0028522900363045283
X960071	-0.013552767944566226	-0.0023084979680151694	-0.007028548135993538
X960072	-0.03954604412574364	0.02027328926885016	0.004039569400307009
X960073	0.015932628281382057	-0.025908921735168747	-0.007077958220262178
X960074	-0.01999266409085247	0.012098374759758132	-0.014815527696285071
X960083	-0.005832117514635308	-7.266106798212404e-05	-0.0069143490122104715
X960086	0.024615128630430933	0.048802884328049016	-0.0632502856505035
X960090	-0.028298859738620844	0.01626428793964013	0.006643879928079245
X960091	0.01648629729546829	-0.014196251997073783	-0.0002676477208890138
X960092	-0.03556059869785247	0.010174881724667708	-0.008426394941230543
X960093	0.006398721987023737	0.007124180665585654	0.02483369652889543
X960096	-0.004482864280265019	0.013946990363658616	-0.0076542257819348794
X960097	-0.001502745046507409	-0.012907211418311375	-0.00948953523770682
X960098	-0.006508035812172239	0.0015332083651633382	-0.010997365708441008
X960099	0.004966887170465702	-0.01197578544262213	0.02023042732460725
X960102	-0.011930722444024981	0.008360437105043588	0.03131602558838989
X960104	-0.022880680459594738	-0.0039826627361112255	0.015164308150646347
X960106	0.0009712789696720986	-0.009695806797140431	-0.014817740119756386
X960108	-0.007875552609611999	0.00982064480017339	0.01653938077127349
X960112	-0.02510511391971433	-0.013243193036997027	-0.08014375982863524
X960113	-0.017611375583144788	0.012113305747143435	0.003050813368081202
X960114	0.013552952279511298	-0.009168121921722039	-0.012424016443914087
X960115	0.0037823265265512947	-0.01099065245654861	-0.021147824498124766
X960118	-0.027842942184863672	0.002757881446805571	-0.004851629285137808
X960120	-0.010302521921190808	0.0016976776434568669	-0.0032942530581759593
X960122	-0.05415308525490981	0.011462301207188039	0.0015553137780424525
X960125	-0.017723522274660248	0.033951481477212754	-0.03239757322394803
X960126	0.0076915104823525	0.03479485967177092	0.0139127424587684
X960129	-0.003274875363167013	0.046859899484339454	-0.012737176735112024
X960130	0.01031708706451142	-0.0023516138776677304	0.019322630296649296
X960131	-0.01925497240038755	0.019153228541941826	-0.007641156155606978
X960136	-0.016515817262880775	-0.012848288419900931	0.010689248397750496
X960137	0.001013573186357186	-0.007894476024183023	0.011994562284940011
X960140	-0.009166823128934565	-0.009177550048045024	-0.020244119866172274
X960146	-0.048779597090911765	0.0006389568323749133	0.13288404080129262
X960148	0.024937585411012042	-0.007333719053292295	0.01556426436371545
X960149	-0.018291032750026495	0.0006176886665369636	-0.005708689053233737
X960152	0.028447369179570862	-0.001167301801195146	0.007463884375288152
X960153	-0.010426492438038306	0.027010878440281456	0.019587571376203795
X960154	0.015385332612838276	0.056367200611828275	0.018091480771088804
X960158	-0.002325575137630621	0.01370407977866684	0.005350125141557736
X960160	0.01507293707339986	0.021534677880725033	0.0031316530212285596
X960162	-0.0014985993328695646	0.0034633392886534078	0.00940156872121468
X960164	-0.008162185396954947	0.007537272649751087	-0.0019532137037653443
X960165	0.0069445615146412785	-0.04142836528236835	-0.058242135458969585
X960169	-0.0008827833590448073	-0.006377378213653231	0.005860948621947937
X960171	8.061892351107346e-05	0.031094119556692904	-0.009327568693055606
X960174	0.009384302874010564	0.02824519132998817	0.01945435532141642
X960175	0.0019129680673330802	-0.0031241630527187795	0.0027109251573103526
X960176	0.025816657282822245	-0.003179590411959925	-0.012708127884094294
X960177	0.020578962704174933	-0.08034965158402406	-0.04229823776567529
X960178	0.02150365644134508	-0.009246952512421037	0.008938484501419597
X960179	-0.002242112695084148	0.00633035166327266	-0.007207807498071842
X960180	0.00879597708120668	-0.016275548590910387	0.038739600871612545
X960181	-0.01838288592919727	0.004175644090543824	0.001254732107660479
X960183	0.03880805299964955	-0.03646270721730158	-0.0011000643664738996
X960184	-0.013497997010333291	-0.01390765727309566	0.018481401709704394
X960187	-0.0202862144577715	0.016317132333738025	-0.0051464643318479405
X960189	-0.012815556857254076	-0.02607471044464741	0.1001035467151735
X960193	-0.008046738427474078	0.04472885733496235	0.021100413657200542
X960194	-0.03441268555239928	-0.004182592686197106	-0.07267608529262568
X960197	0.0026096692526054186	0.008110512307286091	-0.007440949833899439
X960199	0.0050303995114789396	-0.005184154324319604	0.002983302140584763
X960203	0.012008913294202115	-0.020074276188817256	-0.002425991068933077
X960206	-0.07757591478913843	-0.05291752773166594	-0.07810082756454743
X960208	-0.010946819091583522	-0.054356382189616775	0.1204249130562303
X960212	0.00016019752029281537	0.01042563526054174	-0.0049172934500845015
X960214	-0.02328674790266207	0.005850423869709504	0.05012084857141083
X960216	-0.002862771671900572	0.0030439741106228647	-0.007632180127927403
X960219	-0.026991468556660465	0.03828586958887293	-0.027130906803456357
X960220	0.00038623791220329066	-0.03189467869238619	-0.03584434416875434
X960221	-0.015669063572159057	0.03563049860610321	-0.030290056641503044
X960222	-0.04335791752990363	0.02841548682353634	-0.05289103932375979
X960224	-0.012642092989797698	-0.00027466141788055	-0.005909741225110985
X960226	-0.02541663621039693	0.06788604250913279	0.09897391969588674
X960229	-0.019526985921653372	0.006634685052632386	0.007001296398410516
X960231	-0.02561674939307265	0.03151011388473797	-0.007971277443886019
X960235	0.025370617875658783	-0.005051230069212902	0.017573526388217547
X960238	0.025018817038635427	-0.007029954592366812	-0.02835448519101276
X960239	-0.04626372500932043	0.021936954180279043	-0.024533745599858277
X960241	-0.011932015467247916	-0.009504898208385652	0.01824489124887957
X960242	0.13175565852981555	0.12389879475247177	-0.0442471192305391
X960244	-0.017565376483153265	0.005877094796713813	-0.02877108653702794
X960245	0.006468934928830902	0.027307774400341694	-0.0028692506181919003
X960249	-0.007080681876134905	-0.024809070637804055	0.025998238389689513
X960250	0.00010744183462915838	0.011732999110188295	0.007641678824119206
X960252	0.0020836214472243807	0.016726986141006886	-0.02095344823251554
X960254	0.0033007553973376535	0.0025401965798609646	-0.021524732768479344
X960255	-0.0041019508349818545	-0.005501470404957027	0.020136712290881407
X960263	-0.0077709335515435424	0.0047828132072137465	-0.0012587687465610061
X960264	-0.009560042912862325	-0.004816519986464012	-0.006201934351010809
X960266	-0.0009036615225176964	0.019714451031640715	-0.016982751482825638
X960267	0.007066824592083587	-0.0034775836575072945	-0.006178902483338921
X960268	0.008817754159299546	0.04927940477346762	0.011235698682206535
X960274	-0.025787360796256154	0.010009684160673537	0.003434815373258272
X960276	-0.00542341012907449	-0.026314784303637314	0.0246628595648244
X960277	-0.020159583801437127	-0.016691945865008388	-0.03119550572364334
X960279	0.01918234395465897	0.010321812254650273	0.003914552943952926
X960288	-0.0018824402906132867	-0.00535303479163487	-0.01583686914020136
X960290	0.004536535290298138	-0.01839591309774596	0.002957527655177538
X960297	0.0042207760237178635	-0.008472838400419538	0.00969924368387823
X960302	0.02588742877870499	-0.06950837005365192	0.00019183402552827193
X960303	0.011796320708656426	0.00668168520006318	0.02924827534791479
X960304	0.059650269424506935	-0.04699900178578179	-0.01717479130895277
X960306	0.036832207351553785	0.04348284529597035	0.020027744134614965
X960309	0.011284237032819019	0.011609467153319933	0.013964582029715867
X960312	-0.01303956813782465	0.053047811653791195	-0.02420836154913927
X960315	-0.010956600390161426	0.004773433644281639	0.008915004057167207
X960318	-0.007678641683231552	0.006093876141769805	-0.013774629796185446
X960319	-0.027324885482454094	-0.011289626838589422	0.04138532664080235
X960322	0.009699963677209142	-0.020367923519332275	-0.013551924202853713
X960327	0.010204278792162493	-0.012523267348056744	-0.004716230891841306
X960331	-0.01543817376419921	0.011596191632006803	0.004252919980351573
X960336	0.002091533715853208	0.03009233760445029	0.004531685996098397
X960338	-0.003050792430066315	0.03951527333408642	0.014937653368202401
X960339	0.0042301751079877135	0.013708675713077162	-0.0006221685533935808
X960341	-0.0007656632685538174	0.025767296314828197	0.02970469141222092
X960342	0.020127055680438457	0.019112271966511094	-0.0017805160799220412
X960344	0.022608799160618143	0.012318087676061162	-0.013172434624774626
X960347	-0.006949320489141402	0.0013542198889142105	-0.0016083732708753891
X960348	-0.0028154433304344233	-0.004330746386764177	0.011334673690987373
X960350	-0.00799480346325388	-0.014614737709360906	0.01151223872325114
X960351	-0.00789364724044895	-0.01895106890732996	0.0026827352849115083
X960352	0.02636621200868184	0.010862706348852405	0.006463695859766009
X960353	-0.04676933633212382	0.0140674121674899	-0.035336486417999025
X960354	0.00500058202674958	-0.017114537470533642	0.004612997345516848
X960357	0.024206359793978286	-0.050159796203899244	-0.013343505945517534
X960360	0.014813703420825046	0.10831720667578401	-0.045753919483884374
X960362	-0.01844783153393849	0.00481808194255139	0.01741520259691637
X960363	-0.017131562113215894	-0.008170107595355166	-0.04144121864134132
X960365	0.011899549843383003	-0.026959397625262612	-0.02457415117738007
X960368	-0.0038397492881353133	-0.011889693991948776	0.004041908352548877
X960372	-0.023505138613402057	-0.018453793128677405	-0.05129828125805852
X960373	-0.013249446533059008	0.0004302420502517351	-0.0035287065273472487
X960374	0.0025561523390486554	0.10418857422884342	-0.02209236189862176
X960376	0.06846915224562984	-0.022107449628205492	0.010829137558686188
X960377	-0.012882363375731736	0.01800028275414015	-0.024752156352622033
X960379	-0.006443130764800195	0.0019361864590739125	0.003767391566836516
X960381	-0.03566782915958491	0.023844103430434603	0.007806807005197496
X960383	-0.0214467524123253	-0.02902908476894041	-0.04121144694467857
X960385	-0.04046091673660975	0.016885562945543765	0.0032877025401738423
X960386	-0.003366147684855471	0.0014822544624154739	-0.0390232135209743
X960387	0.003469869612328631	0.010565899099024527	-0.017941020304840634
X960390	0.01607540701013824	-0.023500142859483417	-0.004357584544168749
X960394	0.04455055458431265	-0.04232539487403591	0.0038105253716038145
X960398	-0.043927067074454894	0.010443899000530825	-0.008624616326143721
X960401	-0.000801151851668277	-0.012610381807469909	0.04050901634673159
X960403	-0.00438148017608256	-0.023771997526442844	-0.015709479522613718
X960404	0.003549694849686974	0.014445459183748573	0.009313709459459248
X960408	0.03666214620446601	-0.08511207920445446	0.004304321234855659
X960410	-0.02693191862753157	0.01221292817540904	0.022329741219233184
X960411	0.0322069647594313	-0.053275767061567655	-0.008858050146380875
X960412	-0.035063972703779075	0.013974510965724931	-0.008509004816626019
X960414	0.0045448094019892235	0.05286482162335007	0.013908691807533641
X960419	-0.01159335805742975	0.0034896287482925653	-0.012737085394940919
X960421	0.08893180438816688	-0.012107793754517723	-0.013273842630927336
X960423	-0.0029501644280689404	-0.015842139283107723	0.033977892550492106
X960425	0.006320486601878022	-0.010224031495559933	-0.007662924453951854
X960426	-6.894482714246969e-05	-0.010347113218711108	0.008378773992313432
X960427	0.008744917711339166	0.03485273354482216	0.010554079931543338
X960428	0.0022081076869706496	-0.0021124515213667913	0.034824838337940256
X960430	-0.014100838139705424	0.00878115902582681	-0.005254072769223907
X960431	-0.012838889354469182	0.03955066696995232	0.002371507194345599
X960434	-0.0032896634634554697	-0.0016209500418317127	0.038320160776503
X960435	0.01771890223733439	0.06576445023317619	-0.014788223940571745
X960439	-0.007761556634572573	0.015378148626045666	0.015546289662785241
X960443	-0.047486201021651755	0.035622500878276134	-0.0964898845493542
X960445	-0.004085872406200612	-0.009661095420644675	0.009661569284837789
X960446	0.0067259402014124845	-0.005503724284765419	0.001761572128174591
X960447	-0.003699357707659906	0.01121629751882772	0.010801991879144886
X960452	0.02373151047701085	-0.01115831823819039	0.014806234222933387
X960463	0.09483254675128112	0.08785077946491182	-0.024588155376078915
X960465	0.08934755109166047	-0.009572868007384978	0.03544925444993129
X960478	-0.00010214415779258956	0.013854270114651688	-0.023768275240740776
X960480	-0.002265540090654321	-0.03100196430533215	0.00456195748800616
X960481	-0.029048227754605735	-0.011661230283579876	-0.01380250174352901
X960483	-0.031779198618081775	-0.0012858196290892307	0.03768182469883387
X960485	0.00185319244544255	-0.09822273332908092	0.13341229656070847
X960490	0.01847534293754774	-0.012450135622781064	0.002603717429056295
X960493	-0.03212033877801958	0.02087258308239752	-0.0464433979713398
X960494	0.021399390265963342	0.020821332700824435	0.08328603772364324
X960496	-0.004802822223370866	-0.005131328525023717	0.010462880453595013
X960501	0.010947874397355178	-0.01405996516218945	-0.016107524920701655
X960513	-0.004068518114854275	0.016161944799519195	-0.010805051121351337
X960516	-0.012220405976776984	0.02144762624998815	-0.015341930609786461
X960529	-0.012288412046873464	-0.01088873965495935	0.014737323945901278
X960538	0.015564199128715286	-0.04796003075813036	0.003925893173666643
X960542	0.10061895573546674	-0.09413645639372237	0.025130295736724
X960544	-0.024770506269366315	0.008594308812114404	-0.015332116609560393
X960550	0.02375023002009813	0.018713023580786255	0.023908814449755525
X960551	-0.009191888147175777	0.018610032314164544	0.007670769372609108
X960553	-0.003530905264446843	-0.01730937227730564	0.021518008732273268
X960557	-0.046091868847415646	0.06215196469711962	-0.008310963620012973
X960575	0.02419502528207137	0.06881294285544824	-0.09073158169164712
X960577	-0.004033914343582452	-0.0012431048185360962	-0.006473604425342927
X960589	-0.02575755992207738	0.00407174031273088	-0.041813493885116834
X960591	-0.05293270918562903	-0.014122064997851413	-0.048608230587291766
X960592	-0.056431235487073565	0.0018149211908130662	-0.15363538257328482
X960596	-0.053567391510913324	0.05328133713529014	-0.014543567630655447
X960611	0.0023740701627306357	-0.023810124046752694	0.02073007811305152
X960612	0.029974801943240176	0.01974072428639386	-0.01776061958562593
X960616	-0.003510064124423303	-0.008059783631335507	0.01562647924220525
X960632	-0.005094805396642186	-0.009060651636523226	0.012417660116005388
X960635	-0.008701834605974325	0.004915716462853015	-0.006126966762737158
X960636	0.000621225878883312	-0.005289440769415515	-0.0017146353541636823
X960639	-0.029605010522540307	0.00797837344807376	-0.031102385085312725
X960643	0.003408545385169422	-0.006444452501358139	0.010888934937207431
X960651	-0.025197462671612218	0.02327055750253895	-0.012405374029975005
X960658	-0.021816663693552906	-0.013347171487404347	-0.06193025210206776
X960659	0.018860548077391622	0.018603615613651776	0.0011902572673822436
X960666	-0.013992935758723317	-0.0035994466870128694	0.04736729440056542
X960667	-0.00349367019397423	-0.01074214080663825	-0.0017459290473784285
X960672	-0.0012933471154791527	0.036612645699597116	-0.0013926629372739226
X960673	-0.0286556583704898	-0.028598849318837563	-0.08542378904634675
X960683	-0.0480173013346879	0.0033241364046122323	-0.005232978163659045
X960684	-0.010939120957883635	-0.011801693527854618	0.014244832293460392
X960692	0.002583011976917695	0.017303366200883272	0.010995088223920872
X960693	-0.013408112449937984	0.01692670097598295	-0.009121022143292945
X960712	-0.010858753665320492	0.04836388161562509	-0.04325265086309116
X960719	-0.004821919869434602	-0.014619225163852778	0.037949942939633295
X960720	-0.001031675358592903	-0.01450888037102712	-0.016522578808220823
X960726	0.09775875211017039	0.030291869850194414	0.059137407224465685
X960743	0.003158023814884954	-0.00979316385734881	-0.02508244916741898
X960748	-0.023569714137358134	-0.006236829648674266	-0.01406933288098055
X960751	-0.03910207789793107	0.04196823204269192	0.059656078060150795
X960760	-0.025017679588173105	0.008010068937388759	-0.014745738220324852
X960764	-0.08876790825780258	0.03562557875798843	0.04524356652397229
X960788	-0.009920639673279068	-0.008255406437636796	-0.0700196589622056
X960792	0.03231273225151656	-0.04009020402501739	0.006944874117853855
X960793	-0.08995167516465638	-0.052698203506624304	-0.07127016699738095
X960795	-0.010917158316333964	-0.018358013310364324	0.033881234775213584
X960796	0.009668075343504574	-0.005579439839209898	0.027732518831825082
X960803	-0.0021576520941647913	-0.011666621700735392	-0.009018659171724565
X960807	-0.006677642005972684	0.026151180361898802	-0.021169276261576542
X960837	-0.012231688673707617	-0.006204437053212539	-0.006266129393671391
X960841	-0.020670127405364162	0.012954558236240065	-0.06104540202944452
X960843	0.002199361152159513	0.009021011772235299	0.015569703283840929
X960848	-0.014912132097951626	0.020400936272601655	0.10476093310212696
X960850	0.006023560521704659	0.01777686976044166	-0.10057580270857845
X960851	-0.010447070774959946	0.03006581354018304	0.0013566744858261727
X960857	-0.026934637988608446	0.0061517019258037625	-0.002117733904795309
X960865	0.008050174692029524	-0.07475928869767731	-0.04533943014180234
X960870	0.015560260759360182	-0.018652559500846867	0.011120793465001777
X960875	-0.027842932242149444	-0.009576119799394997	-0.053308040157008414
X960883	0.019326170392061685	-0.05763132043806527	0.020508728996944867
X960884	-0.01695427726171522	0.003692968778476373	-0.016408877266298603
X960892	-0.009704869955997928	0.031413878267918895	-0.005907146949651673
X960894	0.00018358560207603055	-0.028700646337864507	0.0022255381533897427
X960910	-0.031131871979495355	0.007649115394338127	0.00845560058371659
X960911	-0.018044549774511125	-0.010764930529125588	0.010848485883637371
X960920	0.005103718493051078	0.011421559649164678	-0.006811996103638344
X960934	0.07965040078213952	0.06161189788355744	0.05248785345600063
X960939	0.008109114831229116	-0.013435660349546488	-0.004653837231661531
X960943	-0.021740918924136394	0.011593522580563412	-0.019502221161261806
X960944	-0.0664821990922199	-0.017456947407915355	-0.06089563404083517
X960969	0.015560538457509755	0.045116318251596815	-0.009907359551180507
X960972	0.022442712800735353	-0.05042011218339937	-0.023808028260053044
X960974	-0.0025281870167353426	0.004280812149805806	-0.004492476153514874
X960981	0.023984938126373867	0.01956089759352483	0.003642049304446367
X960991	-0.02967170969361526	0.0013936363467534436	0.04461512460159021
X960998	0.003441328749499546	0.009309645813530389	-0.0036987850452844763
X961012	0.0004807353638248921	-0.009511594694237915	-0.03826712229523489
X961035	0.03631364122777915	-0.09092325893676464	-0.10888403420925877
X961077	-0.012409585872184908	0.001639810447619349	0.02959074138099162
X961092	0.05577523904594907	-0.009318213641988591	-0.016369433331909666
X961096	0.013935250393605582	0.03265931848661923	0.018089386344224724
X961105	0.007326468115954955	-0.008789742645944811	0.013442514433331014
X961124	-0.06542077644875484	0.033017870948398385	-0.02790804672882566
X961128	0.013209418550499593	0.012129484872478632	-0.013602732959466176
X961151	-0.016470597950098288	0.018362413564507577	0.13591241958725994
X961177	0.040325679179254025	0.0378983537232174	-0.023454220167587945
X961180	0.06486722980249333	-0.020266686302818828	-0.03210700587980692
X961193	-0.04466280944309767	-0.014264922834511558	-0.056908533921591856
X961214	-0.012022192474225816	-0.017759645475379997	0.020177929431702848
X961221	-0.01403831766644035	0.0012661792548060518	0.009537553867995688
X961226	0.029223626680831796	-0.07559060086753155	-0.00024623452065819024
X961240	-0.012253144350204984	-0.016704235490834492	-0.05422382418380879
X961242	0.03605759454218595	-0.04088054844327976	0.018577764905749104
X961243	-0.055469822796999795	0.01975037698074215	0.27304033554497725
X961246	0.008545286596781066	-0.0074446861695156	0.007087445695752796
X961263	0.019877820930858218	-0.029446034654196495	-0.009922157415492442
X961282	-0.004775042071648289	0.019448230764477353	-0.002468925636923627
X961321	-0.005182871306325745	-0.014779289602278915	-0.006862159650763693
X961325	-0.05670250847505106	0.026624029559543478	0.15325200098781255
X961339	0.001957835701229879	-0.05551353307206214	-0.08354587890027508
X961365	-0.020421968239574918	0.019488288430117448	0.032967010174652416
X961417	0.00449044376579347	-0.0032957686067254083	0.0043378497469872684
X961423	-0.02466218986276577	-0.0015942019681607481	0.01884256966668498
X961434	0.007782541643693938	0.04471758239048895	0.00015379107223104584
X961485	-0.044471465506905804	0.012479430772240677	-0.03294609512383967
X961553	0.050007539164249756	0.08509853656173909	0.013454760394099818
X961577	-0.011595613220219209	-0.0018279531277700125	-0.039291600517758964
X961634	0.015006550345191154	-0.009524381230000016	0.011890402158045503
X961684	-0.004725478050790656	0.004457080660978691	0.008195049593491018
X961686	0.10845847940390652	0.06992396729193602	-0.01727190775309958
X961738	-0.008348416811414692	-0.06321969819356126	-0.0191471876425507
X961809	-0.01112464346001031	-0.02847954772087461	0.002498329063294294
X970002	0.019007065413896372	-0.014613970848778489	-0.003447176307783934
X970003	-0.010369539799554994	-0.008047653092253382	0.007521314314307029
X970007	0.003365836140836121	-0.009331027441275721	-0.028936688132188536
X970008	-0.0031931688847676347	0.01240647640594848	0.008613888396092891
X970010	-0.007633887200446055	-0.004581362249095495	0.009656655167149095
X970011	-0.013783804024759682	0.023187442826129473	-0.02634940608031715
X970013	0.008786068524862356	-0.013527845985369337	0.016225328500104965
X970015	0.00420486534819532	0.06929218017605271	-0.007992495869164874
X970016	0.0029162251196069196	0.010482811255081737	0.0021868550153384615
X970017	-0.042303313346703814	0.012163192427811218	0.030536661022357626
X970018	0.06271314073658654	0.04954896235346064	-0.0017497560886955473
X970022	0.02176145461096827	-0.0028907483612505957	0.0010321456960849685
X970024	0.0005359262957089217	-8.973881369697905e-05	0.007797607943404049
X970026	-0.0058054473071463475	0.011881532120542965	-0.0010682262298112677
X970027	0.010832220933513529	-0.018986670236204314	-0.010516821975772908
X970029	0.004186223190173783	-0.0012164119686866026	0.012775394680702564
X970030	0.06316277406347953	-0.0610589082353017	0.016120957385781984
X970031	-0.02802595429423737	0.048689830549302475	-0.031574980831008286
X970032	-0.037995707799982875	-0.01613187172606096	-0.05607451863941903
X970033	-0.002360860401806594	-0.02349354559472734	0.11978554248756515
X970034	-0.01645113449626861	-0.007800565044091516	0.006791956716980812
X970035	0.007733851422596649	0.007903726725615307	0.008796263799395963
X970037	-0.001963243632947758	-0.01199154746048443	-0.009670083569403264
X970038	-0.01732342370744109	-0.015571942764815348	0.026360451150075168
X970039	-0.0015815185168287034	-0.015038660227428703	-0.00043103848342729447
X970040	-0.04491744264398132	0.027274873530304992	0.010147100275712221
X970041	0.006025505746149135	-0.002221311696548504	0.005240726861449996
X970042	0.0315951108504463	0.00481101729887949	0.022053154003476624
X970044	-0.00407178390796078	-0.02015121739060265	0.010705948034212681
X970045	0.001021772854356075	0.02133262579936961	0.002947101223517322
X970050	0.004883818319976637	-0.022637189078735027	0.008705299073999813
X970051	0.013036843589098745	0.026909667320884262	0.007830533455141668
X970052	-0.006316279852605293	-0.02535335659901302	0.012842175106150124
X970055	-0.010140172663941353	0.004906396681268553	-0.018859108064824614
X970057	-0.010648216181383398	0.030180194324345117	-0.004337984748927439
X970065	0.0003877786362582641	-0.004283235804921291	-0.004047099777982819
X970067	-0.0071584664698033	-0.014848938679834467	0.017611369659761136
X970069	0.0044353088929974934	0.003246308986586256	-0.010549382188365465
X970071	-0.0013018766374655935	-0.015614642515605223	-0.0033949260841788374
X970072	0.009132834095989754	0.023881149010045465	0.00832086552210383
X970075	-0.030568412107159222	-0.007926961795047592	-0.0031662230349713905
X970078	0.004887435866427339	-0.018452457119973547	-0.008776280313463655
X970079	-0.004415630975723275	0.04771152769789149	0.010441421298218168
X970082	0.01819868977765769	-0.05411829112503797	0.016196706195427915
X970084	-0.015266104526312146	-0.002526783330535942	0.018778386293928827
X970085	-0.044566779672779354	0.03324225791718112	-0.008726500380006011
X970086	0.01700488071897341	-0.0073247587370205884	0.01280452919255924
X970088	0.003280087657762309	-0.018021919736737432	-0.0001921835903448678
X970089	0.018895150516865408	-0.09894150462937817	-0.0014362330764881612
X970091	0.11422290925601312	0.04939848365015459	0.020772246403446656
X970092	0.06990679851668025	0.09582976332369572	-0.0558896035610019
X970093	0.0017069242043858477	-0.010562932913614114	-0.008144459528858212
X970094	-0.03428575618829072	-0.007105581472168116	-0.008106590275694485
X970095	-0.020870439683461302	-0.010227378533816575	0.03468937822593673
X970097	0.009071848179992546	0.033396558057512155	0.005559683636615344
X970099	-0.019060301230397463	0.00921324317702288	-0.024194267290542994
X970100	-0.022417710879991996	0.007250357070215673	0.026694854942194916
X970102	0.09817520953304273	-0.0625945029578461	0.011186776122204102
X970106	-0.017855952974311973	-0.021610620329023434	-0.005391848460768792
X970109	0.007334824900282717	0.0014873941454041474	0.004863441473098905
X970112	-0.03275054740210812	0.008756216274228075	0.018173888960958708
X970113	0.027545223664883146	-0.08013458359357462	-0.056200236530716874
X970116	-0.0208119507985441	0.013783425705795492	0.0032245953586358543
X970118	-0.0009065596314356241	-0.008722056126198079	0.006732330531996513
X970120	0.00454445657724099	-0.024235257056181944	-0.00467190269880608
X970121	-0.06189404891196824	0.04562305442816948	-0.06518160398943233
X970124	-0.014455006134860095	-0.033608209315052505	-0.022510930505348793
X970125	-0.0037386255944850647	0.007519085569361422	0.00047928608764793025
X970128	0.06055588044444871	-0.05743696721870283	0.016207662216778364
X970129	0.002104796825018086	-0.011867508493073598	0.011796455886126244
X970130	0.021872864020981774	-0.001817926651695459	0.00868686604112671
X970131	0.03016616815600225	-0.07044705558591512	0.0058249536485379715
X970134	0.003391246962656996	-0.0068560443836094345	-0.00464475204260749
X970135	0.028046647941780353	-0.012993843116125846	-0.008444544317121697
X970140	-0.014254736685408116	0.0061116917496764865	-0.02070733484568206
X970141	0.036556161264524295	-0.07394329040068277	-0.002832989421845186
X970146	0.0041713612191447294	-0.014388148113385582	-0.001138363767650485
X970152	0.013588439244136316	0.021128220632116723	-0.030429055207867498
X970154	-0.0021799698490124523	-0.022439680296448588	0.026568626254570193
X970156	0.010848339221559252	0.004022807203232082	0.0015064237740509186
X970157	-0.0030875757042226467	-0.022043951270993956	-0.0038080766080784553
X970158	0.009082924864394121	-0.03122142718128417	0.0034357429365747512
X970160	0.007071957376763598	-0.02418537866972914	-0.017073835956803462
X970161	-0.029102646369473077	-0.013348425743996724	0.01011079494484173
X970165	0.008216053663271631	-0.015876705228611048	-0.0029388967323389645
X970166	-0.04832006819848876	0.01219972463449204	0.009570350827662496
X970168	-0.012387185229650759	-0.010255381964622987	0.0026036716985895687
X970177	-0.010747643754830135	0.001861170540599944	0.025776428203840393
X970179	0.004335196981253081	-0.0011476437614277308	-0.011920318546361483
X970180	-0.008111119750956039	-0.008752182937048792	-0.0004058085049804401
X970181	-0.0015516980819772687	0.02028112007989166	-0.004227620775233495
X970185	-0.024371156495472807	0.0484237492863387	-0.03934190278519356
X970194	0.009703704382755704	-0.008675575745915848	-0.02437555917211264
X970197	0.006392742497871351	-0.019724761954389575	-0.025159150064913573
X970199	0.00337457321902477	-0.003563159162381702	-0.013734402860623557
X970206	-0.030916629714305508	0.032315203141154714	0.026139108798304538
X970207	0.0038664380653224656	0.0003675938464719122	-0.018109945774596976
X970209	-0.005459977882727035	0.0041695554496413295	-0.004842908034442963
X970216	-0.017125292210492946	-0.01487819876131581	-0.06073990859816034
X970221	0.014288034536602079	0.012709714562997416	0.012207491576722533
X970225	-0.0022365536829951774	-0.00802053704446672	-0.0014020444168257975
X970226	-0.03680511267619772	0.020499167946220368	0.012174364677507358
X970227	-0.008617242612356859	-0.022456814216023618	0.014292515289591528
X970228	0.016340022749629486	0.0029070793585850856	0.022931763183122914
X970232	0.025768724515074285	0.05963457815112851	0.04162949710998732
X970236	0.0026904592613656983	-0.0587541350265989	0.06247796562434457
X970237	-0.0037883099259421738	0.020177186254604528	-0.00638297750503153
X970240	0.042270021917176104	0.06364785876710075	-0.08383323490771986
X970250	-0.002535133235700779	0.02003618059664857	0.01665522262466881
X970251	-0.0006597145371629841	0.02936380147955788	0.024252843954973857
X970254	0.13214159187299465	-0.047123271666563944	0.030288184916592804
X970255	-0.013232345665647299	-0.019286461385398853	0.0027151073521652874
X970257	0.013446690220129813	-0.09228479253932464	0.012985918018603344
X970268	0.010368639255888044	-0.02708756207964793	-0.02529859290801017
X970269	-0.04346322553461967	0.026078289749800865	-0.04010535917031069
X970271	-0.015952415910680248	-0.021493551355096983	0.0940599209821953
X970277	-0.04534038215078664	0.018796225826839423	-0.011555655912587396
X970283	0.08782415392436056	0.08556144623412135	0.017952018726561193
X970288	0.021613266758717595	0.022840517777843936	-0.0007170037640162389
X970296	0.08648279262086774	-0.025646770175560725	0.0010172347763511911
X970299	-0.02198364255163507	0.012995272671312123	0.0012293720299922624
X970307	0.0033100657744558	-0.008707089695508721	0.016351622582321965
X970312	0.011240352258263557	-0.038418698911729526	-0.017020953662625737
X970323	-0.015976112241574577	-0.002250476548163028	0.02129353180079447
X970325	0.013305748131940602	-0.001812219353697829	-0.011033336200387997
X970327	0.050307935094238254	0.03764789911019499	0.026932868805623508
X970338	-0.010120918722371164	-0.01604561568861371	0.09130564398404165
X970342	0.08032715214862848	0.05911967124495293	-0.0007796233635580731
X970343	0.05607891609004167	-0.03735304440257527	-0.007408685701275836
X970345	-0.008231537658284408	-0.020191642811397653	0.0002584011567126087
X970346	-0.0007676123086595924	-0.10238488415322859	-0.043363309773013684
X970349	-0.023476038475691973	0.016444918815929726	-0.010711526301318365
X970350	-0.04233563802368278	0.016844669933623786	0.0006516781011800076
X970358	-0.02217409043863034	0.026306145141273385	-0.011026328645917589
X970359	-0.0002443029432816824	-0.03916989838789426	0.022969318854649118
X970361	-0.04565608974428011	-0.021270005614341666	-0.023541916990077887
X970366	-0.06304428124977875	-0.000103189363097884	0.09086787016460937
X970375	-0.004055359755147406	-0.005979338967937321	0.01960865751169294
X970380	-0.007952746017114806	0.06672160728981655	-0.061393438884052035
X970381	0.027972783358850593	0.002828259428657291	-0.0024921664370762477
X970389	-0.038447535755945145	0.05444585420233482	0.018982690284598907
X970393	-0.01305463121484882	0.00363146697279286	0.09091192908004762
X970411	0.047519535248677	-0.04294721733471419	0.037753275759360716
X970412	-0.014128883217471841	0.0010961231518555922	0.03534029319474273
X970414	0.009497663092035603	-0.05202111369101575	0.014976814509169543
X970425	-0.008788132350189557	-0.011643416712561075	0.009530694406900183
X970428	-0.03771119191558932	0.040117915418106845	0.001631564068302499
X970432	-0.01961692518163159	0.007980578429375435	0.0020887888088157473
X970454	-0.010048788871194361	-0.003274649016296918	-0.00019441794270637095
X970472	-0.00976921247522229	-0.006555438944478951	0.01918423306521208
X970474	0.011657455900488882	-0.019615380301256712	-0.0060434921772427
X970480	-0.001644051576262069	0.008868170915678571	0.0011415931319208854
X970482	0.005669515536130942	0.030814724764595045	-0.003720757807222648
X970497	-0.03516325564321868	0.04972556870312202	0.037322027913288466
X970502	-0.014671516670992774	0.0578228001022693	-9.530825779968937e-05
X970504	-0.052443505572851525	0.019016825471411702	0.036238952375152594
X970509	-0.001343724764660691	-0.07428579007487955	0.023072808235456613
X970512	-0.007110064565184927	-0.021559100577743812	0.008608817774354486
X970515	-0.018642241532037147	0.03049338845655077	-0.012445564893492819
X970517	0.020458698884159125	-0.00902911429935065	0.0073959883731151985
X970519	-0.01094849406304679	0.012472647522033921	0.009409739893191852
X970522	0.0005822566782528516	-0.01621096981151266	0.03675512571988477
X970524	-0.0041024244878268435	0.01167184320904676	0.017416861521089504
X970533	0.0037517402832340277	-0.00420869179012125	2.0230286713167257e-05
X970536	0.012428020904590699	-0.01695770095660362	-0.01594655413505025
X970538	-0.0079575366308689	0.022860082357819063	0.006818585386473283
X970543	0.004897071816954832	-0.022479877342885698	0.007058051402989037
X970544	0.026515715793661732	0.03685173833857729	0.014857662284444776
X970549	-0.03569235794014839	0.0413940283929876	0.01987240978189656
X970563	-0.000142668442432077	-0.027094295401282508	-0.008175807491928692
X970564	0.003906562098954022	-0.012891700962775069	0.013142287131610543
X970573	-0.00399053769579245	-0.031397362009382195	0.052823091499610834
X970577	-0.02573621959693882	0.016816834379854154	0.02373709398226839
X970587	0.0005263433257816865	-0.016029562755116116	-0.006191708626143544
X970599	-0.016939839704800206	0.015996044161677124	-0.041083663715644675
X970614	-0.00332330416977547	0.003971551795184056	0.0024795931297750657
X970625	-0.010715344246047954	-0.001514664987445057	-0.019525637395515258
X970633	0.06935923877342172	0.011756005502039738	0.037706921542451
X970638	-0.02785406210546843	0.03541437851767349	-0.033099946736277794
X970649	0.0566036453408995	-0.09575274346410509	0.0054716371647585485
X970659	-0.006702964455313298	-0.023470799085850782	-0.0319494844453216
X970663	-0.016554715490602678	-0.008201514858302271	0.0019848353989217592
X970664	0.040221596413881275	-0.11490128446407209	0.027689696771590767
X970677	-0.01595546007112923	-0.027930673280616	-0.0009273418336397891
X970680	0.08538811280923077	0.028762192363956187	0.043537453407462456
X970687	0.01272527941145328	-0.024083107768473434	0.008077449954259512
X970688	-0.015495559346658439	0.025291294301350204	0.018099777693514976
X970692	-0.015489334129794353	0.014595631457545681	-0.028809944096543333
X970706	0.10695560822779852	-0.10849899125549914	0.03310706203275735
X970707	-0.02277673037538815	-0.027088856746074218	-0.04333158697993323
X970717	0.0056814132929493165	-0.0034607434894783073	-0.01606369619579177
X970718	-0.0026877952599640167	-0.0011272686507030954	-0.00402847866461807
X970731	-0.0004571777645220204	-0.025947710764595632	0.021502855407304015
X970732	-0.0009509038955128094	-0.017299862386837016	-0.015812984345054345
X970737	-0.009574971753319249	-0.014119108567915003	0.012371785722445504
X970745	0.010656584682503665	-0.05807520681882281	0.02505354789435408
X970784	-0.005193662690610317	-0.014950037338859063	0.016023585486214225
X970791	0.011510980210344395	-0.0026813873957160883	-0.021118641005077363
X970813	0.0008449070002567233	0.02812217610147384	0.03299927560620131
X970860	0.0021743627567265126	-0.014071016625663802	0.013314934778832539
X970932	-0.03452972149948444	0.01618945661225738	0.027259692979402325
X970960	-0.02853825722411429	-0.036377977157472895	-0.03319976449685076

Biplot	0	0

Site constraints	0	0
