Eigvals	3
30.179801336638782	23.14193708707243	14.345410691912331

Proportion explained	3
0.5512905228819621	0.3241508692780167	0.12455860784002114

Species	12	3
Propionibacteriaceae	0.11497522633077166	-4.728684645299302	-2.5246649425322167
Staphylococcus caprae or capitis	-2.80728518990138	-8.511238257724308	7.589186617654929
Staphylococcus epidermidis	3.069611087529909	13.258772073996191	7.095254217533012
Staphylococcus hominis	15.025556577124162	-5.39310942432133	-0.7917479090696105
Other Staphylococci	-7.2057105732518805	-1.8050573510657386	-1.6013570769996353
Polyomavirus HPyV6	-20.06356194815247	4.961588008180532	-5.111287110434615
Polyomavirus HPyV7	13.034226455890774	4.966600574386731	-5.775202798863282
Merkel Cell Polyomavirus	3.4808057092427633	-1.9567621996856555	-4.07330821993428
Malasseziaceae	-4.329718059574731	-11.686720341432837	1.3874233176684483
Corynebacteriaceae	-0.8431829706390194	5.021076963504799	0.5182620348332331
Micrococcaceae	2.6772788271479264	2.459549801262216	0.12384585678916889
Other families	-2.152995141746806	3.4139847981987024	3.1635960133548773

Site	1225	3
X940001	0.0030133169526837087	-0.001159890207535544	-0.009624072500910146
X940002	0.0020503429051856588	-0.004635386201908746	-0.013810373427288206
X940005	-0.01869098625801795	-0.0003505099868861752	-0.01975693057983396
X940007	0.015899998843453625	-0.0073365527222502775	-0.008710664274860743
X940010	0.010109251154353753	0.033731318624336454	-0.01673005426742839
X940013	-0.005535378054572275	0.0005403458845877599	-0.004684184976744211
X940014	-0.09362593461916388	-0.02289229993147235	-0.12521237470692437
X940015	0.004499624288337357	0.013663197375913679	0.006632768433656882
X940019	-0.040789862070266775	0.00024659826822741716	-0.024161410783717415
X940021	0.020540445275855322	-0.0623153243308325	0.06013461285678155
X940022	0.017666067072956315	0.014917863421187123	0.015325016835492056
X940024	-0.028976901860721372	-0.0020195217955239	0.0074322364733241325
X940025	0.016198878574660087	-0.005402496284188202	-0.01722170446058409
X940026	-0.04287092237265417	0.025300127036886763	0.013408283495649534
X940027	-0.007412737559984767	0.010424265586643536	-0.01574990427926326
X940028	-0.004071223604934234	-0.006383035610535083	-0.009829879284323544
X940029	-0.0012198816829572482	0.004927134334046936	0.0009872274994280257
X940031	-0.003031260658279486	-0.008385222924915045	-0.004508164121355645
X940032	-0.01612270872266895	0.009004169699009489	0.005699346805646819
X940034	-0.009648410908147517	0.00983356712292061	0.003831832656061333
X940040	0.019905157308659903	-0.026636874108969182	0.01729438412409521
X940043	-0.0012730363900143686	-0.006356209743787128	-0.016616046114991057
X940045	0.05606665450415516	-0.00748577497430206	-0.04147310459142862
X940047	0.016682052095632782	-0.05813500919483941	0.06918839424280608
X940048	0.012279959173644817	-0.01651340884094291	0.001198878932963829
X940049	-0.00983420631252966	-0.0027290969762037215	-0.014737528833346803
X940050	0.026445421205996415	0.0257672455913789	0.03632498103144103
X940053	0.004547148594068783	-0.011239237158136697	0.010406520748734426
X940054	0.038958309200170016	-0.04939516430238477	0.031157637770457193
X940055	0.001364570046786649	0.0018066018181634343	-0.03526992178860956
X940056	-0.004722055228400889	0.04695745983938657	0.009114439126784354
X940058	-0.005329070235900869	-0.004901982243899024	-0.02043975134769615
X940059	-0.01072583502425657	0.0013387262309534844	-0.009609092179654907
X940062	0.03194692932068975	0.017822168481639162	0.04339102401419345
X940069	-0.015487351932205625	-0.006494177298671611	0.0076115940253432745
X940071	0.06596199786952138	-0.013524243780039778	-0.07434280879649838
X940072	-0.01372727896504205	0.001145829871239537	0.0044183166989336525
X940073	0.01335232403723354	-0.047923173781908676	-0.015771753092608205
X940074	0.005667224380807202	-0.01659498451480393	0.025266636826225243
X940079	-0.010226706954322255	-0.06382660444927239	0.07106261242507353
X940080	0.016287826265535047	-0.012584473924367477	0.005021917264942639
X940082	0.034446455408090604	0.015373675970739548	0.04487874185043391
X940084	0.029278774844960647	0.017195213658573984	0.03657660101372767
X940086	-0.043313855797441014	0.008736372193415932	-0.02288451778827409
X940089	-0.009332883343315846	0.028322766058369205	-0.00015875084844871077
X940091	0.14063249331736824	-0.0240427604760801	-0.03962274817191484
X940092	0.006010011389770536	0.043130775120382395	-0.0007691962676283449
X940093	-0.0031825330936519334	-0.004389747593725215	-0.0037718690543729234
X940094	-0.0536724305380481	0.09231286644415752	-0.07000223570786776
X940097	0.010963119065635477	-0.005893879004914952	-0.004085194194176832
X940102	0.03748945539552517	0.0008821381496784025	0.00018500051751347397
X940104	-0.008961690744126324	0.002113266664605971	0.0015365634218367668
X940108	-0.007534499038382163	0.0019583841233113855	-0.005548684614837834
X940110	0.021917941803331346	-0.014737030291922065	0.027174101881821417
X940112	-0.002657278846563974	-0.017067459305135792	-0.03168423991954758
X940115	-0.019039982955505543	0.016131028808706472	0.018499547478749104
X940120	-0.027520810838078457	-0.009221701597113963	0.003506258861739382
X940121	0.014380782475760297	0.0020848559445488723	0.051217912221401714
X940126	-0.01847154743016503	0.0029694727876851345	0.01062587709267233
X940127	0.007543172913450656	-0.021619186617088445	0.010262875684915553
X940129	-0.03672288403233243	-0.002407583960943886	-0.02296742433943817
X940130	0.030847839022696194	-0.041309567326288196	-0.01672538942779606
X940133	-0.00871106433948268	-0.010107637494954655	-0.01309396134998519
X940136	-0.017024062711439074	0.01217440815085476	0.003422503368041159
X940143	0.009738355296873034	-0.004540284178570337	-0.0030109075841745457
X940145	-0.007563497280192184	-0.00317520946812491	-5.29370224192339e-05
X940147	0.002105389707304937	0.01932629408944546	0.014620406108033345
X940148	-0.009585992814712717	-0.0043157853335897434	0.0070433239423402
X940152	0.016467551819635707	0.0021107399070119538	0.005772773470728782
X940154	-0.041462011464839264	-0.006496163041181339	-0.007205902730800106
X940156	-0.021424756873803654	-0.007433160085126913	0.02033837420514533
X940158	-0.018101177780702415	-0.0012936341662441284	0.023226530136762968
X940163	0.0037968310949646543	0.0012732680473980908	-0.0030066432025195296
X940168	0.06504771942034554	-0.017114612751418647	0.05405260299091864
X940174	0.09510075710406277	-0.002453378736779841	-0.0726412797873219
X940176	0.004322867387923336	0.016975250747595184	0.03842186224266747
X940178	-0.0027171232752831805	0.011639346320071282	0.0006495864333184991
X940179	0.010915925469358203	-0.01481958708071379	-0.005567788482932843
X940182	-0.02818610970975082	-0.029547461921506875	0.008426896861530494
X940184	0.00715171907699732	-0.04471847043717432	-0.046025112133617714
X940185	-0.04654384585697188	-0.03682673969552989	0.017642331658032438
X940186	-0.01389591734270767	0.010672041871379783	0.010670559771907768
X940189	0.014736062793954417	0.034483552171196565	0.012058847820118797
X940193	0.007999417615449974	-0.007706784830600159	-0.01659481990829421
X940203	0.035040617668596986	0.07976721418023579	-0.0030931989646557083
X940211	-0.016173886051601933	-0.0076781125136863625	0.0028861005831292683
X940213	-0.0022445796900983596	0.011954207091389817	0.0398216412510465
X940214	0.030229794127365952	-0.017939604397377046	-0.005646249991747154
X940217	-0.015148345614481236	-0.0033741952951283584	0.006568729244761081
X940222	0.006082099229107388	-0.001408875031051982	-0.037964435247806995
X940223	0.006344767016939665	-0.06583406670463572	0.08139652193440251
X940227	-0.017764219113556586	-0.04633057444666398	-0.004851157608408757
X940230	0.007189675291039515	0.01681655125233613	0.005444616708251655
X940232	-0.00795811665380937	0.011358709636332922	-0.02610625980151784
X940233	-0.006217698900171568	0.008001448543161746	0.014262803324777171
X940237	-0.0064949582077676515	0.0065492431431938185	-0.02336091168941434
X940239	0.19077351006123655	-0.056906317518775465	-0.029166175643865446
X940244	0.011658159308445909	-0.02374740070504169	0.025616581272984322
X940248	-0.017003073715154644	-0.04417200129013192	0.0019711376124004016
X940251	-0.033842439765643016	-0.017221156357445006	-0.0020521949818485398
X940256	-0.025603035283945336	-0.02973029993911113	-0.0056909739881982405
X940259	-0.010336764383887632	0.023398052281418388	-0.006180243973994469
X940261	0.034297841138347405	0.000749297574069838	-0.0008729635475396268
X940264	-0.016749503695372408	0.029549672550130506	-0.02490361508553494
X940270	-0.0033773917215514215	0.01982498604948171	0.009135696502033266
X940271	-0.005075946361340045	-0.026426578619021448	0.013281729118575891
X940278	0.0186971613218447	0.017250107700831536	-0.010685328991952486
X940281	0.0333495304813226	-0.02540475842534133	0.0077269418838731415
X940284	-0.0345159280747776	-0.008267748499444507	0.0044399709640630045
X940286	0.025523923554645223	-0.036731363402050146	-0.05338013051609408
X940287	0.010245560447426992	0.032309747388052104	-0.0067222634555473715
X940288	-0.021379898999081833	-0.008106313025395627	-0.030727172457837317
X940291	-0.0036982728934165524	0.0016213547226119544	-0.004552847548622032
X940297	-0.02011593384239352	0.005281286514276707	0.000982771974852118
X940301	-0.017544596128006205	-0.007627050374992627	-0.0019012574275491096
X940302	-0.018989628874969085	-0.009453712704871236	-0.014160902527741935
X940303	-0.014070316020831985	0.0038270589467515603	-0.002905486347914888
X940305	-0.007312753300651893	-0.0011130397935083854	-0.008625617362647836
X940306	0.02601764167047669	-0.0616288792660668	-0.038173179512337216
X940309	-0.006677475696400275	-0.0006442231142754467	-0.005470130242686858
X940312	-0.009478736402014546	-0.001964058808555815	-0.0068104068566344125
X940314	-0.0023628475591543695	-0.004224566409966007	-0.00912076669696559
X940322	0.010547333266061778	-0.015702821656919837	-0.05283697944582698
X940324	0.004477881540113954	-0.015278363861686704	-0.00818090221213319
X940325	-0.0018961314527872564	0.037454364021033165	-0.009227996115504672
X940329	0.009699872638083942	-0.06183932923756101	0.0475546314391665
X940332	0.016238341615867513	-0.0011694145442221983	0.030606873676583806
X940335	-0.015269192125606504	-0.046440935401627165	0.04678859254337847
X940338	-0.008395091525937547	-0.006852600688440021	0.0035990040999998893
X940339	-0.001146097799725889	0.020002199481283577	-0.005724224647933392
X940347	-0.01712208931695819	0.008032680178396022	0.009174452444010899
X940349	0.01813895669960658	-0.00673887016916999	-0.030266834415765134
X940351	-0.005896965163636434	-0.0022962514588289115	0.0008481727652579777
X940353	0.027788270149594885	0.002825489672663332	-0.000416431868967126
X940354	-0.0025512438489572672	0.002068644578138674	-0.0017365742928020015
X940355	0.003936077640808812	-0.01516054637351963	0.05480312420692562
X940364	0.0237327467232285	-0.018560859728347458	0.05636660800922697
X940368	0.017949290304781824	0.03113176101490934	-0.0043312322289692125
X940374	0.007025319851758677	0.04315293403945658	0.023537463035229928
X940375	-0.026959547032181747	-0.0073780967642500155	0.005634766462204172
X940379	-0.01401325075868823	-0.008481684301068498	-0.0072549012243020745
X940383	0.036706462108152545	-0.010645322388136796	0.034926128744930215
X940391	-0.01485598056165177	-0.027438715796320068	-0.008320946316645457
X940404	0.022519412612394582	0.010626954136895172	-0.002375750997405694
X940411	0.04342823566052604	-0.006450571439267081	-0.019701195204668932
X940413	-0.02812154139515871	0.04356636121621614	0.02986049055916497
X940420	0.017269056580044847	0.0008405305737758208	0.00810726649335363
X940443	0.03106109968769516	0.001723307603810221	0.03244956609527784
X940444	0.020860679602442103	-0.04200288210154956	0.044181001497609104
X940445	0.0008930018970074653	-0.007201069693974778	0.015218969620744831
X940450	-0.0014419921157611455	-0.008290408893185478	0.0022822049884743283
X940451	0.023706350296551566	-0.09271767260474367	-0.11291986695214656
X940456	-0.0052780988250102625	-0.008968186583366382	0.0005120912965119848
X940465	0.00203210493489261	-0.000640308931762224	-0.004610857028179505
X940466	-0.024396244313654062	-0.016670670557078895	0.008067936588195242
X940474	0.037768067226427	-0.016353457230509662	0.004806870767822175
X940481	-0.03451646310947719	0.014013737767592079	0.012682062271250648
X940483	0.008014306854329073	-0.014883210969794137	-0.010166714005681435
X940484	0.03406173454352266	0.03674020378179577	0.004955641107085848
X940487	-0.00928643830728531	-0.017404644953309765	-0.0184519385919889
X940488	0.01518025250995805	-0.06797408424578734	0.04477141481540635
X940497	0.018361642633439722	0.007627011990567371	0.043091020797247116
X940498	0.06060897035626339	-0.02267010014977116	0.04137620847839631
X940501	0.06623515736445908	0.02244646482190555	0.05521461953616114
X940506	0.054058394946166544	0.011303869417059494	0.06277239356999197
X940526	0.021112641053403297	-0.023221954654553352	0.01055242683613508
X940529	0.05920035716693964	-0.12565459202309998	0.125979524724866
X940532	-0.0014590869172159025	-0.00930537706793901	0.00489648205351798
X940534	-0.01829011980421267	0.010501303201094023	-0.025118359725571367
X940535	0.01786434643864554	-0.012592367661588375	-0.020007240309888947
X940540	-0.004007223954359512	0.012263644351966516	0.009831387784283361
X940547	-0.028190581642210583	-0.016337042276247143	0.015358616844075398
X940550	-0.00926192232801111	0.04141860946062227	0.019534150500426343
X940551	0.0067364396576170766	-0.020125541389056548	0.012276378768631897
X940555	-0.015064403537014666	-0.00011904924529375036	0.037470240229288965
X940558	-0.010629937512028988	-0.0016153611213097375	-0.002864865297915501
X940560	-0.02667693806421927	-0.07168529588771569	-0.04448488225532835
X940562	0.02887541168366914	-0.03580093285009157	0.04367577989616778
X940570	0.0012844699565725051	0.01344292584263261	-0.016555308511649294
X940571	-0.02247082119978406	0.019916864209815973	0.04269947327754706
X940580	-0.030432183386227905	-0.015838060122775832	0.023012537885545723
X940584	0.017597188959311966	0.010786193032319022	0.051215517629985434
X940589	0.037449755370992675	0.09709341046441278	0.05284551404489543
X940598	-0.0018114898348719586	-0.006022863979066758	0.007383017654099154
X940602	0.027870371725228524	-0.09385306401453807	0.09158062614414933
X940606	0.01726859191269331	0.013060922623432723	-0.018907153316118305
X940612	0.04758191185763123	0.02663708656995677	0.050675926614905206
X940623	-0.002942305347533093	-0.0002468063335225977	-0.003952656716976187
X940625	0.020122987644000872	0.059950413047901496	-0.0014980932586074866
X940641	0.016090824886067633	-0.0061216614022648426	-0.004094932011454426
X940642	-0.005026632577323539	0.02316028025444814	0.00917294556479874
X940648	-0.03784100840137402	0.017850211293667477	-0.04681739286257005
X940649	-0.020303202420004003	-0.002299514129683622	-0.0011689823944531163
X940652	-0.020190715045229186	-0.008192224601475681	0.003397670873146965
X940662	0.005430397002667132	-0.007211359789182004	-0.012819168368103111
X940665	0.007769361636881629	0.01735034569448325	0.01331161607830605
X940674	-0.011346083486707854	-0.0047747606586399285	0.0015791013337398496
X940689	0.018265152930766648	-0.10870821437358508	0.08418718534568602
X940690	-0.04150200131564077	-0.011771908573311663	0.018093063224517168
X940692	0.011542458119508622	0.03951878418024362	0.0049268646575436545
X940696	-0.0189500635670441	0.020772532046908872	-0.011256591330574071
X940700	-0.029594846808150894	0.023178490637138286	0.03147934074495457
X940714	0.008829040592349409	0.026916044665446923	0.0049754142402420745
X940721	0.00691393378025531	-0.006418925679664595	-0.024103631425355147
X940727	-0.015521786905317386	0.031880781675106995	0.010980352371097577
X940748	-0.0069878033954187116	-0.019615087480255724	-0.020919214723363787
X940756	0.015504835182824596	0.0073493166265249646	-0.01997473231081944
X940761	-0.0019541397954622166	0.03172548136099553	0.01270227041288335
X940763	-0.03283695320025645	-0.012911221586707574	0.00653631692142739
X940766	-0.011269420502311564	-0.01315148770035132	-0.04642614419693012
X940769	0.06435273509924744	-0.03183237010813805	0.02579572768864286
X940775	-0.012702297436312411	0.02775057068511511	0.0013308215863254253
X940778	-0.015443558739692878	-0.017133014104794675	4.0396535624648995e-05
X940786	-0.021918754046583534	0.0024103452298649608	0.005835468976896381
X940796	0.024512064503828257	0.006696837165213563	-0.03955046454897389
X940816	-0.020661065413244348	-0.010321732965459712	0.017454383506000624
X940819	0.010101023312360036	0.017074903203046627	-0.005242587341310042
X940820	-0.011658711414286892	0.005977078479440148	-0.006823991058226168
X940826	0.03382408663469781	0.0456180978239832	-0.043660812194073396
X940827	-0.026915085576641927	-0.04613321789539814	0.03206321644530013
X940833	-0.03766654097567732	-0.0008061917862740159	-0.0295483404818313
X940843	-0.00657532927219473	0.0049081053236371035	-0.002874980329445897
X940844	0.019416828492304646	-0.02674024692620136	0.03498308370908172
X940845	-0.02719329163999612	-0.011475231187295536	-0.03304791783061713
X940847	-0.029779957128050774	0.007986839939960055	-0.04818618593946028
X940852	0.019495788285521745	0.006539535172472964	0.006723517158559926
X940863	-0.023428110248768994	0.002138760467452246	0.00042885298936344454
X940871	0.020356331886298453	0.03467113173845782	-0.022928380297810597
X940875	-0.03953290239521518	0.01712219398760252	-0.0018570728539838816
X940882	0.011092630965006227	0.02290560814318784	0.030346981243124425
X940889	-0.008355520745614865	0.002133455366667289	0.005566148160352724
X940892	-0.04519871897646465	0.007691081090699391	-0.019925682385569417
X940895	-0.0018592195250338648	0.010163158241467574	0.00022130221454566516
X940907	-0.016949156961153785	0.002246641892537455	-0.050036676231801
X940912	0.019041243685131198	-0.01289898256000235	-0.010412760101755373
X940917	0.018946387187982444	0.013778838402193684	-0.009733541785939038
X940925	-0.021455821504470556	0.06549863049268648	0.10877489903851373
X940936	0.05427208895503858	0.07066975843204833	0.035259508011550436
X940941	-0.004867576382670553	0.05683593873547817	0.007103909427585054
X940946	0.008863983921597176	0.0035724739989880204	0.007841391913469673
X940961	0.007529040795549653	-0.012489529311523154	-0.004884661918293726
X940966	-0.005055473945232502	-0.01177153563194229	0.0003056161987105956
X940968	-0.009567007535852873	-0.022087550716515157	-0.013773176853267632
X940984	0.0016285229262076005	0.0009904534834240105	-0.013626047779308951
X941001	-0.007285893265111104	0.020923786355124586	0.04226204494259131
X941014	0.0006624800695490372	-0.07213081833762398	-0.03771638020842782
X941019	-0.007021196120337093	0.006890369715610408	-0.02705563203638738
X941024	-0.005603532491878644	-0.0002921734849196626	-0.013112611505083905
X941028	0.018767699559997096	0.0060051462035575695	0.007370096255591999
X941037	-0.01423123280634592	-0.09232316295215377	0.09513384493139161
X941043	0.002772863478957539	-0.03488561455573314	0.018067309901418235
X941046	-0.021778434476245147	-0.03005662317467447	0.007936276709097079
X941049	0.010627951439957564	-0.0089192843816926	0.023606326889258813
X941051	0.022525270219879018	0.02482509934515379	0.0023142465624465024
X941066	0.019076657142198628	0.005592402890854677	-0.007452081913888893
X941074	-0.030635450758228183	0.004438426031725943	0.01052075374460072
X941079	-0.003483323194857798	-0.01229682987798101	0.01034673579162841
X941080	0.02764790393185016	0.0005481475441082934	-0.11517320769268823
X941091	-0.040851753421584376	-0.01228468440444072	0.03697804545362766
X941095	0.003021586468002687	-0.025936777690126814	0.04670669310511527
X941106	-0.011177537148115101	-0.017321622524488878	-0.012811777164854533
X941118	0.025350111772533376	-0.005501763003975427	0.011298207128175745
X941124	-0.03191292654435442	0.05606456693709331	-0.001386059573210639
X941134	-0.005519423983563739	0.004139000456595902	0.0021539261514594934
X941144	-0.0054110553915401914	-0.02620631307417845	0.015999202994297905
X941153	-0.002984231564992588	-0.010313972004635031	0.015676220683732544
X941154	0.009885418156771126	0.013521964863591853	0.010061833171848085
X941192	0.03289413956764555	0.03959540473364465	-0.027490273985886875
X941202	0.006097761321961552	0.013871393623551427	0.0014225328521953373
X941204	-0.009832588067016477	-0.01905356899419856	0.017178299177129777
X941208	0.019543349459975313	-0.029215707658691515	0.06949169183669197
X941241	0.06882903947888183	-0.02835791233653701	0.1260168340256488
X941250	-0.019872224898873248	-0.02102101965981514	0.022130652518836363
X941253	0.0029281825346194595	0.024320523402671847	0.00852955467446981
X941257	0.011749657240234268	0.03943958795802611	0.001648567999905467
X941259	-0.010962311419670672	-0.018616910544047023	0.010160590417379574
X941265	0.030409846176188617	0.038688906697234585	-0.02264511710132889
X941274	0.035485117244916424	-0.01148396833986216	-0.0034661859560781764
X941308	-0.0027059317458361493	-0.019689899377312317	0.011451261326544027
X941315	0.005914276337174657	-0.00028446648599972645	-0.016142399519800545
X941320	0.0060146693453701616	0.002420478129271624	0.0005189991323200936
X941321	-0.0009390438215061009	-0.01767706778887358	0.018264920092492233
X941367	0.009708012106668587	0.015028803194233135	0.030287832571429425
X941373	0.01908873932314848	-0.024336065958342975	-0.0233624644878622
X941384	0.01150652806361565	-0.04831815161370505	-0.06088039171198064
X941385	0.009839965551116105	-0.008659732133930662	-0.016493297535913966
X941392	0.014992355461135067	-0.10421363996239343	-0.0980436029389736
X941398	0.030017643849714695	0.02532995914227343	-0.04783024794949287
X941404	0.003793123798105615	-0.0011872654602433376	-0.0173484016643773
X941408	-0.014723445809619047	-0.0062774838241475015	0.00304623861222176
X941422	-0.015182380540854487	-0.013357121145038706	0.013896046634159696
X941439	0.007126427477943338	-0.0024517192817222976	0.008960907680239752
X941445	0.05953656129927009	-0.03062095630246926	-0.008210982391737497
X941454	-0.0029305648352865865	-0.011280404385996475	0.03104711946626112
X941460	0.01600977326005143	0.03700578131317484	0.05329869115500315
X941462	0.026842225290484283	-0.03466363245209359	0.024015275736406175
X941464	0.008629235213323722	-0.01182128208899531	0.005877151858452819
X941503	0.006860581564273175	0.0015537209031703985	0.020420914698367376
X941519	-0.002796983183416746	-0.0007348642109350513	-0.0041247122869931315
X941530	0.016020806456749484	0.023090827474325833	0.02520581782831706
X941547	-0.016926072137644445	-0.0036885100390695352	0.0011160510450270865
X941582	0.028423006241356227	-0.01039465982003946	-0.03228350574742355
X941617	-0.006622912820008351	-0.003625338967568656	-0.012568607823217368
X941623	0.04220011535608833	0.03352899136477673	0.04579148433694691
X941624	-0.001365557726789347	-0.008320709991769594	0.012827965112895577
X941639	-0.006367400598705511	0.008575077059729892	0.023507094852352934
X941680	-0.03861495117482834	-0.0030499298228407576	-0.024191183868983272
X941684	-0.017437159803225473	0.02314204429790179	0.007407623156478198
X941709	-0.061127398222967144	0.00216907506043924	0.040784595276415765
X941714	-0.023933814079538623	-0.04352379102843713	0.0796832964878141
X941715	-0.021443854321809237	0.008482233800883589	-0.0047608518024994
X941738	0.012197245535385733	-0.013706105890213833	-0.0033899647421025527
X941759	0.0012404202714671642	0.0007261972329468724	0.019911479702160298
X941772	0.0026274582286420637	-0.05623996509399625	-0.04602193999731884
X941774	-0.030922719644652277	-0.009552967067102987	0.01682980865343794
X941807	-0.0467738122661256	0.017893440594237944	-0.021998730371351426
X941813	0.0034554664682798952	0.036106412762100026	0.025710059568660532
X941817	-0.042064522280676225	-0.010136887117642062	0.011592215964130965
X941887	0.011942998291542732	-0.029953600013135278	0.005509650819536808
X941902	-0.0018545939007820823	-0.025648635247651784	-0.024647960019211185
X942011	-0.0010505433305140525	-0.0076140780910934035	0.0020272895393941754
X942026	0.05140705800938106	-0.012097361132798079	-0.03526595687037671
X942039	-0.010576777414785476	-0.0012040755563896789	0.005571039361024428
X942075	0.0068730968976316335	0.01574958753412648	0.004394857011604087
X942094	-0.019684037514543534	0.00015439042493322542	0.001994944947758977
X942128	0.006126207660248123	-0.0006003738296019228	-0.0048879066364193105
X942191	0.043505508797923635	0.12395503117441196	-0.0066097618024380245
X942237	-0.004089189399691667	0.04481206188780642	0.06484678120662243
X942303	-0.01798195241138322	-0.03506512157101932	0.015817645553621498
X942319	0.04831988996631021	0.07262297106304255	0.027331806035378547
X942359	-0.014717699267717968	-0.003507428023383284	-0.006500266211274677
X942398	-0.012401057198550976	0.0025379611693705445	-0.004983427068171727
X942402	-0.0571508364328514	-0.006310333487748504	-0.03681686388856585
X942429	-0.005974251597132445	-0.021568852863810908	-0.024956431037815672
X942467	0.04511804096985816	-0.0297293502350453	0.02835609439550712
X942487	0.016139105684621558	0.04393616283527203	-0.0025690550546322304
X942489	0.02942676700342506	0.03234710699199928	0.0318043354908489
X942490	0.004039805327516704	-0.027921492088958666	0.01639059670804434
X942504	-0.013503347942429935	-0.0200772845228328	0.012963153110963856
X950002	0.008350925837918462	-0.011033597381546738	-0.00855749521024221
X950003	0.029344156499810883	-0.018642547901224833	-0.013843209698378557
X950005	-0.0037244712300065668	-0.009110952391851305	0.00039549926368383546
X950006	0.006490091190945197	-0.006113336556022097	0.009148208253350276
X950007	-0.08700100165183582	0.010577752883741095	-0.018607171022942032
X950008	-0.008018801206971418	0.0017036895855778273	-0.02560606886347018
X950010	-0.011720627242321553	-0.01392804623943783	0.0030340743600317617
X950012	-0.06421405256425872	0.022472056272425087	-0.01140234176658548
X950015	-0.002016898088982922	0.00459118055633174	-0.014840765409041673
X950016	-0.015185317217594972	-0.009489095546875307	0.011555648081397142
X950017	-0.008227698136054984	-0.0020537922610377735	-0.002909978906235947
X950018	-0.01588197900345056	-0.0021791629128555074	-0.0020138033839113938
X950020	-0.0023673807541897576	0.005293663729758694	-0.00465448015096814
X950023	0.04302312243258948	0.12136195972911451	0.013062175132262882
X950027	-0.0024573042379753387	0.0016177091089853593	-0.008309859133151392
X950028	0.04700262023315054	0.1422064267639861	-3.79069539983064e-05
X950032	0.011334578194437256	-0.002471682189442642	0.0033908872503417694
X950034	-0.004610223810269637	-0.008618098985703235	0.0010806717857607972
X950035	-0.015489786811257861	0.002605776197015477	0.0022854705989912498
X950036	-0.003645299155439947	-0.01521143193396729	-0.005818430818754988
X950037	-0.014111582945974793	-0.010401046435629833	-0.014066118061410733
X950040	0.011041790086515228	-0.006693472414611368	-0.00960227758197952
X950041	-0.00788227367346363	-0.005742065399717851	0.0015381024601288599
X950042	-0.018261693225032537	-0.027161697257671962	-0.03500434605222349
X950044	0.006205848283131843	-0.002476728175852644	-0.020886131490394633
X950045	-0.004221604769792519	-0.008108514485696975	-0.01167862066093554
X950046	-0.01759229004312607	0.001919481691119816	0.0012864389665323947
X950048	0.015034521053594381	-0.0180338695165766	-0.012789574270987723
X950052	0.018984630836354016	-0.038344330517167145	-0.08102691915316373
X950053	0.015093287535291953	-0.00479894915562707	-0.02165666769314814
X950054	-0.015357335524123881	-0.004458088820429174	-0.001441742727034634
X950055	0.009907399551292106	-0.010224252084643658	0.0075717305200699815
X950056	0.05613792807939901	0.1274001960255519	-0.019231620709749396
X950058	0.030832592002533018	-0.018656372107355698	-0.039120850524622386
X950061	-0.0012278301091114903	-0.0009646095546865809	-0.01910606115008998
X950065	0.01223309941676496	-0.006050039456880212	-0.008801252465322863
X950069	-0.011275612136747607	0.006804979544176577	-0.009189663580048331
X950070	-0.0036149604225103387	-0.012576781141033172	0.022063597867742243
X950071	0.007509264473724564	0.004094389421519451	-0.01936959949953423
X950073	-0.06287532428194455	-0.002595739175581962	0.0030239542899743992
X950074	-0.006471320531324513	-0.0010364422964174683	0.01053999668895984
X950077	0.006548489576301297	-0.0009477770026338189	-0.009885412017162871
X950078	0.006800784805549451	-0.006451669020607122	-0.013137545837448932
X950079	0.0018496172875029802	-0.008432829319648448	-0.0031671286172321044
X950080	0.019450862109867652	-0.00611576325238327	-0.014345039650094501
X950083	-0.011358321532487657	0.020787641496963685	0.0015460054166992025
X950085	-0.0023133561824291533	-0.005490659921288866	0.0024182915117234374
X950086	0.007655284942922668	-0.007113669072100254	-0.013791998564975302
X950088	0.011036670954236244	-0.012763962431223694	0.015138097964056763
X950089	-0.034859508906934615	-0.007308232072198389	0.004243260353389301
X950091	0.017811320966539142	0.00296507024232738	0.007397267847502083
X950094	0.04709505607463296	-0.00678976962385942	-0.036713730365565245
X950095	0.0400686415248668	-0.04378000234327074	0.01231863270366386
X950096	0.00022362025764383382	-0.004967743945381333	-0.005750310273714263
X950099	0.09759774127547274	-0.007343079921554554	-0.02276476691730454
X950101	0.00508598808994176	-0.016260693454863855	-0.010434130561596281
X950102	0.01534475792876718	0.014677046322976622	-0.003476959604525272
X950105	-0.022674145176009408	-0.001935387046137217	-0.009648074344488541
X950110	0.019526966697151756	-0.0074928697842193024	-0.015365335605102615
X950112	0.0023315171933164965	-0.011301251960117826	0.02601397005527602
X950117	-0.017251852465961417	0.001547725461235366	-0.0003006673698429961
X950119	-0.0070907493268685924	0.0061759617355878985	0.002345734645843615
X950121	-0.008010721421654907	0.010939586144637421	-0.009862412512086732
X950123	0.03865446323530075	-0.03467591138054331	0.006459335621314414
X950125	-0.018519794613759032	0.0056385267738329045	0.012657166296785231
X950126	-0.02361847362923574	0.007348020945741261	0.00018531236893120078
X950127	0.020858078083061525	-0.038816140165355076	0.01624856376714084
X950130	-0.003373611585492392	-0.006809513024481211	0.06186908351685274
X950132	-0.000720091198405631	-0.016511506033546505	0.005568424599254856
X950135	-0.0015014103932108724	-0.009324124514981859	-0.006829975582805782
X950136	0.04201695693684668	0.049280762161670225	0.02808159907294343
X950137	-0.025708045813985652	0.0022755329587208035	0.025611003107278735
X950138	-0.00757086614961577	-0.004118699058586489	-0.007114999767518912
X950139	-0.015341189571114999	0.0027246994084346252	-0.03307772281788128
X950141	-0.022031982389497776	-0.0039056226884123537	-0.027974425282739385
X950142	0.018023637259639895	-0.024644099322604668	0.011631347409665394
X950143	-0.01990226090601049	0.0115047844939939	-0.00424287044185902
X950145	0.008541091723787158	0.005624407138490795	-0.0026514172251442345
X950146	-0.010951515849314902	0.0014435619782310627	0.006252150710200005
X950147	0.013939951171154886	-0.010733262536481224	0.015017407381281914
X950148	0.0193908320854397	-0.04271523519612741	0.01909755056609928
X950149	0.0033857542204040075	-0.0015436800375237055	-0.020414895687616643
X950154	-0.0022973741448565317	-0.00639262745300226	-0.00693163830138379
X950155	-0.01828891118366063	0.009490930462674829	0.0059715617337051064
X950157	0.041139381321838774	0.16166513872009816	-0.004122785622254912
X950158	-0.006177257109490848	-0.0012941482124917154	-0.0017900022902892381
X950162	-0.011924034804443796	-0.006490997343323098	0.011069388259762655
X950164	0.006082401986298065	-0.006885029168438742	-0.012007070709713552
X950167	0.03460470282823036	-0.03859149844974286	-0.014549230844150456
X950169	0.006457421980879846	-0.0010172807580982417	-0.010981859667689534
X950173	0.0218679466194605	0.09278031114964792	0.003970090059884802
X950176	0.0015213375308035207	-0.008785285267766623	-0.006498258153725495
X950179	0.045193047281501746	-0.041527381880537104	-0.029026672212282435
X950182	0.005540685740231282	-0.0028614300658841804	0.008511506376327084
X950183	-0.013788811069663667	-0.0013712159030464933	-0.009651390805830573
X950186	-0.03720367016918078	-0.008737649442474146	0.0038992886449435455
X950187	-0.003250649496756538	-0.006520361651910103	-0.002548203038448537
X950189	0.013545819107436009	-0.034897730045049896	0.01269938513389052
X950190	0.031543770182522676	0.04576627522951728	0.05367761629190714
X950191	-0.0009672761542154519	-0.0007900351303044211	-0.008974549388887507
X950192	0.021041939224862655	0.062299603322840166	0.010773908587436746
X950193	0.061740979005678695	0.08786958903076027	-0.005353661176897301
X950196	-0.013585255693259255	0.0277322879800227	0.004195202793020675
X950198	-0.00019943465020507873	-0.008627777934646254	0.01752607452372165
X950200	0.003558753361973342	-0.006373941246595369	-0.02080758544955648
X950201	0.0009217776401619169	0.008951051371176577	9.642143909596182e-05
X950202	0.002659436671586786	0.0034938645800816895	-0.017952843753298444
X950209	-0.000978814402477594	-0.004135786240744438	-0.009747244674723802
X950212	0.023025922079368964	0.013826414916377507	0.04060535669576031
X950214	0.0030928043734887107	-0.0005262557696941669	0.014021945229778393
X950217	-0.010401782448343758	-0.010482933088855234	0.006245772563868731
X950218	-0.005624246256620155	-0.0021057146118900263	-0.001685421959093935
X950219	0.003259923526515984	-0.009397661928117819	-0.00974347119966262
X950220	0.015067442388289878	-0.010991654679965239	-0.00965711993597667
X950223	0.029676795695511116	-0.002065925393325271	-0.0056276509183853605
X950225	0.06649281499339303	0.15414571493585036	-0.011545016173679321
X950226	-0.01663479890784511	-0.006023542375535724	0.000523793513049518
X950228	0.03145625502200916	0.11967143632872596	0.04534669037159072
X950231	-0.024667997079941918	-0.0028675187360837607	-0.0049758544244403085
X950233	0.02855492785846884	0.059732086359239475	0.030415271986729255
X950241	-0.010785361855928773	0.006802791837617483	0.018374229433144457
X950242	0.012025049713260513	0.009769915387322657	0.0007769677869357374
X950245	0.015855882617310586	-0.024149518975930855	-0.0408374615239347
X950247	0.00944828870635275	-0.00857964263669848	-0.013480710631549717
X950248	-0.0029985772775157245	-0.011218048839467906	0.000365782887559895
X950249	0.035600296902148276	-0.02250900158453905	0.01956416726183922
X950250	-0.004773962806111872	-0.0023671806732874405	-0.04827913634297646
X950251	0.002461940036936519	-0.0059751877176121675	-0.008117693080994663
X950252	-0.007824167702975582	0.017544725775186426	-0.014020147055825646
X950254	-0.0060876501011751715	0.0600597925867343	0.042805169401278195
X950256	-0.0029311033373496916	-0.021168160258048945	-0.009810750267685341
X950259	-1.9670217687401846e-05	-0.005535860417297097	0.019479642564002
X950260	0.014664520365070195	-0.021182200396039814	0.006258108824313482
X950262	-0.012985238674727494	0.0017405325373942972	-0.06537036448622094
X950264	-0.016113543784128204	0.00962867796730954	-0.008023374130470492
X950267	-0.013087315063431543	0.00048818748323248474	-0.005684342534435133
X950268	-0.021853475603634948	-0.009229672932387406	0.0019439484572727965
X950270	-0.01191147382279454	-0.00035477742795703745	-0.002247649854148748
X950271	-0.01731643591641859	0.005754631936262709	-0.002416009104568789
X950274	0.006972835196685763	-0.002653945069897256	-0.017837194251619625
X950275	0.03861331653221036	0.02313490218424468	-0.003719717004910191
X950279	0.02958073956130864	0.027017063787864847	-0.019651789858594712
X950280	0.005277355727250352	0.010545930150920497	-0.004960056728556389
X950281	-0.004847864585914433	0.016870750154232086	-0.008997980264158755
X950283	-0.019396429866891784	-0.004016380306540395	0.01084178275741648
X950285	-0.009113140382664241	-0.009523543642269273	-0.0027421384294822855
X950287	-0.01137515907137014	0.005821557641579799	0.002302327737264454
X950288	0.02076908990928244	-0.01004102244945356	-0.014543961963476699
X950296	0.0070593254337345136	-0.014593096471070094	-0.012141613584081728
X950297	0.019066742019988606	-0.025861552027747606	-0.012533224310204967
X950300	-0.011983834663182936	-0.006480583969405168	-0.016463155297082872
X950302	0.01660720450988939	-0.026425561189331735	-0.03653859049201888
X950304	-0.004815083856963209	-0.010528981495828246	0.017474778339988138
X950305	-0.022206923011634294	-0.00684900547267308	0.0019084724719438237
X950306	-0.02212799496867622	-0.004062833623053934	0.0024703024122831115
X950313	-0.0012395128006517904	-0.01044175142138468	0.0029136212595372575
X950314	0.016271913936905788	0.01519441265846705	0.018448415896825932
X950316	-0.0021825622001626593	-0.0029881257272147354	0.03261047428748881
X950319	-0.006086718895288586	-0.006749622661727075	0.006755503224434245
X950321	-0.0014192619047544274	0.02223844164573963	-0.0013604604728421955
X950322	-0.007720084453143347	-0.025555094807657306	-0.003784990528523418
X950329	0.028526917637628726	-0.012036175820015663	-0.020467923592557516
X950330	-0.012450057150653013	0.0037421112342915317	-0.003035211611081463
X950331	-0.0028725355016857358	-0.001939666102354138	-0.021115394285951637
X950333	-0.004803174620836568	0.023821386593717304	0.0021823319366778057
X950340	-0.014702617579641761	-0.02419110948515039	-0.0011415730546568187
X950343	0.003149822663473484	-0.005537124630932269	0.003932683558616668
X950345	0.011683286614486066	0.01637852653635744	-0.0018104858340772766
X950348	-0.020012234661410923	0.0009451985768394654	0.009630720942814823
X950353	-0.0030550122642387374	0.003600724699971652	-0.013787953233680272
X950355	-0.010328670699315664	0.0021878621487931853	-0.01353849735640067
X950356	0.020835278261270424	0.023786441307271304	0.043983581485492515
X950358	0.03471161835705387	0.016284120276464926	0.020686652896652922
X950359	-0.013134026370250478	0.0024567472740217654	-0.010454264117401189
X950360	-0.011029995487671265	0.007995210101212352	-0.008752867129909535
X950361	-0.004537686099389879	0.002086719052368892	-0.00910561704096576
X950375	0.009677901499062743	-0.013314013533268873	0.02795573734235125
X950383	-0.027544317233865617	-0.013527351367519244	-0.009603050409546272
X950389	0.013228292382501552	0.010608019716593699	-0.0030433199622208937
X950390	-9.951006025502844e-05	0.01663306551340399	-0.0041875483702227675
X950391	0.0036399474076892814	-0.006764975905649923	-0.010561191883334655
X950392	-0.011321702443320683	-0.0023740817899237186	-0.007185361217280998
X950396	0.07653169571597963	0.18379530229826951	-0.010854314814430154
X950400	-0.02010328561563897	0.002500943896209127	-0.005742396720025806
X950402	-0.013347251288189851	-0.005160060420477616	-0.016145174793032038
X950406	-0.07348303280924642	-0.03385360377009695	0.13333038977123202
X950409	-0.016490331300666718	-0.008367871905651853	-0.01165802558957289
X950410	0.02937340605922707	-0.0030826654815064056	0.013319274355157952
X950415	0.13451196920355746	0.023066846053463378	-0.03887894745784322
X950417	-0.011418012909955646	-0.009908852588957143	-0.003069476906800897
X950422	-0.0003486028954205151	-0.00021492400294506682	0.033783186031193194
X950425	-0.0037321395430079595	-0.01657180951658637	0.021585407725610944
X950428	-0.015290707959907971	-0.027528450517070622	0.02655522365796405
X950430	-0.014180268247886905	0.013170246568997379	-0.0029945628268698344
X950432	0.007990528803982343	-0.00529572010650112	-0.015905207977823715
X950434	0.0036181050701294183	0.00022108806431368131	-0.0021416829697029887
X950439	-0.005955270843889183	-0.0054514920774850414	-0.01304626725804147
X950449	0.008826078048032034	0.004169002285998136	0.012429540107786753
X950466	-0.009680669309271589	0.0018049181632346228	0.009565267193096687
X950474	0.013000278295091212	-0.0158673556509546	-0.0037100539940436226
X950477	0.002318156166605671	0.027662814664135713	0.023751804422932874
X950478	0.0022843940656068645	0.00021082850573965866	0.0009378743115939222
X950483	0.003951448426779368	-0.003965691476194928	0.013196691971493108
X950484	-0.008951640349528079	0.02048839494394446	0.0013707216576259256
X950485	-0.026843786230071342	0.09885018006131177	0.012608952334483324
X950490	-0.008878206192825042	0.014819373548366004	-0.006035477975528731
X950491	-0.012385396268178235	0.0025963052819538987	-0.003771387576024783
X950503	-0.013515286526134065	-0.005672514821467837	0.0034709860544420695
X950504	-0.016720877525737327	-0.005335475052885096	-0.011044780869249511
X950509	0.007660190744531204	-0.014140796038342972	0.007105977341156965
X950512	-0.011413522512480507	0.005883511669352424	0.00029830147885731275
X950513	-0.009058513612005504	-0.007340987219424139	0.013889702937620646
X950516	0.00048743447283480665	-0.0007762264438127686	-0.00481799346629775
X950517	0.021556436078648652	-0.005846833623570459	0.009158499058925728
X950521	0.0010790010781335118	0.017255318566618348	-0.010512692146506344
X950525	-0.002330492967006474	-0.0064777346931499695	-0.01771237696258808
X950528	-0.014230738822999068	0.005212538582533194	-0.0038993789139121775
X950535	0.01380418699505619	0.006282599749221954	0.002268343012392295
X950536	-0.015983633499413303	-0.010517233579168107	-0.0010859842730747843
X950545	-0.0122879399282192	0.008247146800060579	-0.002003555146608758
X950548	-0.026578762930242375	0.011380924773399298	-0.014185310317337378
X950550	-0.014850619866276707	-0.0033108026387108284	0.010735210996994574
X950554	0.03015640682825219	-0.008552458662714537	0.02101898627807255
X950557	-0.013325247083979764	0.007144591643904569	-0.007002208622362439
X950559	0.0027266581775925785	0.0014407606048386966	-0.007671965700022859
X950563	-0.00130221522852938	0.005421995043477046	0.0013414974620033836
X950564	-0.001606473753228558	0.017495511770806584	0.00169268595980182
X950570	-0.01257889818281263	0.009983988477139742	-0.001599486829384439
X950571	0.06630783564977367	0.02668656436315119	-0.07001724474176127
X950572	-0.0066085773671945396	-0.0035564095389581858	-0.013149370683729775
X950577	-0.0012434578085469298	-0.004652301857445492	0.012195014687466473
X950579	0.010096234598178362	0.04097489514971255	0.007545075932157641
X950584	-0.005277110374557699	0.06713447541903245	0.07288321797288717
X950592	-0.0038699616110193526	-0.004986991203338799	-0.005267276389340765
X950593	-0.0004956487315110488	-0.005519423659993736	-0.0026393358131613573
X950594	-0.025799087200669	0.004530236899973811	0.002956992878848928
X950598	-0.009771672661161001	0.005092089836790855	-0.0024430974679262286
X950602	-0.0036785806836046537	-0.00601628532970261	-0.005645950997817847
X950606	0.018164033971999043	-0.01954854854836071	0.01929528226824737
X950607	-0.001888618845999621	0.01678126901469536	-0.027438473538966272
X950611	-0.021461856317921114	-0.014252806741383902	0.0003427508008128445
X950613	-0.02117746520929105	-0.008860834053479564	-0.003950088844334143
X950618	-0.004039766613880116	0.0014443670681671204	-0.022507177104169933
X950632	-0.003562553428413429	-0.013378304274596037	-0.004034229479061901
X950633	0.03732061353990587	-0.04948898483138781	0.03787179355740532
X950637	-0.016695451553459417	-0.0011005078029559898	-0.008845100753410244
X950638	-0.016326527992118964	-0.014255506950064238	-0.002763913260413143
X950641	-0.020731197076321234	-0.01175226486091982	-0.0029689778813762864
X950642	0.010118367338250379	-0.015514399243455467	-0.007918597217534216
X950645	0.0012310531528574738	0.011156437443575007	-0.0053522118612598125
X950649	0.004135903587901849	-0.005013299887604462	-0.012325893183876465
X950653	-0.009663674912117854	-0.016447973068383977	0.008360936404678186
X950655	-0.006782157768571278	0.011064643863274493	-0.016918326558637627
X950657	-0.006013336654682438	0.032010466423950515	0.026277532858600388
X950661	0.01935800256146401	0.07257791568835642	0.10624903999428535
X950662	0.028731583644127066	-0.0020510592978763317	0.05014365727763661
X950665	0.00961821727270201	0.0017028374306128369	-0.006328144920479386
X950668	0.009987303443639465	-0.008904639384322916	0.019515045867140573
X950675	0.005503319290210726	-0.004648729671278417	0.0038391385115472995
X950677	0.0006760595088938007	0.0028215389583079544	0.0021706013927799473
X950680	0.0040406477780691695	0.0022999977209193375	-0.026574171400923836
X950687	0.019899190405949493	0.022617845935367604	-0.00977493621067408
X950693	-0.007767579243597854	0.01639995885050721	-0.0012468305964315285
X950695	-0.0057416414220503266	0.0017844112442550618	-0.00964403478357293
X950696	-0.010161244307522526	-0.01417068270483314	0.014603016386474169
X950705	0.0049728525692005095	0.0011472580536140968	0.020499500382335594
X950714	0.01427318804187969	-0.021898756437210423	0.02959850457530352
X950726	-0.08325775927467786	0.025427054111398045	-0.015213491152816287
X950728	0.013284375207374152	-0.004184198943516313	0.052791795995025675
X950732	-0.007108648926190562	-0.0058147467131846025	0.010483379416689923
X950736	-0.02026283061259563	0.02016391208764816	-0.0066997722826139
X950746	0.002995769095961842	0.0126155863023385	-0.0017880324938608406
X950747	-0.01916130005661211	0.00598326803835082	0.0030852096233454944
X950752	-0.017220971464556416	0.003976266295456474	-0.006146432525919001
X950757	0.023054348090579987	-0.018902810633902544	0.0031408077531776732
X950758	-0.005350277059432179	0.005321922004286152	0.0010421411241398862
X950759	-0.014306852952153339	-0.0030833364926769443	0.010567925248677465
X950766	-0.004511751538631002	0.007535057910765148	0.00036254182360289777
X950769	0.03542633963577201	-0.033187729350169004	-0.05038627888500751
X950782	0.00935986106011192	-0.011797988218191151	0.01704867607795615
X950784	-0.011449277620337704	0.004376316161449318	-0.0011618756399304352
X950789	-0.006414385680901636	-0.005422159088514918	0.0004889111982458745
X950796	-0.022422684162705705	0.008759308120818292	-0.0004420656399918713
X950798	-0.02304535540261902	-0.013961830419077847	-0.010739580199307281
X950799	-0.004450312138234731	0.018989654573811195	-0.007267494769335595
X950803	-0.027124036889930054	-0.003093692114701251	-0.0021624684478088207
X950804	-0.013171480026821608	-0.009240168065581587	-0.001204212693778951
X950809	-0.016712792258318367	-0.002891235780153739	-0.0007062785847457121
X950810	0.006990520584163236	-0.00566281547436247	0.0023465534932439777
X950813	-0.0234714067577754	0.0037755156334861157	0.025118494465735414
X950816	0.05675922505162821	-0.01586705472607617	-0.018477065763738636
X950827	-0.010342944656588941	0.0366663543285156	-0.0005250100024405594
X950838	-0.020957539501554125	0.005702228050193979	0.004671104690572305
X950841	-0.019955193801614174	-0.0062344852801429415	0.01256711211892271
X950845	-0.01921673176671642	-0.005662375908073833	0.035674617782891306
X950846	0.007575981711648164	-0.01099131502299169	0.0029595006435576953
X950851	-0.009139573688337671	0.04802936084104113	-0.008689413881212154
X950859	0.02189680988656217	0.004996194863312882	-0.008268871419076593
X950860	0.016369573142281366	0.04691148978461606	0.008127821883598544
X950869	0.019717941844466763	0.012442015063006016	-0.017395086472664693
X950873	-0.007537473598094974	-0.002101264151206041	0.03332888711674766
X950900	0.020997642328788764	0.025746285880014957	0.009519512062333691
X950904	-0.006757666457295125	-0.009719100534301793	0.012868822876266615
X950906	0.02862398747687954	-0.01196916343896585	0.017251577583692567
X950911	-0.02042091276335777	0.0061195964894861345	-0.010259917885552725
X950914	0.013404708320384495	-0.006547804052049946	-0.03401796398160648
X950921	0.019726586945608804	0.012246854699865757	-0.022107847859685087
X950925	-0.03598218995798766	0.003077666969908139	-0.00757024873586721
X950926	0.01665179932503813	0.022057547297849662	-0.008514571596971204
X950929	0.013145441267931792	-0.013271589737272408	-0.003540403788010627
X950963	-0.0020975319900138436	-0.016211365092728084	0.015891370115596735
X950966	-0.009172217019219836	0.0010364311515062134	0.00826187122202416
X950968	-0.04428591294474799	0.004405994744211448	-0.0021161621285365286
X950987	-0.006781914964388594	0.006409234881338741	0.007439622483487232
X950995	0.02485372131905312	-0.03324577787207804	0.007832236609826848
X950996	-0.0031951078996895355	-0.023693834479671796	-0.0011519809671296463
X950999	0.011623511958275662	0.08855942119203468	-0.0035784283157453654
X951002	0.01060731648262942	-0.0005536310734105758	-0.005722795654643029
X951018	0.013882672790223732	-0.007642400360011499	0.026884337932265343
X951019	-0.011296107781555818	0.001792829101591968	0.0020475638766340384
X951027	-0.023598339642146644	0.010768875751442019	0.010488414036802299
X951030	-0.02511949229887594	0.009211905305761652	-0.018397846770527942
X951041	-0.014576836373967537	-0.008789567528316675	0.012055910848789118
X951051	0.013508012066917317	-0.016388607735816033	0.019104474989653068
X951054	-0.006306204497161792	-0.006750988093782672	-0.003732756652874539
X951055	-0.0022956322356308062	0.001826317927081534	-0.01015761078400611
X951067	-0.008264855059788986	-0.0017441360255129328	-0.005542404551713929
X951071	-0.016137965506535238	-0.008942454077762086	1.502574107952464e-05
X951083	0.01513687830384721	-0.013486344724410215	-0.0010572969082181024
X951085	0.03223733258558424	-0.019814160755409975	-0.005135253032517168
X951115	-0.003512043867163496	0.005219975142330075	-0.0014708740193673797
X951141	0.03359722674115856	-0.0020199768677572304	0.008824313408687263
X951144	0.018921848412336514	0.008950091213699331	-0.0052753177784845
X951150	0.007140855465899053	-0.02247108238773715	0.033295223891640184
X951151	0.015554756149230974	-0.010602964135493907	-0.00872478245527493
X951154	-0.01173290352237058	0.002122701692684405	0.001882853007400381
X951156	-0.016442027510415867	-0.001989501480322976	-0.0011470531505662293
X951162	0.004851918630016331	0.00804318908967422	0.011779698763432987
X951171	-0.005251058087674071	0.0054116493724	0.01385228298767924
X951174	0.026693072778202372	-0.012033179044783824	0.0008392672362006537
X951242	-0.012983111723406405	0.0044262731346671165	0.0006309649877149389
X951273	-0.005986908017210206	-0.0016609875034821688	0.0054710991726965525
X951284	-0.011050137198672691	0.0009676452432490173	-0.0029944661209151745
X951317	-0.024459993398363106	0.007533435456939748	-0.0008021525733480979
X951318	-0.009212928693743287	0.014586512343633723	-0.0032232664110851852
X951322	-0.025658696108327373	0.007445076049666934	0.008885505945993811
X951337	0.0019592138658049017	0.020098173070083884	-0.00492516952996336
X951365	-0.011604772768203687	-0.01860193583530819	-0.01930905095545027
X951409	0.04342938831176809	0.03249236646377888	0.0013699794412399453
X951429	-0.011263539755448176	-0.0036468824937124188	-0.011044272600915476
X951457	-6.0081316215068564e-05	0.03571458779914776	0.00741595866391593
X960001	0.01266060300127955	-0.036173583218614365	-0.03550580541034406
X960003	-0.0031174100950450553	0.00013475216334428547	0.014593505724515123
X960004	0.025695555163004258	0.00975407101395143	-0.03209531556509959
X960005	-0.004260508079010158	-0.004817962009759048	0.012906693169114877
X960009	-0.001262904701546493	-0.014504851324099349	0.016410133112645355
X960012	-0.00476166277665105	-0.0023730777700143027	-0.007100874839989122
X960016	-0.009396656129769459	-0.05026805307587721	-0.057536350936154376
X960018	-0.039795413115627294	0.010511431963468132	0.015450105551239454
X960019	0.02090106443430585	-0.04740855586038351	-0.09736785244938104
X960020	0.010849807795269353	0.006126968860318615	0.032525767782588665
X960021	-0.008774513700923177	-0.024205432070197614	0.002878622563377241
X960022	-0.006720833802577189	-0.00534670444813388	0.0018635462880311712
X960023	-0.04533086748620672	0.016585627962332025	-0.016697294734677504
X960025	0.011279719608521104	-0.008398127262191793	0.00805236534290923
X960026	-0.021219554753596683	0.02232408038071069	-0.016458094764649506
X960027	-0.015069206810510383	0.011929176568574604	-0.008460124076231172
X960028	-0.011941111234807995	-0.007848909465818855	-0.0359145516050702
X960029	-0.020276036096949224	3.2300876236590785e-05	0.020155377137907125
X960030	0.005097625411916451	-0.012271805049837808	-0.011086854187974834
X960033	0.008630472582154089	-0.03311577676569884	-0.02975897514655177
X960035	0.03667597383555622	0.09610338215274773	0.024730680580884228
X960037	-0.03916634063210697	0.02807803912615593	-0.0012930985234955907
X960039	-0.004883632588631338	-0.010991206686613368	0.01001190260379297
X960040	0.025534399815623325	0.02546963774498144	0.00722840450409104
X960044	0.019892242836047784	-0.003991522354283757	-0.007567716413448948
X960046	-0.04487752890731101	0.07512217736212509	-0.04485126283370745
X960048	-0.04074057334201335	-0.0001174064823358739	0.08469888672917095
X960049	0.050544360592818686	-0.012693066939657934	0.015645922101799867
X960050	0.007003537791746028	-0.0014960008891774412	-0.005120406726405673
X960051	-0.021337949897170305	-0.015611819970611788	0.002007522678353738
X960055	0.019165825011462922	-0.012916321094743383	-0.006582986414909632
X960058	0.0020592965949146474	0.009908857734281231	-0.0023499090434733953
X960059	0.03005477044355316	-0.024161922473535994	-0.0040496204448794825
X960061	0.039011462743807714	-0.05937135238581797	0.01574906546751712
X960064	-0.015999377448570554	-0.004522833820140027	-0.004540782484918895
X960069	-0.026311114645546765	-0.010063675572160353	0.004402350291740425
X960070	0.0001112046712516425	-0.004019283603328684	0.007904209272188932
X960071	0.009437508299168283	-0.009828474822065439	-0.004073405878700188
X960072	0.015515694589866891	-0.031538880591864576	0.00863363207423708
X960073	-0.03517164438495363	0.00990186644459095	-0.002866617887193458
X960074	0.028622526018985087	-0.0342995416367389	-0.01123994692049285
X960083	-0.005615796726386308	-0.002362055567008645	0.0011332363251056897
X960086	0.04606320470446682	0.05387287184774209	-0.0334250598247507
X960090	0.01002306356488125	-0.020208777021631274	0.00936926569618346
X960091	-0.021704406054119788	0.01112024244840379	0.0021826109344266474
X960092	0.025013272763206237	-0.03327764897472947	-0.00251795003909529
X960093	-0.007815787601596213	0.00712704877148231	0.01468305403069177
X960096	0.04937051668461109	-0.01601710068358046	0.01885451952983054
X960097	0.004878404511883988	0.0017595514596351859	-0.014974053261755025
X960098	-0.0013440076102798613	-0.007310256261159959	-0.01353630815402736
X960099	-0.01117810781823106	-0.0015594599769037194	0.009616658494031132
X960102	0.01574453801723328	-0.016927140558181168	0.03259713417040979
X960104	0.014739292190090549	-0.02944301065025797	0.025229206345704698
X960106	-0.008389357016193892	-0.0010356144765799912	-0.016992540717124596
X960108	-0.0013625855241103408	0.002043902998751174	0.011935765381121049
X960112	0.002566070617401094	-0.014327435195244053	-0.03219454596018507
X960113	0.030809120815860857	-0.011633995836817563	-0.00764592799240251
X960114	-0.0038120935629877713	0.007152970505154119	-0.014661305023133746
X960115	0.006309212654200831	0.001822034036235855	-0.009122779952139786
X960118	-0.07970521173686133	-0.003560626335913783	-0.014942156041656463
X960120	-0.0001882032128215314	-0.008319958449940431	-0.00688966792494307
X960122	-0.0008373092385762245	-0.04481021925684783	0.011519446744725612
X960125	0.0283400803716706	-0.004728273016212921	-0.01569753155696038
X960126	-0.004425244136525719	0.03183357399227989	-0.007271793463482113
X960129	0.01846110764189231	0.029130384152642373	0.03220813281777706
X960130	-0.015063194242533454	0.008660014167065962	0.014699452756619713
X960131	0.025184919508162117	-0.013441184435999088	0.000574978663885953
X960136	0.03157400359033468	-0.026462866648327907	0.009747021687432975
X960137	-0.01582305817407324	-0.001022836342518273	0.011098888052624451
X960140	0.014548637777680522	-0.002802530341872428	-0.023654898535972916
X960146	0.028871559108579144	-0.028342907804339065	-0.02771593134269635
X960148	-0.01774627150269848	0.001933999797987697	-0.012012124852971278
X960149	-0.011411776859926802	-0.007752966052955466	0.01251960535726102
X960152	-0.01422722030962022	0.023898861302466157	0.010603274547189376
X960153	0.035789947409939155	0.01308421188018917	-0.017680441143521727
X960154	0.03226491696869353	0.035919456801586806	0.016268660962223246
X960158	0.007114364011609542	0.0008164957029851606	-0.020736945661141898
X960160	0.013156794386468629	0.003056896286821781	0.015060592255818966
X960162	-0.011927206399443687	0.0006315868112282618	0.010424174373045336
X960164	0.01320839499050259	-0.016811102235044614	0.01150711909275701
X960165	-0.00355539434157452	0.00776031742762079	-0.05457604042400904
X960169	-0.009951622067802646	-0.0010061190771380143	0.004304482144957277
X960171	0.008311499230718201	0.020445198265542378	-0.04376196206421325
X960174	0.007788927775913289	0.023240755764281397	0.006133743948867483
X960175	-0.00976807699101978	0.0015498003167791023	0.005205006816136763
X960176	0.009880321429147123	0.021543150352263594	-0.01778752544993918
X960177	-0.03945022323640232	0.0014921462989600704	-0.0560431712163779
X960178	-0.014817277625023639	0.019341569093277944	-0.000723022129209237
X960179	0.006833178644986793	0.003554562910307668	-0.01629311328774109
X960180	-0.04148743810853065	0.0013283708209103006	0.043272506140497116
X960181	-0.012829979195063219	-0.01383260899414838	0.015333691120722704
X960183	-0.032706436308823174	0.0203283482601276	-0.012664990799063405
X960184	-0.008309420976945663	-0.022650461812124618	0.004940359921152191
X960187	0.012081278802230925	-0.033074208546419376	-0.01970790337441268
X960189	-0.047949617743610846	-0.03172863359569593	0.07872912131914318
X960193	0.14663134081826593	-0.04225914607040373	0.009367913872888042
X960194	0.043174942992581324	-0.015732023354758783	-0.06075346372571724
X960197	0.014967283031911296	0.00760332761026256	-0.004723872648297895
X960199	-0.0009662792003070149	-0.0011312399677812078	0.0022611909377214428
X960203	0.03353279984090029	-0.0056557117313132295	0.0024761034143194185
X960206	0.01471069731044313	0.014106583398989236	-0.09984584720472639
X960208	-0.088025751900398	-0.03804574622715213	0.09145378428221065
X960212	0.006545298000541993	0.00947862489195133	-0.0004468899343759405
X960214	0.01955731554205458	-0.0257718898408579	0.030464457611910137
X960216	0.016618072243791304	-0.0033995085834751613	-0.002700245462117535
X960219	-0.05048037434663092	0.018807557035164048	-0.03179174182376307
X960220	-0.020030273639119505	-0.00011341830916560938	-0.025226348828766128
X960221	0.020690756832363183	-0.0034664467816775107	-0.023232337134806495
X960222	0.035872073121270394	-0.05247860491434038	-0.03354008634700445
X960224	-0.010150101831932188	-0.00854679993007427	-0.0012676418948555895
X960226	0.024116137174697235	-0.0779213210361494	0.06968214038790088
X960229	-0.01070218316986717	-0.013578164673196325	0.001287853468995833
X960231	0.030728683638382933	-0.01382824112450854	0.0008169558680172079
X960235	-0.013757208869425067	-0.01093922542876221	0.0488888088624168
X960238	0.02626436927781697	0.018677135839594742	-0.019586546210562474
X960239	0.04511591295097166	-0.046200486686148165	-0.021039890595705525
X960241	-0.011074005311631918	-0.012670349115715955	0.007826359723516746
X960242	0.06891197674952894	0.16885111296979682	-0.0019281391292478205
X960244	0.013087879057737213	-0.004301447698779713	-0.020431649789570145
X960245	0.04316352501566784	0.01215954284274624	0.02214168548621472
X960249	-0.01353388752508698	-0.013945818971123701	0.008983113134327553
X960250	-0.0038129732092228898	0.008564175797665484	0.011814272325365017
X960252	-0.005787145627277065	0.014388709732874452	-0.017408096226524578
X960254	0.017628195967555545	-0.0024352650447868073	-0.004086921170799723
X960255	-0.005767563592066977	-0.007482959311200719	0.005390360441164708
X960263	0.012305483687029661	-0.007451523408743345	0.0014027169238797202
X960264	-0.004925402254993824	-0.0023464101486477757	0.005554614001544243
X960266	-0.005066392128841118	0.013416613323057974	-0.01773141847977411
X960267	0.0019317880047381105	-0.0017369864507764917	-0.009416471265535315
X960268	0.018361083677332222	0.024382155001046193	0.023507472771541218
X960274	0.009596734665076215	-0.023695343412466013	0.0039743855457377904
X960276	-0.0030213102367076224	-0.018681746581787294	0.017197206259196293
X960277	-0.005674821476216804	-0.01351363048896829	-0.026892689697250206
X960279	-0.024510133467393464	0.014711635381147507	-0.013742611443853341
X960288	0.0038872317508143583	-0.0022260436471420258	0.000522839551502292
X960290	0.0011285767201906834	0.011947360588467484	-0.03260156618777973
X960297	-0.01530373793079923	-0.004245377432319762	0.020272392734383516
X960302	-0.04750260860342283	0.005222059469610522	-0.03473793032130253
X960303	0.001824801019259086	0.0025242969314372005	0.010875729687401529
X960304	-0.032347145841711174	0.037774053169341716	-0.01139685612061519
X960306	0.0027808376183014495	0.04782587103598344	0.04160839388269461
X960309	0.0535683569819473	-0.0011592704564007293	0.053389429882540355
X960312	0.013798974897116421	0.023783943974853505	-0.011479784337897592
X960315	0.01078118961316132	-0.00909763688350019	-0.007266840594972856
X960318	0.0654791456521983	-0.024166130812302292	-0.02897685739088325
X960319	-0.0007226519681720354	-0.03643560456728779	0.017873694994222828
X960322	-0.011739050646948445	0.0019346730143425285	-0.023968795117529296
X960327	0.003400844967006102	-0.003520549224998875	-0.014667185365524965
X960331	0.011089647328147356	-0.0003921347997531196	-0.012865509961909681
X960336	-0.0004287655251736828	7.878140918324022e-05	-0.01085014646581408
X960338	-0.07295524556001845	0.014457892420662519	-0.03357734585986636
X960339	0.011724413786806267	0.006096469790388968	7.64350818737607e-05
X960341	-0.015530400937466533	0.02005148863687532	0.0026091360556796854
X960342	0.011988702250313088	0.02248468741590672	0.01563877777743645
X960344	0.035613823416368165	0.03440579949842135	-0.037430949360494625
X960347	0.0007439917760866787	-0.004679856096969264	-0.00916689336329801
X960348	-0.011075014965847363	-0.003030276396798925	0.0009048465856802199
X960350	-0.0005523499443677871	-0.011158667031836558	-0.004649069496514958
X960351	-0.008827791344743471	-0.00995646643605455	-0.007620962708057607
X960352	0.03644235818422963	0.022398274844243657	0.00890441965687712
X960353	0.015433467045301576	-0.028995101098685395	-0.025755385302498702
X960354	-0.08512245950785706	0.02185017800777566	-0.013211423337843971
X960357	-0.049124984646136204	0.015540223896933105	-0.030268809618287106
X960360	-0.03907190926374605	0.09038824101041026	-0.011633371403825195
X960362	0.0031098518568781464	-0.015134767763776933	0.013756801101869658
X960363	0.016561546466582613	-0.019760791114176442	-0.04798467122146421
X960365	9.260738700334417e-06	0.0073724298336991815	-0.028702124609560634
X960368	-0.003984318809852618	-0.00646096009213789	0.005917913699955384
X960372	-0.008420776817748811	-0.015057351854509538	-0.04086316138788397
X960373	0.011020129052669844	-0.009490761805496049	0.006632661615450701
X960374	-0.012705370853946482	0.06188061273035972	-0.005215291328569822
X960376	-0.007627422904699754	0.08534092231707271	-0.055255173092048394
X960377	0.020314630016419092	-0.030068080299215042	-0.015015485791859406
X960379	0.0014224573380115985	-0.011063156948474156	0.009638345321590846
X960381	0.0023769557122451613	-0.014498439325700233	-0.003734134463244654
X960383	-0.009967829194305554	-0.026998747714160592	-0.03862385746828566
X960385	0.015441824181655543	-0.039805082013268586	0.037515691277564406
X960386	0.027609606820095868	-0.03200873646314541	-0.06953150585229452
X960387	0.03333748161624179	0.0020902374042785794	0.005140626252123549
X960390	-0.01563336888446958	-0.003651530903113393	-0.002338896130491721
X960394	-0.04123174201374158	0.019328556016136228	0.013651364032162232
X960398	-0.00851086445758997	-0.03844965663907112	-0.004469656875894398
X960401	-0.01778972357660446	-0.013034525491407982	0.046431836404531385
X960403	-0.012481006244743404	-0.0023070832321650156	-0.009162535743604929
X960404	-0.00563978039885535	0.00923207395282561	0.010378215619695551
X960408	-0.11142661479471395	0.015027022544866864	-0.036343484283742435
X960410	0.04639474997086721	-0.0305345434508055	0.019562469350251473
X960411	-0.02984283317188036	0.002062394473741977	-0.02107401692062506
X960412	-0.015506887825906692	-0.026072049848951756	-0.002215451001556899
X960414	0.013854765150283246	0.023450915880910406	0.02412112877518328
X960419	0.007118547150963422	-0.009415001415931866	0.00015736601352014194
X960421	0.13347731897299067	-0.018295786437996488	-0.034278025344585426
X960423	-0.019816198684929436	-0.01202257813697159	0.02602457005034449
X960425	-0.008888849822335027	0.0023743177724769205	-0.021021358767313238
X960426	-0.007614814000827866	-0.004349575333901392	0.004043931628429325
X960427	0.009914971303960931	0.030687995800158838	0.004812686272971936
X960428	-0.01044586215097045	-0.0022330165633151844	0.027348875341911102
X960430	0.006585383119818089	-0.011208101892045904	-0.004880308165305271
X960431	0.001198463423379987	0.0011761578835327523	0.0001006745497324719
X960434	0.002910986649978138	-0.009762133914848505	0.03232848967784031
X960435	-0.011240467663883138	0.0660078579228653	0.005015697098404781
X960439	-0.003927748754524985	0.000889069245133718	0.004502505207028763
X960443	0.010369254544968433	-0.007530129941356532	-0.054092475556834954
X960445	-0.008556988954540833	-0.0064846548632443044	0.004653208321491152
X960446	-0.006966166136781542	0.0029790907421056965	0.008034713105708677
X960447	0.04655682359832197	-0.010903844653446267	0.02562408428973652
X960452	0.0017300189639368937	0.01175739891735479	0.0025458363174184185
X960463	0.058140010240379424	0.1007515252545506	0.0031680021076928517
X960465	-0.037658647073036275	-0.035107560412148235	0.057394082964060775
X960478	0.002588503119321097	0.01700792711923462	-0.016657860090964535
X960480	-0.029619265430496505	-0.014151102347017575	-0.003656094643217715
X960481	-0.08077632716393769	0.00867594025887212	-0.05022616614435639
X960483	-0.01472848252250792	-0.030167614279814556	0.025198667772567854
X960485	-0.12940775728030232	-0.03218054369725446	0.06828810767269312
X960490	-0.022576790575062892	-0.001099817430394928	0.00584781778265674
X960493	0.030582622885867793	-0.00890035018785102	-0.013394401090595103
X960494	0.008603305731790387	-0.010874900436357702	0.11167093228505207
X960496	-0.009931504196956476	-0.005327982519592994	0.0039056612003601126
X960501	0.007299437252396641	0.002056279771700469	-0.01911418131920994
X960513	-0.009222077371448636	0.014112127841136347	0.007401782386506611
X960516	0.022468951014038698	0.005238840068742485	0.005166674779041843
X960529	-0.008508707354183966	-0.012746542705653325	0.0019239361560392154
X960538	-0.03759802591602258	0.0016600354507048671	-0.00890192306531331
X960542	-0.12293723762173958	0.05928637658639229	-0.022828359880411424
X960544	0.012156451066422505	-0.051496261276632295	-0.04188901100883319
X960550	0.00798135173386203	0.020665950056115993	0.012696336648528919
X960551	-0.006112303071645199	0.0006096765935002351	0.011230967883997476
X960553	-0.02119479665556842	-0.012730826648475054	0.024502731267495883
X960557	0.04048567993553816	-0.04723824989351536	-0.008713303178086721
X960575	0.07415227971153888	0.06621096499072306	-0.09077586356242633
X960577	-0.011204577195452066	0.0017807119601713018	-0.018694516722123647
X960589	-0.014379788592980869	0.014021610794920519	-0.009048520964346886
X960591	0.01829865045041395	-0.05075411875630485	-0.06012281306193857
X960592	0.02961762713248496	-0.048264626264804204	-0.11190489540111435
X960596	-0.010903852166328309	-0.041469030684532476	-0.02940443415348415
X960611	-0.012261993904274184	-0.018604820216754987	-0.002905146678510694
X960612	-0.009795429268384781	0.04207097355619401	-0.018887098350575737
X960616	-0.004165880345941722	-0.005761158911478961	0.01458246252363526
X960632	-0.001055817624291117	-0.008318258714690156	0.006485579279520234
X960635	0.0007536669088672993	-0.0015002539355159876	-0.004714817244954723
X960636	0.0019452819923378487	-0.002507004452970101	-0.007065158601612909
X960639	0.01286700518775123	-0.019444114098069263	-0.0145787523987944
X960643	-0.008133860802013919	0.0014116907156849663	0.003151219286838844
X960651	-0.05252520911481533	0.0008524043679688188	-0.018836720227225864
X960658	-0.052133810769055496	0.005409360836329265	-0.043823049265482306
X960659	0.08092743986569344	0.0034910230966624703	0.012516729397107525
X960666	-0.01679986890372001	-0.030938598270915732	0.045327184320826476
X960667	-0.004488645764440893	-0.004913095682523722	-0.010266355537259656
X960672	0.021472150871848058	0.006497195266553336	0.008186218234848542
X960673	0.00328489055073311	-0.018599626513536877	-0.037278602214801664
X960683	0.040003044314973035	-0.0324915647894504	0.07656274710412511
X960684	0.009898465349148169	-0.017675634085229652	0.01444758382211876
X960692	-0.003996078956466004	-0.0276867063776718	-0.024100802620441963
X960693	0.01907815524269484	-0.005498015072991917	0.002147072404640544
X960712	-0.006713966639196422	0.014443134948535318	0.13066829478280298
X960719	-0.004907851603655933	-0.01565386346548027	0.03058527479213919
X960720	0.15729412111062976	-0.03954579180784883	-0.04486959187354897
X960726	-0.020811856967728557	0.09816521423078829	0.05176643962408836
X960743	0.12617408233674876	-0.005490734339699108	-0.07931416339485171
X960748	-0.021956784834747115	-0.0025544886417576155	0.04756131505931562
X960751	-0.013861202905557025	-0.03331492879329745	0.0474777160501828
X960760	0.01321134067193162	-0.030701797020487358	-0.024715765411580833
X960764	0.04846637064595722	-0.030875852016113054	0.12208881509193711
X960788	0.049124170549702126	-0.001200024398870135	-0.034359415351628064
X960792	-0.0030624652698219416	0.024096677710356496	-0.05662246471777624
X960793	-0.022556715913186316	-0.10152271879214843	-0.08222387144385121
X960795	-0.0014949822221830195	-0.01705257752566905	0.01799220065362355
X960796	-0.06705165105162597	0.010750474038425942	0.00014533167116872973
X960803	0.0038361460993792617	-0.005484067460589357	-0.005782181290325761
X960807	0.04953714533918278	0.00610520396551337	-0.013588009250826254
X960837	0.012322758427313984	0.005980571084750582	-0.005489748566861957
X960841	0.01811974040611765	0.010352757902396792	-0.07434359295076595
X960843	-0.015562502021266413	0.011526418891142797	0.0029397804305802363
X960848	0.05698538281326283	-0.05258309200109129	0.14430944211688654
X960850	0.030875168549464302	0.02873812479016569	-0.06494948419995239
X960851	0.02273188671947574	0.01923824473816274	0.030988202239535308
X960857	0.0036674550606002497	-0.023648337870277453	0.011963419332332146
X960865	-0.029458960153558603	-0.009789309320666888	-0.053484945028003536
X960870	-0.024670671044919216	0.008692482569301557	0.00493111474573618
X960875	0.006134883126365009	-0.010797218870293071	-0.03702265143336727
X960883	-0.02816338420979941	0.0026121313872636952	-0.02756072329601997
X960884	0.01936793329615219	-0.005807647588870324	-0.008863593352950476
X960892	0.06254184483146631	0.01942578503702765	-0.05891698696795243
X960894	-0.03196171874411753	-6.110844666510673e-05	0.015089869343043079
X960910	-0.0035462689582909396	-0.029248027783640246	0.016616179258426827
X960911	-0.022134232546171344	-0.015299950661530353	-0.012580016361925019
X960920	0.04886926016408396	0.0064986223053044604	0.023320857050315176
X960934	-0.0027508851449182777	0.06644526370314108	0.1222308280005473
X960939	-0.008815132184712804	0.0064363759363338475	-0.0012251099817643478
X960943	0.03377368556661255	-0.02272108001341638	-0.005482344905749064
X960944	0.018059210851146663	-0.07076988097943496	-0.07324842548272735
X960969	0.012511975983980862	0.04271522021771854	0.008040261429267257
X960972	-0.03361099494159933	0.007500421389297286	-0.01715038765031173
X960974	-0.002038331832014643	0.0012176924139062145	-0.009015281821559156
X960981	0.024542738236389364	0.025748150020849153	0.010089851355601087
X960991	0.03775529470604932	-0.016276472642228194	-0.019616753575096964
X960998	-0.018008618644254227	0.017453725762876637	-0.0035261949474984684
X961012	0.005891485804093514	-0.014679426290266003	-0.04140389464107248
X961035	-0.03517025061176254	0.0214529073723459	-0.06852273416448414
X961077	0.023416459958395065	-0.01652777132318578	0.02368409129954134
X961092	-0.026737578422200967	0.05689425723006683	-0.005550355455218672
X961096	0.004436479423363511	0.030815736080152024	0.00627768158303978
X961105	-0.009113882012617916	0.005842076039648112	0.006803742755757114
X961124	0.008354077567882163	-0.033073268091006955	-0.03016509997196008
X961128	0.012976445931958637	0.014818677097545675	-0.014211344377915698
X961151	-0.026746283369804044	-0.04071387766580597	0.1219884187929431
X961177	0.03208713022199243	0.04940667098232266	-0.005214506602622855
X961180	0.056561918077090455	0.0017419647066669321	-0.04362476311298577
X961193	0.0046248798330727455	-0.03589413297410011	-0.08067643118197315
X961214	-0.013441240485024564	-0.018830836585507674	0.01658896970014181
X961221	0.007328285779392259	-0.014483783894340749	0.009937766312095007
X961226	-0.07546388758049176	0.01092113003581301	-0.038048935372860325
X961240	0.026468935790104047	-0.012954775150497819	-0.03415952257858154
X961242	-0.04188044223116799	0.008576742821643142	-0.009510033206367395
X961243	0.005523442188675515	-0.008693564481420174	0.032998391454398646
X961246	-0.01969257086227914	0.008832469884717038	-0.0029624725402092383
X961263	-0.012024548149824078	0.008842142482924415	-0.005145509574409814
X961282	0.015919160040660584	-0.0005972619035529886	-0.010983551213998691
X961321	-0.01346298663064388	-0.005406928160279044	-0.01565750939993533
X961325	0.012941938104535141	-0.005271704983889309	0.010633334351119593
X961339	-0.006332712420365027	-0.0024942480845173863	-0.05750663427117383
X961365	0.01689295719564497	-0.01231511825116121	0.03397982380559797
X961417	-0.014771055940786093	0.006721997307662902	0.004462732873533867
X961423	0.011465192111493239	-0.02550492082360691	0.012683833292328892
X961434	-0.006663394345402288	0.030306261504171976	0.011653024680036247
X961485	0.02037352255122725	-0.0369759720166801	-0.022244221653707777
X961553	0.03622376230724482	0.07637936540750506	0.05013259367062195
X961577	0.01877777129157675	-0.0017459951359082826	-0.02831683448988926
X961634	-0.034066091355199654	-0.006195686822625992	0.0019656011010417327
X961684	0.0007713649026294446	-0.0032624525906104116	0.022657520726973277
X961686	0.07256040335291278	0.09963714350627104	0.04160220612202238
X961738	-0.010924481847650262	-0.014540162469031276	-0.05897942315811906
X961809	-0.02829064530027744	-0.02313750409555893	-0.031216689048833804
X970002	-0.01594406174175323	0.014778888226277948	-0.021864437873118567
X970003	-0.00928642079263822	-0.014841079971933	0.009224981152305502
X970007	0.012168398618750806	0.0006196893656262804	-0.01739487961561334
X970008	-0.008650305620361148	0.0007696752708859201	0.00890482199097317
X970010	-0.015128758026407313	-0.004769404031797496	-0.0031605283592724635
X970011	0.02438286192661677	-0.00413033319966512	-0.01073299767117896
X970013	-0.018325953546811016	0.004607942979423891	0.0022978689071902116
X970015	0.0406886940552696	0.04146171085559334	-0.008612322125400106
X970016	0.009985346545659976	0.008842531280230324	0.008462545755178399
X970017	0.01502731580133235	-0.04650065522204808	0.04986041128058301
X970018	0.009563352729552835	0.06377579872548018	0.05979905455851664
X970022	0.021253416350477304	0.012840525018687866	-0.009555706494356808
X970024	-0.003619784932227725	0.0020949860724532865	-0.0038425414415555535
X970026	0.015025565423317523	-0.002639528660567108	-0.003797334659112431
X970027	-0.005824448463196127	0.005228847746181363	-0.013115363021234729
X970029	-0.0028121681152971753	0.003074373501848919	-0.005570278515589531
X970030	-0.07448197537529215	0.03663784540319397	-0.009182658073933708
X970031	0.0386853584003656	0.030236953526684703	-0.06546222719925868
X970032	0.013988449022776411	-0.040609268472816144	-0.050578092362625914
X970033	-0.0653450904265981	-0.023327345198997023	0.09938864382621325
X970034	-0.002076011137280223	-0.034513101943714306	-0.001535467043567067
X970035	-0.014980675561782498	0.016602146320205003	0.005853382234301819
X970037	-0.014195520117966634	-0.012377503634203637	-0.016023344619330013
X970038	-0.021694470609786992	-0.01822278735285103	0.0061965668487151005
X970039	-0.014452838630855846	-0.003346428051901423	-0.011289941138083771
X970040	-0.01797178902173736	-0.022881143630296055	0.00642841967046024
X970041	0.0020461248787034467	0.0009032516305262887	0.008219561749786532
X970042	-0.0034798058741473377	0.03481414474957803	0.013328186298301844
X970044	-0.017725196783416185	-0.00519224537353546	-0.006915642352265722
X970045	-0.01380094958756471	-0.01776191216713725	-0.030822677003422467
X970050	-0.028587564932813492	0.0002727369692409753	-0.010874213060901425
X970051	0.028667276683974483	0.022165827804280627	-0.0007913063148471805
X970052	-0.019926689195373326	-0.010008757745960054	-0.008815591508122939
X970055	-0.0008844265135010415	-0.002769596520340824	-0.012786822138028748
X970057	0.00049844572699141	0.008408043206924332	0.016513707605903875
X970065	-0.0033943922945384735	-0.005407971249438836	0.008038331615828238
X970067	-0.008885484791286384	-0.014679601866364113	0.012970728119772432
X970069	-0.009966914422759937	0.01410564357357864	0.007879738145882794
X970071	-0.0024769050854554606	-0.0048120617543724025	-0.007724769618768789
X970072	0.011026816385313182	0.02273192768122947	0.0010862565940884085
X970075	-0.008609624588239334	-0.023528282906165186	-0.006003534716036788
X970078	-0.0031180787528394837	-0.000800091993143636	-0.011765617794953243
X970079	0.032195654643741224	0.023730370730453674	-0.0009476619459927803
X970082	-0.02668871253570774	0.004207526231176854	-0.020487267824276734
X970084	-0.013165543627008136	-0.0010787962591391406	0.0018074128888269589
X970085	0.036751136976891564	-0.03693107983299777	0.015286523103462842
X970086	-0.007817467288158651	0.006654511907137868	0.0119470923975781
X970088	-0.011307209085490984	-0.004760873493286241	-0.0032275790799064555
X970089	-0.09999921624221413	-0.002925103343661809	-0.0166644022650162
X970091	-0.010170965834189083	0.11978751349287904	0.04840041542199254
X970092	0.05584428590628116	0.10660272754769118	0.012258335329823209
X970093	-0.0038063692885444474	-0.0021335187875179623	-0.007262769876659359
X970094	-0.02624426309322944	-0.024092358470388184	-0.029533963328524197
X970095	-0.014236582674941444	-0.025589272813935263	0.026099685696850217
X970097	-0.003280643480790163	0.03090012800131723	-0.010931087659065811
X970099	0.015065994108666108	-0.008457872561991406	-0.013556368397665115
X970100	0.01287726572601173	-0.01420298482064428	-0.009439729720271137
X970102	-0.07668208835458855	0.05222303910766674	0.0003584930221393854
X970106	-0.006132776356272342	-0.020492428172364425	-0.013098906794494271
X970109	-0.00414035186583675	0.00935976816300163	0.004095942916162264
X970112	0.009541703913242817	-0.031440464941515436	0.014525580278477683
X970113	-0.04344074653337997	0.015908684251795337	-0.04749790457461161
X970116	0.015997816980035596	-0.019565979252974593	0.018149696995047725
X970118	-0.0125976010723275	-0.004625750142396412	-0.0014804451717647968
X970120	0.006606101028857262	-0.018042573305540745	-0.006839825297435525
X970121	-0.13200825397554602	-0.0005639363729813509	-0.09240322815167726
X970124	-0.01815936735613392	-0.007104602507881521	-0.011223271774718657
X970125	0.003683705440312519	-0.00021170712585747234	-0.0030539755480427267
X970128	-0.09649516614613497	0.0452022830817653	-0.008647471963979341
X970129	-0.014200141636438138	-0.002662686448784127	-0.003887443287788984
X970130	0.004425974499849507	0.015508426269291784	0.0019238761951446306
X970131	-0.11468649927151234	0.018868862692711784	-0.0310347134684113
X970134	-0.0018544657283228023	-0.0014542323074563726	0.0006636176185352515
X970135	0.014279594552836054	0.01898055540667686	-0.021395657434636013
X970140	0.0025036703749161887	-0.009856558631163893	-0.006526123097924128
X970141	-0.085806138938442	0.020781254746554838	-0.014696538435663532
X970146	-0.008949623565191708	-0.0042264877957315415	-0.0015692839420133268
X970152	0.020597098079694422	0.031354003956554764	-0.03193248488369738
X970154	-0.016169815576036306	-0.009216586648052949	0.013761023175509311
X970156	0.0125347957300855	0.005583914050572497	0.004387368008692751
X970157	-0.002527555325959006	-0.0061121771883721	-0.0111475569685198
X970158	-0.02301027939599497	-0.011221902751829433	-0.0027490076476241066
X970160	-0.009271650048841302	0.0021063820423413613	-0.012717072623058934
X970161	-0.0061485808912460325	-0.032298374788834995	0.01960901822142906
X970165	-0.008678366320039538	0.0053533127732146284	-0.014951344047615719
X970166	-0.025480595645914653	-0.029878762246762804	-0.001645142197009457
X970168	-0.0091827375419222	-0.015311449007211564	0.011328657114637352
X970177	0.007954422645727752	-0.019931230415973576	0.01957036814514184
X970179	0.04987486440836028	-0.00039065642491242634	-0.008147989741237925
X970180	-0.010669720176514793	-0.00884023779712059	-0.007586155750587208
X970181	0.010975527796655114	0.00479376000039759	0.008964853951831013
X970185	0.029846246202255518	-0.004614061536633003	-0.03408998540672792
X970194	0.0017914024374320382	0.016053168091408103	-0.010924011068694287
X970197	-0.0020308146194299415	0.0019811941871422612	-0.021170271470794887
X970199	-0.0014420145528659988	0.0013231265782103036	-0.016400666935585555
X970206	0.00024930214627997746	-0.02085300200881613	0.008375689177514918
X970207	0.0037130921987156697	-0.004282177933454628	-0.035556195844611165
X970209	-0.007992969880027935	0.0034325637139266773	-0.0009988742251437037
X970216	-0.05483012342831784	0.001429140239093763	-0.0511694570534069
X970221	-0.003972950639826619	0.02285380365550625	-0.004178742295090135
X970225	-0.011134827848147148	-0.0015478391473615321	-0.011125670073573467
X970226	0.004935662039008363	-0.02191078189667108	0.013415644880183875
X970227	-0.0052609702524332	-0.01848561545880052	0.002687566492316437
X970228	-0.0018808818939686134	0.01789157436780118	0.0012462827987060683
X970232	-0.0029554092583092893	0.04911694916719974	0.042724802358429
X970236	-0.06422237605600913	-0.026161550488342185	0.026754885863137123
X970237	-0.03258343354085521	0.016943200104261313	-0.0024055249569250197
X970240	0.048186614993246085	0.08154645763892288	-0.05971554838112294
X970250	0.025837735982763427	0.019006620211315932	-0.009940888890102204
X970251	0.00014572834560460212	0.003911374035194095	0.04704374980727555
X970254	-0.02221865405216809	0.08980204373967939	-0.06664285614570056
X970255	-0.007010352117695876	-0.02022809379771388	0.010046732561569212
X970257	-0.08583189743541284	-0.00872827918080294	-0.003682848501469244
X970268	-0.011019474518543513	0.006041563809013996	-0.021512524679359955
X970269	0.014769189263119955	-0.027517439812049446	-0.03360008576327008
X970271	-0.03617931160261616	-0.029866594714845558	0.07384356630893958
X970277	-0.005272732858559328	-0.02727795004217835	-0.011444833775620313
X970283	0.025316118537169	0.10599422298575224	0.059175121988808116
X970288	0.0038621461988775346	0.027033453216271507	0.027312798852226126
X970296	-0.032264060777293484	0.05404190242085399	0.015751244362145957
X970299	0.0036648391513386114	-0.015781840857299577	0.004311715843869246
X970307	-0.0037802561380410864	-0.0016573161671782587	0.000459526160006224
X970312	-0.037612007525129644	-0.00037600379323440137	-0.0287091103302435
X970323	-0.0038297699934402084	-0.017436570705841398	0.013862522252642418
X970325	0.01554981712070084	0.00996303353043809	-0.02546257829080407
X970327	0.01380954767512865	0.05505816902633088	0.01469907816132755
X970338	-0.03798435247038067	-0.035450693274379316	0.07609973135912096
X970342	0.021871924696405184	0.08548337839425467	0.047799674567752914
X970343	-0.017090243852413096	0.026045452006910993	-0.006000435294446141
X970345	-0.009179502179265744	-0.013562193242699135	-0.0009951847831144937
X970346	-0.039766939130246384	-0.006343542146913471	-0.06883611450997708
X970349	0.0032298718807036567	-0.014841522727750061	-0.003783939004306848
X970350	0.0027418177829542437	-0.029012757552246686	0.0047666511816562155
X970358	0.02675227302054357	-0.01444055881683737	0.000932227740189857
X970359	-0.03313367237239235	-0.01073583130557925	0.002562119916830345
X970361	-0.029429764014907874	-0.027823748131260425	0.03584934239729461
X970366	-0.003927877019477905	-0.036169143556799344	-0.012590108785324678
X970375	-0.017821425073302116	-0.008343318543009879	-0.00746149736816004
X970380	0.06316270506462512	0.027497147476795724	-0.03595947419955295
X970381	-0.0029277458307220127	0.029531638783077283	-0.004573092712624037
X970389	0.05450831440644191	-0.07462317170650547	-0.008544676609171967
X970393	-0.0333924782166301	-0.023698894933960584	0.09438216240266528
X970411	-0.06441930842659925	0.02979665470238282	0.0244748951747668
X970412	-0.02345141731293663	-0.014627348115411816	0.02726367034793383
X970414	-0.05014330720320394	-0.008121846866158248	0.0012576431569085327
X970425	-0.0036733150918371944	-0.013559751676233557	-0.00015588913708956386
X970428	0.062475697886490884	-0.0332722715720933	-0.010856726487775456
X970432	-0.003922450536532639	-0.017948603022429684	-0.010884904026811946
X970454	-0.007020258939836793	-0.009167512553860615	-0.007252062061539332
X970472	-0.012995980988656798	-0.010986102245406389	-0.0028338942061206128
X970474	-0.017947984158792247	0.006260592057721483	-0.012921863802516106
X970480	-0.006481667625934466	0.002199788590992122	0.0034035200236088915
X970482	-0.03480233771151503	0.033806408553612464	-0.05796923540789433
X970497	0.024200673061779053	-0.034650219558125195	0.01806525303531185
X970502	0.04926685178659279	0.0030808592711429775	0.03018024227380298
X970504	-0.008158583668617853	-0.05028263686425122	0.04639974657222767
X970509	-0.07491921273594078	-0.020161638685003615	0.005811030421709871
X970512	-0.017818218739541335	-0.009766412093127733	-0.00864895160311314
X970515	0.016679888855548147	-0.0009722546906605414	-8.488456391538646e-05
X970517	0.017241537480129243	0.005541484700222272	-0.0030706330296026286
X970519	0.013542480579599404	-0.012406744362525611	0.01797790437620735
X970522	-0.018495023647061168	-0.009424161432032892	0.01992753315827478
X970524	0.0031038140620361877	0.0027802612119004993	0.012133756783586332
X970533	-0.004545784273829827	0.002187019316331504	-0.010426598560860855
X970536	-0.009381379581067096	0.013231479351454991	-0.02597135354382726
X970538	0.005714890369752964	-0.006004999744503814	0.019711132091051443
X970543	-0.01680114466115126	-0.00786894784324681	0.0066309778495023735
X970544	0.04073933032942527	0.02339404936079613	0.01844452250164259
X970549	0.022091412302093005	-0.01787767542192099	0.024080699475621876
X970563	0.011610436852831583	-0.019295864489369007	-0.024356827365851378
X970564	-0.0025445352358517267	-0.0039792162194663685	-0.003387977717690103
X970573	-0.0422170441659126	-0.018419133993353005	0.050433925656932936
X970577	0.04475214695479673	-0.031240993384702473	0.03327646997643885
X970587	-0.004019380037741866	-0.003992296289721721	-0.012848424549207196
X970599	0.013159296143143928	-0.015307502416485052	-0.04805279976668818
X970614	-0.010869836247792032	0.0037644306714621706	0.0072177176316635646
X970625	0.021590247400893905	-0.018235601005304386	-0.024846343216064028
X970633	-0.022399300119323576	0.06415008510826016	0.05529647451905976
X970638	0.02782396953997738	0.003465797835854415	-0.04212198778277945
X970649	-0.10171805653141511	0.02841027137198851	-0.008697288117365122
X970659	0.003701994014624	-0.0018555876360501393	-0.0202510003384305
X970663	-0.006650299755680793	-0.012225605944374756	0.004734012443884749
X970664	-0.10372619867671459	0.007158414068582303	-0.011406472406463669
X970677	-0.0168260946059419	-0.024338422638732995	0.002308232786589694
X970680	-0.01815593620773588	0.08775810319538133	0.050813841173451085
X970687	-0.029740745307171485	0.012946036296123259	-0.012412126943429283
X970688	0.02533214680805136	-0.009639795793014543	-0.029611238400376716
X970692	0.0018037129223196849	-0.012946602005222147	-0.02640039747905314
X970706	-0.12549652853195886	0.06911695522145692	-0.017416384516264868
X970707	-0.020304276203842137	-0.014686808266099626	-0.009342759996703375
X970717	-0.008990343128325216	-0.004298633267598158	-0.0005361977707760983
X970718	0.011509975406749074	-0.003917131972946668	-0.0012583863296230537
X970731	-0.0238068431645767	-0.007974298488787812	0.005446059661517681
X970732	0.007445316424948436	-0.009155414862590526	-0.024313645198569146
X970737	-0.004641433391349314	-0.007093663883085448	0.001918491940798985
X970745	-0.04064547210764821	-0.0050166762697761175	-0.009894314668906433
X970784	-0.004389397915974088	-0.010682159922008778	0.01685907102664413
X970791	0.005115966420921812	-0.004019050375929189	-0.01056639114982515
X970813	0.010121254872500781	0.0075941969192200726	0.027296046086378967
X970860	-0.009720602320925826	-0.005330295012593356	-0.003420871525471304
X970932	-0.001627001960219239	-0.023299606155897247	0.008495018315887833
X970960	-0.0050084336963863215	-0.03452839766714079	-0.024803926353842383

Biplot	0	0

Site constraints	0	0
