Eigvals	3
28.48468900243684	25.529982881202184	9.66761343538231

Proportion explained	3
0.5212430522834209	0.4187148484610707	0.06004209925550832

Species	12	3
Propionibacteriaceae	-6.931459867684757	-3.445022796562092	-4.381260843531202
Staphylococcus caprae or capitis	-10.917061356980438	-2.1927691321364677	6.360951856165973
Staphylococcus epidermidis	2.7761471577671117	14.478973242138414	0.023358386129467244
Staphylococcus hominis	-1.2320855334163745	4.444191309102195	1.1116669382190612
Other Staphylococci	-3.9495630787194798	-5.727326166539745	-3.154799562632762
Polyomavirus HPyV6	17.676741873924307	-14.675602492698255	0.4794653385426633
Polyomavirus HPyV7	9.700836395236305	4.450755157799446	2.7276253886190767
Merkel Cell Polyomavirus	6.091264415830989	3.1472762128364353	0.9495551983732187
Malasseziaceae	-9.867433449204066	-9.79777561315018	1.331632803073183
Corynebacteriaceae	-8.147034044389086	2.667584889869803	-1.3569036685379914
Micrococcaceae	2.841649418932675	4.46507451050606	-3.0608392221951153
Other families	1.957998068702822	2.184640878834389	-1.0304526122255646

Site	1225	3
X940001	0.001078060228584103	-0.00442630647045128	-0.021529276326180714
X940002	-0.0016728437393889648	-0.013042146022133527	-0.010914291371687024
X940005	-0.0013073414708688956	-0.009252435409226588	-0.01797318566355222
X940007	-0.02433449533383389	0.005685134831924733	-0.02371367361412003
X940010	0.025535996033961	0.027028205114467442	-0.036182776188755324
X940013	-0.0008114936450634359	-0.004045488442896056	-0.002811316576658596
X940014	0.06253293178060204	-0.11999359465033534	-0.007906726003637034
X940015	0.02310804695080931	0.002464491123017156	0.0035672345514661755
X940019	0.001559510614402023	-0.059348551640921086	-0.035934041118880274
X940021	-0.038519909575082514	-0.04200794268905297	0.050806656838149555
X940022	-0.007955087349405499	0.026206250983285537	-0.014826547145865912
X940024	-0.0018308712222195743	-0.0030020911854420017	0.015083743740126224
X940025	-0.04390504744323679	0.019187911211445037	-0.04332982977161687
X940026	-0.02756211740868014	0.037765093071873396	-0.0005610081022543425
X940027	0.007544331483160158	0.0046476592458111286	-0.011398562122215803
X940028	-0.0066140684920194155	-0.012121992327400116	-0.00813672245609633
X940029	0.011752847610124618	0.0031364833134013685	-0.0022028813734828344
X940031	-0.042565184727565625	0.01483546308754271	-0.02779426991841536
X940032	0.011004527235482928	-0.001898007993000199	0.009507189280262847
X940034	-0.007620570514966451	0.012690614695038776	0.0014737292227887673
X940040	-0.029416779851846167	-0.0091022054658667	0.0021531277135282845
X940043	-0.0005172714094400878	-0.0028162638346132998	-0.00921949212207141
X940045	-0.013172691872938099	-0.019606352108681297	-0.047561043239084805
X940047	-0.13558275514461252	0.03575116630575301	0.0016740909791498817
X940048	-0.016818780094744683	-0.01135632929496102	-0.014940907087206702
X940049	0.01613979059372627	-0.019916760863195562	-0.003960359923331553
X940050	-0.02655290496169875	0.06403438227702495	-0.0036265915005866856
X940053	0.008782797579903415	-0.008713657200074026	0.013624473871253507
X940054	-0.049958836986330794	-0.010641445927647883	0.010583206027611902
X940055	0.012971710364043303	-0.01582621835610492	-0.0455640953233433
X940056	0.022516107097258937	0.03747785684479575	-0.025183532795427226
X940058	-0.00468362786828394	-0.0149708489766331	-0.016643619019335084
X940059	0.0005715715758850109	-0.015445191184454733	-0.002667943502103451
X940062	0.01540795679126361	0.03179261582872704	0.018487764912537376
X940069	0.0068074668637244555	-0.01390068337927796	0.01911961538561545
X940071	-0.0204093435012596	-0.005908085648095039	-0.06799252175324454
X940072	0.010434732294734246	-0.006048057263750365	0.012858899963302951
X940073	-0.03150451374544372	-0.04777510529874994	0.029268219564646265
X940074	-0.012670708666023538	-0.005141634548732119	0.03223013548332334
X940079	-0.05435764203195555	-0.03227175290760909	0.033870963533337184
X940080	-0.018122879220714733	-0.0022725833989996336	0.00856527159707907
X940082	-0.021485896508949106	0.05140730966693217	-0.00012854075273704876
X940084	-0.009637593375474996	0.038893677645919	-0.006814712785389107
X940086	0.023738199305484747	0.0006422083504193104	0.003948577032879376
X940089	0.028425321511965095	0.010316431908083675	0.010433729067967702
X940091	0.027058171948663758	-0.02053708045785696	-0.00680330257508024
X940092	0.033088532203887126	0.03359844495744147	-0.006602282339546532
X940093	0.0038779405345879888	-0.010822589794853767	-0.005975996290106274
X940094	0.09071822350506124	-0.06606222082247497	-0.08294697504914984
X940097	-0.009002340306616806	-0.003548175224431371	-0.013007754094571264
X940102	-0.0007490221509702662	0.013541948751040075	0.013239484432435434
X940104	0.021761765584736713	-0.0063606187893528714	-0.003499565967816143
X940108	0.008401870003829522	-0.009557981606145198	-0.009292679550324336
X940110	-0.03922781933428164	0.009403832984006788	-0.017384106738977858
X940112	-0.0470537718639179	-0.07569764242744198	-0.05933927486589582
X940115	0.03975309340958937	-0.014624784262759953	0.00790044967055506
X940120	-0.0314369054084055	0.008754293119333022	-0.015020756085447694
X940121	-0.02954867859864809	0.03837906311744387	0.005136313452138926
X940126	0.01645473550459063	-0.009006955177741197	0.02257990615837165
X940127	-0.007291281963333356	0.004291093506699245	-0.0004668658129237264
X940129	0.0049539085736322085	-0.03137269107389996	-0.0030669727617760405
X940130	-0.01656609855043405	-0.00015946479635889295	-0.019144194072404593
X940133	0.014503514280475902	-0.02318594740183905	-0.001609190791827597
X940136	-0.005771670899271191	0.010402928412022984	-8.412571554343417e-05
X940143	0.008936964158776777	-0.002662459105347679	-0.004539469394752248
X940145	0.002797557408768733	-0.008999042963349024	-0.0013005158651417104
X940147	0.006928290323512397	0.02855117653583598	-0.0019594276211359406
X940148	0.014767688409956539	-0.0109464446189989	0.01052237350417989
X940152	0.024058906707395054	0.0031773639935052003	0.006130911817243818
X940154	0.022406049966293442	-0.041127603197988284	0.028708361395810098
X940156	-0.0005596284637370514	-0.003156924353300464	0.041924908538540556
X940158	-0.013237153591784727	0.009465827439574493	0.02741834352223692
X940163	-0.017650654171444263	0.020396551593351017	0.03811144966375769
X940168	-0.04083164101365859	0.03583316819295566	0.00595635481838952
X940174	-0.06090174803036711	-0.02477998781511464	-0.0772958446942263
X940176	-0.05670933255296399	0.0651428758510057	-0.008932654376142405
X940178	0.029896819526763135	-0.0034314483963131695	0.006907132075348439
X940179	-0.03336912650373722	0.0019083637244076495	-0.02319437910322209
X940182	-0.008645158644115556	-0.01721074484561951	0.019019621757885595
X940184	-0.01898009551139903	-0.039684257867020144	-0.043231180736743
X940185	-0.0062023560413642966	-0.03503468338850249	0.0400143439304562
X940186	0.014656693825453393	0.002779228469001518	0.025282774433844732
X940189	0.007014942878783886	0.038847555086115246	-0.004918061303621767
X940193	0.003444070643199622	-0.0068313006420270455	-0.03163131382457899
X940203	0.009850464072624241	0.06702662574377855	-0.015749095799215754
X940211	0.00912374128357754	-0.014747977322250522	0.009725775798757412
X940213	-0.014422024110278991	0.026089476258342317	0.020044063580758633
X940214	-0.04501390970040941	0.008203182922434007	-0.03076974068688428
X940217	0.013402902782885537	-0.013880813195866657	0.0065805004475506185
X940222	-0.011057973376495075	-0.006907929458833691	-0.0231120935239948
X940223	-0.07390738647857653	0.0027010971428510144	0.043871974893839656
X940227	-0.016883020618343715	-0.04152012868582521	0.00043459701162062146
X940230	0.011984710996540655	0.01672185963980357	0.020697980656960914
X940232	0.010964001430779476	0.0024479119015974635	-0.019190058596382696
X940233	-0.014697139663702164	0.014039293779571603	0.019074113083466265
X940237	0.02693028653023544	-0.02148581042349321	-0.004595334513655496
X940239	-0.03071587693674028	-0.01820652383238999	-0.01385161778561113
X940244	-0.03072473669258856	-0.012473035993766205	0.00808348899911291
X940248	-0.0026700404291658273	-0.024955514741850104	0.009309031352824342
X940251	-0.009116346206547147	-0.02621346439427653	0.010858103643743771
X940256	0.006157675786537124	-0.04260061857394116	0.035888492887970726
X940259	0.030427313681298532	0.00935571015868065	0.006658472482716891
X940261	-0.02082865836363771	0.023349455750411027	-0.040297879997558274
X940264	-0.03174797131516252	0.023581414462353335	-0.0028279179371809675
X940270	0.015220871484642148	0.009132728778545438	0.016471180446538117
X940271	-0.018929394454675855	-0.02017670655344896	0.006548612386836467
X940278	0.0029867720526237426	0.017697772164377443	-0.012237774883104655
X940281	-0.050332308583300865	0.004002090932022062	-0.016512060004402473
X940284	0.02502732313231001	-0.019094615790383015	0.032539554407002645
X940286	-0.015125820503566544	-0.05226448843801052	-0.03758819789163685
X940287	0.018550176374620718	0.012883743295987527	-0.004668975420275897
X940288	0.033784067261619984	-0.038812696658275296	0.0012362297709896124
X940291	-0.000982871142043477	0.002276678357459589	-0.009127926286493102
X940297	0.011037825947497689	-0.009038726347709173	0.014405461892188564
X940301	-0.004341727782300325	-0.011801978475861537	0.006059247563546185
X940302	-0.006776392733230137	-0.018593973635179353	-0.0033534003873737805
X940303	0.03344592440116469	0.0011304237946996546	0.03591890660276462
X940305	-0.0023341562514302095	-0.0065848853020622254	-0.006938759441635966
X940306	-0.045433718691127355	0.015586066357228541	-0.01596860754532146
X940309	0.014381298791435565	-0.012232368836809083	-0.003619716163210764
X940312	-0.018644802888940094	0.004422932911201107	-0.024412706564016236
X940314	0.003049289160028413	-0.00786157001031255	-0.006845003699515062
X940322	0.0018683541995988418	-0.026867542557712246	-0.0716843009543807
X940324	-0.004097564897147053	-0.01898029279107172	-0.004076005980944313
X940325	0.0056265498962460615	0.03600651450941982	-0.010519579875959539
X940329	-0.04754864000036802	-0.0030644009368340558	0.025478464423044425
X940332	-0.018674180138226245	0.020666282181990504	0.002659574363713145
X940335	-0.05964617986616015	-0.011159048954693983	0.024138044269133806
X940338	0.0001449115891110694	0.010016880348698404	0.011186179977808023
X940339	0.03415856862189588	0.018936431597525654	-0.01519272636599358
X940347	-0.008893831955298385	0.012713628092415273	0.008987469008460145
X940349	-0.025060769364935172	0.0020831324173408014	-0.015229174809071187
X940351	0.005282951188527886	-0.0006135589628263148	0.015720437075483713
X940353	0.03775147681836372	0.004089262161579332	0.01666310049935359
X940354	-0.0013534408428770737	-0.002453847562425829	-0.0062392429174924985
X940355	-0.024426415597624075	0.0032877103228832662	0.0011502562764572272
X940364	-0.029152856454106472	0.026509620206816666	-0.009444429083202279
X940368	0.025481659422764317	0.02180890692846087	-0.00021252581222541288
X940374	0.009581043577621545	0.04877658700032925	0.005135787827285822
X940375	0.0076455694586422705	-0.01844849390684869	0.020700739106618203
X940379	0.0028929187801007912	-0.012829252505258338	0.009755106338641897
X940383	-0.017214194132147215	0.020191407645694208	0.018415167114022375
X940391	-0.017535643155671733	-0.01902995158882717	0.016762227867402755
X940404	0.01814106155942926	0.0003028515817123354	0.020666949707580835
X940411	0.012970019302099081	-0.008384000220303755	0.002338781650535449
X940413	-0.018426068654528012	0.06352228480343144	0.04802695709174494
X940420	-0.03449873271657377	0.03382334649328734	-0.014855223321618365
X940443	-0.012991361046918908	0.025884650427911396	-0.00459424942086347
X940444	-0.030128909466833328	-0.02366316530280627	0.03584615439269904
X940445	-0.022284168991395632	-0.0010735304383607174	0.00911726753637039
X940450	-0.006660963502825145	-0.014121919839620056	0.01814035191251197
X940451	-0.0493657931264128	-0.0848767960681175	-0.10666032176198853
X940456	-0.0031075800699668773	-0.007847036290014762	-0.002231040398102708
X940465	-0.01442248619822786	0.007370104450242663	-0.014109503478508796
X940466	0.0070435073107005565	-0.019446900379828772	0.029576328025714527
X940474	-0.03410695016875332	0.009198918514971153	-0.006844477435284967
X940481	-0.001335906369211447	0.016668913749405177	0.005764122207932279
X940483	-0.018341269998431088	-0.003426582569998369	-0.022591262465661854
X940484	0.013613078951581346	0.040276925582252425	-0.008136884574541235
X940487	-0.019596616821918707	-0.01635674853677832	-0.00327894565995474
X940488	-0.03340598673570815	-0.043750166457308996	0.06339931439144705
X940497	-0.014533813965140578	0.031337222781379626	0.01328628323584906
X940498	-0.02749708774309034	0.012780746493146117	0.05544608482505432
X940501	0.005723466524215925	0.0491595347522001	0.018955395022347957
X940506	0.005776327410644814	0.03602383646144838	0.026349489423857904
X940526	-0.029533858594061525	-0.0031376986170939844	-0.013222597998166037
X940529	-0.05152978445101847	-0.056238251530833505	0.1183256398090406
X940532	0.008762900978996143	-0.014228242140399151	0.022782924326864344
X940534	0.03797933034028337	-0.014016720836033348	-0.00497817916181298
X940535	-0.03205398803625827	-0.004651976419125894	-0.0394700988483905
X940540	0.026288497868358223	-0.000746420068920808	0.01308887367194283
X940547	-0.0026596882106853558	-0.018740869542521015	0.023038596956245046
X940550	0.01491539832060945	0.04161655966452888	0.011899958788222904
X940551	-0.015583996803147772	-0.006380592950108835	0.004883481819476255
X940555	-0.006767927722434908	0.01537390023932477	0.019868131932641333
X940558	0.023846986722547352	-0.016984257126650793	0.016678210153453683
X940560	-0.03642777476154999	-0.06701366122701868	-0.041912281198668896
X940562	-0.03115539970502309	-0.0041987265896417355	0.011966212445861879
X940570	0.04476722961115856	0.0003502296082479414	0.001325625335438774
X940571	0.028380651185565466	0.022798127940174964	0.050769224649899664
X940580	-0.006148431687381562	-0.010510784932950342	0.030951048918763796
X940584	-0.0029205021669416425	0.03142559170831132	0.0154924236917774
X940589	0.02046388773102516	0.1221701781798095	-0.012143358336211956
X940598	0.007513718029856776	-0.0034562439680849697	0.021022167085228156
X940602	-0.11939711410373942	-0.02043859918323433	0.04938225868403566
X940606	-0.00292374991716984	0.0160068431446227	-0.02514701411089691
X940612	0.00795279435556492	0.04716184572021628	0.0137260446144542
X940623	0.014334705479082945	-0.0058950261384955824	0.00419844706435723
X940625	0.0252710473910228	0.06911457528439499	-0.04074282096178265
X940641	-0.019365252747194056	0.0035276951458564016	-0.011544738353284173
X940642	0.024916813166318212	0.011982035346080222	0.006797942412823635
X940648	-0.026715657045584585	0.021998635705810694	-0.019092578398165087
X940649	-0.02178766692041743	0.0012925685557642925	-0.015677965619115594
X940652	0.0021774889270870395	-0.015025575053354875	0.00666059453219055
X940662	-0.012081924082136083	-0.0020838288533602143	-0.02008037510778956
X940665	0.012548979838659274	0.01611067993987202	0.008526753953595858
X940674	-0.0035485190211542654	-0.005699369603861657	0.0022746921174720204
X940689	-0.09205745973461324	-0.036370675481741464	0.060686319620289746
X940690	0.002718638987600069	-0.014504957663035728	0.026494110627150947
X940692	0.019048296125486978	0.022354426831845152	0.02130117089978634
X940696	0.028372159093798498	0.010158016634766516	-0.012182996165250023
X940700	0.009780504081919642	0.012998776834099886	0.032870690749927406
X940714	0.024025464907421207	0.020185167467524683	-0.004111622590420616
X940721	0.018402372253542132	0.01401996764002326	0.023018297880590552
X940727	-0.0030119054803579687	0.030034539869446368	0.008483832405377567
X940748	0.018552797334009156	-0.05163068384238736	-0.00023787014493368845
X940756	0.029803826933460852	-0.014383819234663697	-0.04631926813133814
X940761	0.026008678192265666	0.02756624814768601	-0.01056060276911376
X940763	-0.011502047083903146	-0.013558182469436894	0.0232202718675292
X940766	0.03672973576194275	-0.013668639963394047	-0.02009107840182333
X940769	-0.026130511426900496	-0.00411621506836318	0.012207201033183334
X940775	0.031610144164464796	0.00919902640265092	-0.004516181453996309
X940778	-0.010973666904380891	-0.019378820525616278	0.0001448693946062853
X940786	0.02204293458001123	-0.016569994025272875	0.02602182147748608
X940796	0.0036821771452170532	0.009018215809268966	-0.007408739134467659
X940816	0.0076161904961218685	-0.01997979215800537	0.03243671421716712
X940819	-0.05166836600024607	0.05241868085241302	-0.05420867091844965
X940820	0.025599508989233563	-0.016242666461108723	0.009055547793244478
X940826	-0.002743789862198902	0.03926074358675741	-0.08944836039945916
X940827	-0.045990073618962214	-0.03527794650550878	0.00015498309007062105
X940833	0.04477626344109172	-0.05180851471744865	-0.0058123684806202554
X940843	-0.0028252033853408574	0.0007468531288757997	-0.007914184081057428
X940844	-0.051487490116583975	0.01419528585242996	0.011303197178162581
X940845	-0.021235809133001354	-0.013205863887802332	-0.015949037068917492
X940847	0.013323279077422947	-0.006896267213063713	-0.024301579479351493
X940852	0.02873305450237324	0.007129604292885708	0.02328657520873328
X940863	-0.014160051884309022	0.002309529208715321	-0.007760529089624661
X940871	-0.0007390073894397865	0.03837205043414241	-0.03323457231412842
X940875	0.040770184771865184	-0.0015520942814685695	0.038487888380993845
X940882	0.020095796618727516	0.014929940685829443	0.03568999885111444
X940889	0.0007928266686776236	-0.0012685401410133753	-0.003646455725441701
X940892	-0.015524582781748942	0.002831663223502113	-0.01404280546699011
X940895	0.010896872171701157	0.0043834285440555575	-0.019243133359920544
X940907	0.015455158006190385	-0.006576688151149089	-0.018708127377615003
X940912	-0.04602470582901272	0.008271907378993401	-0.03382265489161164
X940917	0.024573218201880898	0.015941389063923055	-0.014727708185100148
X940925	0.06608278125117344	0.056067446137525345	0.07163999803604908
X940936	0.045174976303873765	0.06731707127962247	-0.009588051763298829
X940941	0.016523918618296777	0.0368621294683643	0.0232211621962578
X940946	-0.0009565310747437594	0.0068428628917325705	0.01734630011059686
X940961	0.006219957489337755	-0.017375341081957266	0.0019247619217935379
X940966	-0.005626189174353212	-0.00485146072877099	-0.0010706839285890152
X940968	-0.009668540738047312	-0.03297434837971605	-0.0008929854085020743
X940984	-0.00044920797864963233	0.0008195114213370802	-0.04741869425779764
X941001	0.029921252331825826	0.018824121903138067	0.04319643426967601
X941014	-0.06377520299497298	-0.04504124495159876	-0.05311642449933549
X941019	0.022370344645397687	-0.014233102342415106	-0.014495677916569846
X941024	-0.011642532571423522	0.010002258230683453	-0.030989621501541765
X941028	-0.015866750294162645	0.014306252577840343	0.016672085470184284
X941037	-0.047818487073313674	-0.08188090812659778	0.09309052289277125
X941043	-0.05553899303004546	0.014963568263776844	0.005047411493946176
X941046	-0.0004910089414601074	-0.029787799264448224	0.023146979430983615
X941049	0.004056504480135925	0.005683034956904722	0.002968677396421687
X941051	-0.0076716704959120365	0.03601171676040281	0.003604210953783891
X941066	-0.02598707708333821	0.022399034890066137	-0.03943989488747807
X941074	0.03512335428134334	-0.010411572341244379	0.021296654107791108
X941079	0.006501121477521987	-0.017237808271976893	0.010146833757505642
X941080	-0.017023176069889494	-0.016272140168861533	-0.07278769011279854
X941091	-0.0014719896528974914	-0.024659059834858735	0.06781479439497767
X941095	-0.03225571942198024	0.0009328474939828691	0.018789703695969204
X941106	-0.016882499398208593	-0.009972572836580948	-0.003580211276541915
X941118	-0.027172490081774733	0.009100066233311244	0.014525564744348494
X941124	0.032903633615727595	0.04216601022795933	-0.013463649885699775
X941134	-0.001596788487293276	0.006248873257844655	-0.004910387011470003
X941144	-0.005374208868821699	-0.019082291127659447	0.02147402704632106
X941153	0.0003319818821064301	-0.003033698568805821	0.012767913979104786
X941154	-0.0009210629768110606	0.019430673260855395	-0.004204904596359839
X941192	-0.005287222627209528	0.043364044230581204	-0.067585824401975
X941202	0.01475999334512013	0.02609329242247872	-0.004970944974390062
X941204	-0.004423099986617651	-0.019435722092949012	0.023062597553745068
X941208	-0.03632394637914104	0.0066395533480579205	0.04325100003413243
X941241	-0.011891601592747872	0.038650350339548306	0.08950151568950804
X941250	-0.009265604914996844	-0.019782253887483444	0.034919681847401206
X941253	0.017274144093293947	0.011289721399041346	0.005403963545584407
X941257	0.037063501452324794	0.021675962665842433	0.0004549421337692187
X941259	-0.010563583211697586	-0.018052640104328502	0.020504503388296083
X941265	0.03113543643706711	0.013514621309989566	-0.023961493975354062
X941274	0.018330593185111693	0.004868660442636359	0.024036466854850613
X941308	-0.004911790071275917	-0.022004073423297493	0.021635895893699495
X941315	0.031714303278678836	0.005128820127988509	0.02954180912061295
X941320	0.00319363038413543	0.0035076813096225675	0.019536910973800548
X941321	-0.034419414179199456	0.0017124110416325033	-0.01021115066090869
X941367	0.01105963142217512	0.017826162408078227	0.010782094697232344
X941373	-0.03221823806135866	0.0016428610098926455	-0.032603195279888836
X941384	-0.031199853460455965	-0.03925280094456537	-0.08454252469253995
X941385	-0.015085066165640718	-0.0066060198422747025	-0.0286311302466362
X941392	-0.07042456023433902	-0.08292209347432539	-0.0950968547442767
X941398	-0.0011565327123140917	0.005571939800523288	-0.06750238719202604
X941404	0.005856461223968178	0.002075634318943939	-0.01665956454194402
X941408	0.00021274521918226457	-0.00968761184915262	0.016906918414687246
X941422	0.015898693129137064	-0.03150976528529343	0.023695316731345086
X941439	-0.007624558760796427	0.004664254594824905	-0.004957201644677069
X941445	-0.029161554006769754	-0.028053172806728487	0.013904987147596226
X941454	-0.024821810002810384	0.0018541756201454378	-0.008123560643476817
X941460	0.016808946220021017	0.04888452377757604	0.013612222751918293
X941462	-0.0303299096601877	-0.015104955457975185	0.01638637713997537
X941464	0.01843047361968067	-0.017731388299905223	0.022686947774042926
X941503	0.011404633622831712	0.009112283420305066	0.007353938670037717
X941519	-0.019520062250662506	0.006407792369472705	-0.01865686442497214
X941530	0.018931902997930097	0.02096964606267294	0.012303225737896866
X941547	0.006122486156566069	-0.014181003133425704	0.005842777020046996
X941582	-0.05474408201673958	-0.036212988380107475	0.019547793625763542
X941617	0.0058677864331734865	-0.01317803830538275	-0.0009605451488902147
X941623	-0.014436605866142057	0.06927945937219324	-0.0006189887469312126
X941624	-0.012172303499460057	0.0022443615246756387	0.012725896258394351
X941639	0.025474736621935886	0.004847355855443356	0.015122251997306714
X941680	-0.005886948223630964	-0.0018941049963444997	-0.02283753726325085
X941684	0.028269575480688126	0.010136843807622831	0.011112192826949524
X941709	-0.0005416735000181915	0.008442941438160987	0.04010055420095984
X941714	-0.023640210350427213	-0.01855387392396099	0.07123413411578883
X941715	-0.008010701067267112	0.011108897953434624	-0.01125828145523854
X941738	-0.009163217445644446	-0.006598468997904261	-0.006006057783137679
X941759	-0.03617357247136619	0.04657852187965171	0.021684440314201445
X941772	-0.00938186341270786	0.02781661647497004	0.017971378128060538
X941774	0.006056959709870761	-0.019586968004475496	0.03923656098796652
X941807	0.003136898468088489	-0.006828866281211834	-0.008752683340294425
X941813	0.05721598413481964	0.027701129423508407	0.02005358733618615
X941817	-0.005719778152578121	-0.018078373295624513	0.01303876348713161
X941887	-0.02312685048450849	-0.007814685145168148	-0.0027302200347848688
X941902	-0.0004021134584323838	-0.034927052143897595	-0.02533845771295455
X942011	-0.0008125231677984143	-0.002701238463572161	-0.0204428479554063
X942026	-0.027122294949119056	-0.0051841639140340155	-0.06782707893343447
X942039	-0.00570640687420165	0.0005381782014652514	0.013128529813428205
X942075	-0.008921639893964026	0.036707914653018855	-0.01618665311372088
X942094	0.01775837578543759	-0.011374328878752242	0.01683737115586452
X942128	-0.012496404933965442	0.0026436579188068568	-0.012605497212228414
X942191	0.04532450988807267	0.1282684678623941	-0.015275294636222398
X942237	0.018076234663512308	0.047337673112127866	0.03739072314544079
X942303	-0.019516373960540265	-0.022049491940400023	0.02247435419108488
X942319	0.016465316505978538	0.08276127543416599	-0.006844422321895405
X942359	-0.0005792838623822609	-0.01721178359365852	-0.004866608496129499
X942398	0.0005463556089959322	-0.00013153987648170646	0.014204274133706628
X942402	0.036460020113160255	-0.07651606386603804	-0.019799192030822817
X942429	0.0011748361710575072	-0.035259597854096006	-0.02707473937770558
X942467	-0.03039808196162902	0.001432674120477126	0.016174946524241646
X942487	0.027912469347745297	0.030258475635102415	0.00016123685360520276
X942489	-0.030262590588654895	0.07257850366695985	-0.021794118611111996
X942490	-0.03193829352478219	-0.012627888951644652	0.01818127897794624
X942504	-0.020593217510427708	-0.008708514577970257	0.017324747001556378
X950002	-0.002704249915270813	-0.002825720265380532	-0.02112566289854516
X950003	-0.04206270910928522	0.008662412850996438	-0.03485965900395864
X950005	-0.024950608515020997	0.0053391664112279885	-0.0027272744783475348
X950006	-0.0008135959805870991	-0.013500525022294001	0.0015176227015849524
X950007	0.06958114407695061	-0.06505132332289959	0.01127245127644854
X950008	-0.011783560612230725	-0.005373729076416534	-0.03566088989445009
X950010	-0.0012484070168352378	-0.011150352500708867	0.017562625920464994
X950012	0.07601589418491775	-0.03458297067766415	0.03404954408438206
X950015	0.013991853380802279	-0.008642942317720642	-0.008127913386197333
X950016	-0.0006746758506271724	-0.018110060443345736	0.011558608472875894
X950017	0.0008428554986859638	-0.002792808088686879	0.001359686768092024
X950018	0.001459091192831887	-0.008266406255109918	2.280429758280278e-05
X950020	0.0022788666820940206	0.0002017775242482433	-0.007372368399473904
X950023	0.03025017027828444	0.13314169694303118	-0.03809411901162822
X950027	0.0010721738522992772	-0.003217909722624127	-0.011603370753796327
X950028	0.050137395622405836	0.14377467021724324	-0.04699962583163656
X950032	0.002128697846579955	-0.00629627586199931	-0.001690200474174418
X950034	-0.0031774649967093683	-0.01650690575087025	0.006420866019473321
X950035	0.011362919943140976	-0.00681645013405719	0.01382704414506629
X950036	-0.0019633512262001	-0.018014931815019005	0.001646328464680298
X950037	-0.0006145159792072726	-0.014773851783183363	-0.00453284154514532
X950040	0.002220274956954516	-0.00543930588022732	-0.012841063072905596
X950041	-0.0006369151109120401	-0.008914744514690823	0.007012150024761393
X950042	-0.008155207086893471	-0.012566943102621115	-0.01096917548645408
X950044	-0.009842053685903728	-0.004400457599043688	-0.02875103392186917
X950045	0.006673946830233104	-0.014441368618501467	-0.002141434660314
X950046	0.017666751063377978	-0.01185279961621447	-0.0027878215796333567
X950048	-0.012289538767154301	-0.010978613587644038	-0.020323019555760907
X950052	-0.045488356575282766	-0.03567257526937863	-0.08430876743749308
X950053	-0.00961364161897987	-0.004862409356746172	-0.02799856674528351
X950054	0.010613863869600972	-0.015005023691344628	0.011856047341499365
X950055	-0.008268161570351599	-0.010159486437529947	-0.010607395438988435
X950056	0.051128149347055694	0.1312581837139993	-0.01565160419667504
X950058	-0.038979078318176444	-0.05321338796150183	0.04198083383856226
X950061	-0.003971251472609456	-0.010316441006684288	-0.021313516404743337
X950065	-0.004157926406388484	-0.0011873296256888163	-0.016233246023111977
X950069	0.0044145188413309885	-0.0036450517291228913	-0.003963469650662963
X950070	-0.0027830442944407723	-0.009935929795893014	0.013728593045332494
X950071	-0.004932290214503842	0.0019511717006264213	-0.02761209246735337
X950073	-0.009054961262707295	-0.010420035714900676	0.012680893197638895
X950074	0.008714402892659645	-0.007850265191793925	0.01055032525820488
X950077	0.0141095046427179	-0.007408801668274038	-0.003608114516318396
X950078	-0.005562311203059928	-0.005345394957636423	-0.019851344125477812
X950079	0.0070765979150507205	-0.011262900719965696	-0.0023136920154487885
X950080	-0.023947052169623572	0.0016779065984779858	-0.03020790527578805
X950083	0.026853027631254595	0.0028964603604998288	0.023048938588457885
X950085	0.00162050484465542	-0.010898205201343748	-0.0031253853581897036
X950086	-0.007374881258049606	-0.005254728479844592	-0.021328849509827046
X950088	-0.014818985246686199	-0.003759880806550248	-0.0008922857999099999
X950089	-0.007760146294448855	-0.01337451947339165	0.015391674165055646
X950091	-0.010064326696415143	0.014256728019079292	-0.02369083570926735
X950094	-0.0403141017211657	-0.03896309639355596	0.032877511651928135
X950095	-0.05010615206254822	-0.01104267485466652	-0.018566108502175233
X950096	0.011576667581974011	-0.009885866638945303	0.0030424421363229545
X950099	0.023055059420585344	-0.009892330476436721	-0.010966428583476797
X950101	-0.02792320273291472	-0.0035642597240162577	-0.012593425238651092
X950102	0.015524858524154788	0.009533066062723765	-0.014451057323626618
X950105	-0.0016566211459490626	-0.01160376502592402	0.0008225967979807898
X950110	-0.029817722771920525	0.005029821138796911	-0.02989453511566301
X950112	-0.0039011673264227075	-0.004366733798324568	0.016143429613465054
X950117	0.0018984837342827519	-0.010609398551578787	0.0072032790583768025
X950119	0.002781867939640245	-0.0019623334568263703	0.016979055878329482
X950121	0.01313566805184491	-0.002041461291322619	-0.002830252973324848
X950123	-0.07434102235537741	0.001191328453445952	-0.04248673234765515
X950125	0.011739863359807427	-0.0019714286343175545	0.023150350941091573
X950126	0.0068225216873553365	-0.004893809772066256	0.013050524571810572
X950127	-0.05910566968772801	-0.006792744834146837	-0.024421082389953937
X950130	-0.004397410245763461	0.010415388580426234	0.04492508951765233
X950132	-0.0026447798042645177	-0.014455308804534708	0.010745426024764825
X950135	0.0012941578917916993	-0.017685218678952293	-0.006075161247023134
X950136	0.0038522039139924943	0.06711676092807502	-0.028090629072621272
X950137	0.0043802357547159864	0.0008894792510448442	0.026275917341378855
X950138	0.0118235667913183	-0.009952038129733064	-0.004163229753039483
X950139	-0.011866681208669353	-0.005728851902930414	-0.037413096560793904
X950141	-0.009730822825829561	-0.010335669998039403	-0.02568257095633546
X950142	-0.0489960465207037	-0.0009095020028483588	-0.035021165789674985
X950143	0.01143689264481822	0.0004461141540040729	0.01043578340447354
X950145	0.020265160200011123	-0.0002654672510343489	-0.0008443104929856918
X950146	0.0027223355578024832	-0.005597120301836454	0.010310507989051504
X950147	-0.0002169536928068733	-0.0009026423389880824	0.029127273856630217
X950148	-0.06859345964353654	-0.011943386143347544	-0.023741572039686895
X950149	-0.013792359558188977	-0.004561924274624371	-0.031888224542798514
X950154	0.0041609319160425965	-0.009042287632159508	-0.006240983116383363
X950155	0.00867252558486911	0.0008366899669834596	0.012116442347882022
X950157	0.0626415563678158	0.1431184873591323	-0.04110734605517807
X950158	0.003712112504619458	-0.00865029861676943	0.001493752447742244
X950162	0.0029908507311526195	-0.006730320589628341	0.018600057130706935
X950164	-0.006634861721348698	-0.006024278379653785	-0.017820363920947675
X950167	-0.01882475853998717	0.006949693705842627	-0.011635169368195919
X950169	0.005538319056173284	-0.005294760234490345	-0.02164087647301954
X950173	0.013995850585230276	0.11102918590943552	-0.02535813069029985
X950176	-0.009331002161825539	-0.00039535924602768246	-0.008806170876610538
X950179	-0.030819784556559253	0.01242170766485501	-0.03538985955057225
X950182	-0.002986954726294356	-0.002420206885694327	0.0035289585061010773
X950183	0.0028178009643451325	-0.00256183783689145	0.04484784728556275
X950186	-0.002810298608090665	-0.01658049098242837	0.00519975954692413
X950187	0.0009574008739998704	-0.006442718750993166	0.0012445294403228722
X950189	-0.07403756825126238	0.007675208702230249	-0.032966052084159515
X950190	0.0044564468876502	0.06809711574750237	0.014638074844491346
X950191	-0.005877094605296552	0.003309225391085866	-0.006804786270024153
X950192	0.008179747981610601	0.08083374690306899	-0.015156551996548345
X950193	0.058037601205996873	0.07313856585565318	-0.03732678583055819
X950196	0.020362659706140564	0.012703816378034603	-0.0002152850837389582
X950198	-0.006361699348194012	-0.005467776953826933	0.012914116907106454
X950200	-0.014436306161952154	-0.005844569022861322	-0.03022882947261426
X950201	0.005141024383241062	0.008353232935114512	-0.008289985415631819
X950202	-0.0031703781390798875	-0.002145985083004444	-0.018353135739701845
X950209	0.002440803503310058	-0.01161039125363901	-0.006201916709201125
X950212	0.0010524577842698155	0.03195864099001956	0.008318680393684035
X950214	0.006223182903399097	-0.004841569205113925	0.00703658860804711
X950217	-0.0019824596326546537	-0.0150429688687733	0.016344344807620696
X950218	-0.0008736989454379282	-0.012802112049565936	0.0036455921758582906
X950219	0.008418790633636288	-0.015369941522102628	-0.018001135022584575
X950220	-0.00935917632901612	-0.0036081723916430376	-0.025077075008867893
X950223	0.0035626089514443	0.008046712170788613	-0.003966044040511589
X950225	0.06154227886646727	0.1439120049337523	-0.03172875393783456
X950226	0.002766376783379441	-0.008072674973269297	0.012279006055429469
X950228	0.05301963694802984	0.12019646856305528	-0.01701207839104059
X950231	0.0021232077245697343	-0.009707550389817745	-0.0027405337137041794
X950233	0.016510156839699565	0.06815779794145331	-0.0042925359964319405
X950241	0.011287109261422793	-0.002801567143221159	0.020851126114912622
X950242	0.019393843314624563	0.006142900173025317	-0.0031880838362496563
X950245	-0.042722554815556334	0.0013381335576002039	-0.04970547336688297
X950247	0.004588593498527879	-0.010968772319846963	-0.017053018049185183
X950248	0.0031621685254668505	-0.010562990231100917	0.0038904935079075156
X950249	-0.02053005775935331	0.0068765772280279264	0.013503777278648172
X950250	0.013364190613750103	-0.01063258062847325	-0.03571842673781247
X950251	0.00010742065486153876	-0.0018393373863936347	-0.0204047885892975
X950252	0.014118440081267144	0.0018177800930170205	-0.006421136805668327
X950254	0.03466368861225843	0.053697250788462644	0.0218513172873053
X950256	-0.010949800750493796	-0.015029973519287526	0.0038250477857466026
X950259	0.0004420315053486412	-0.0072954572637808	0.012456971681525573
X950260	0.007386423956334319	-0.009755633565489388	0.017702164205965053
X950262	-0.02197211114550263	-0.0037940338025539283	-0.053084955658832804
X950264	0.0043036117588958495	0.0027099291833755394	-0.0023894873357482964
X950267	0.004546977654305256	-0.009543973353471399	6.443102021461632e-05
X950268	-0.005836065748864637	-0.013127611494501866	-0.0021983871907072243
X950270	-0.018715785932334153	0.00691429013517852	-0.014974956757650508
X950271	0.015400072440940847	-0.009611783101120317	0.0066973107054294784
X950274	-0.010673230062841295	-0.004005482650656727	-0.02453797632804599
X950275	0.008661753163683445	0.028939803415209697	-0.029690777890466518
X950279	0.005940527510738845	0.021719261448805524	-0.021499373547173736
X950280	0.007958573103027606	-0.002354772146575937	0.0012058057705493167
X950281	0.011745555364336845	0.005910207007387244	-0.007337920237843873
X950283	0.00027264982458914726	-0.009617666374441136	0.016601113742987422
X950285	-0.00422740572516388	-0.006459373815500007	-0.007436274372410571
X950287	0.021753872486971013	-0.005937545320836468	0.0140632122446354
X950288	-0.02820464635263651	0.004038474658988822	-0.027953238417875566
X950296	-0.00467077860293259	-0.012096461738125678	-0.014307177072784472
X950297	-0.020940481435849524	-0.00875284036114336	-0.02977882916551692
X950300	-0.013193069732445972	-0.0054404944302655	-0.010437984419444437
X950302	-0.013541219156423158	-0.024048562112523177	-0.03822866730686506
X950304	-0.010295715537012924	-0.004107625826390229	0.021441361540033687
X950305	0.002872640090012272	-0.010649166384404968	0.019280239515690963
X950306	0.01371516150113242	-0.020210240210807848	0.005580092011232406
X950313	-0.008449293328117691	-0.01574455673489905	0.005672835777471793
X950314	0.0059205534414060595	0.02254517471706489	-0.004844079317166908
X950316	0.02286972791825317	-0.002826888459246498	0.021333149940291264
X950319	1.497916941366215e-05	-0.011778112136784724	0.014584779466020692
X950321	-0.0023157603982585833	0.026230095685030687	-0.003659990436779637
X950322	0.0027431852851051513	-0.024490210066423955	0.014934392325473111
X950329	-0.03348277562984001	0.005476168667574969	-0.035650322535762786
X950330	0.013676543876371319	-0.0051009666688026645	0.0023947731577013526
X950331	-0.0134168943748134	-0.004259140243549394	-0.02850784662193255
X950333	0.010892955442744623	0.011995829853382618	0.009790596823221252
X950340	-0.013751243139830517	-0.012764237104144248	-0.0008383724728375681
X950343	0.0036096264423162	-0.009391524284165748	-0.0045173270170560005
X950345	0.027963658327178894	0.006188087857663797	-0.014243441852174741
X950348	0.011241148769159699	-0.009352339115914206	0.023771028058729916
X950353	-0.005180215430357745	-0.005503357704928085	-0.011063240223369408
X950355	0.008203667135545772	-0.0045513998844293095	-0.005752808359581493
X950356	0.004124892040504594	0.03735647658207687	0.013594335157775554
X950358	-0.008694002192405879	0.03662333874128247	-0.01823196537102838
X950359	0.005840683878218695	-0.010352366751129648	-0.004026323722218986
X950360	0.0028449242404628363	0.0036616452654001175	-0.00207757625656599
X950361	-0.0011755419129127677	-0.0046400395722136474	-0.002367681960930417
X950375	-0.0011674294786322714	-0.007889696143918455	0.017811393751861714
X950383	0.002323236715901876	-0.025333928403745876	-0.004909237195974323
X950389	0.020849725590958015	0.004672873284041346	-0.010490308532777473
X950390	0.007160467696154808	0.0058417841653464805	0.004292033783727303
X950391	-0.007671099168643169	-0.004181063530790391	-0.01743642934012732
X950392	0.0037974673171723866	-0.009069385547402995	0.003392961228211886
X950396	0.10775730825906461	0.15241444999731807	-0.016682836982886976
X950400	0.013224497161781531	-0.011987457402568312	0.008018166977698873
X950402	0.017310182466357182	-0.022895056018621893	-0.01449483099881674
X950406	-0.1528880977034065	0.08109010584901723	0.13142880978827415
X950409	0.003978228908831219	-0.019858904243039394	0.00920418543045564
X950410	-0.013585269678250234	0.01053014099939536	0.006210974861254891
X950415	-0.005966621029657832	0.046164149144706144	-0.05585644848890066
X950417	-0.0011191671350850685	-0.01334292758585307	0.004858970299298173
X950422	0.014779559962014719	-0.001210412702326145	0.024153096373002014
X950425	-1.29253774960299e-05	-0.002488217948366605	0.02914250023611085
X950428	0.00404884544146344	-0.037219230292917294	0.03169373250338232
X950430	0.01566028565392891	-0.0019968470929690027	0.01044578409537935
X950432	-0.008501533464833002	-0.004131665472317417	-0.024510553084855946
X950434	0.0015558923240674674	0.004913965818865377	-0.005233902189098987
X950439	0.007084660287277881	-0.017530559853540476	-0.010288575315448379
X950449	0.009485634913197207	0.005991296982949151	0.019649842629364984
X950466	0.009162031520398066	-0.0031255533499437455	0.009543506743287368
X950474	-0.002574730204171931	-0.0028469146593338365	-0.01812138693173093
X950477	0.01856441026915176	0.025530117569436184	0.01919979982949007
X950478	0.0007587116996506331	-0.007546965096668882	0.004242887245585156
X950483	0.009102573883097952	-0.008984721496487274	0.007483550089984298
X950484	0.007953550785695571	0.008412981657755163	-0.011831127089433027
X950485	0.10433274673181604	0.046783364723089894	0.04025799612117556
X950490	0.012945483459932848	-0.0007699178406273039	0.003038123407973787
X950491	-0.0015643806323683627	-0.0026003774599821787	0.0006564206368934588
X950503	0.009485014308122052	-0.013630790806703298	0.013802332352545457
X950504	0.0009529865982918164	-0.013896680849513898	0.0002672976770594449
X950509	-0.009677325749094022	-0.00444827879190423	0.006545921887708029
X950512	0.019861187349505732	-0.004674600630917679	0.004125799801068991
X950513	-0.007481035380301181	-0.005132544202489162	0.005515865027176222
X950516	-0.008625008151697255	-0.006002598005026856	-0.01308530967772881
X950517	-0.008798262313884317	0.011250120104420265	0.005005047074960781
X950521	0.030157461180230997	0.006082862179581905	-0.014410985285738127
X950525	1.662728363031563e-05	-0.013051386571564707	-0.014587570972311649
X950528	-0.0017081917991924362	-0.0029239632066158337	-0.003754052531805493
X950535	0.000271711207291416	0.006608138045381667	-0.011055226565947507
X950536	-0.0016076604693312702	-0.013676135049494206	0.009884704453301738
X950545	0.018817545034273964	-0.00963643598718521	0.006918650404389871
X950548	0.00715350627713862	-0.005422804400135334	-0.009113864491479476
X950550	-0.004061909828558965	-0.009463305592579586	0.01596695821387469
X950554	-0.04717385182135325	0.03306788930160277	-0.006481595930779185
X950557	0.004059168787922656	-0.002730081460851315	-0.00340469238210828
X950559	-0.0066281633285799274	0.004214241270327426	-0.019090021675357702
X950563	-0.0095134507063011	0.0023939312830625987	-0.007746562211159757
X950564	0.011721820465486837	0.007498332550520454	0.007832765667073324
X950570	0.01559967377279835	-0.0011796665450140567	0.004353526192635431
X950571	0.01439233539987685	-0.000947649331624937	-0.03756092060133102
X950572	-0.0050165162989157155	-0.008252919403966004	-0.011564810819290349
X950577	0.0027312047659899283	-0.01231015135303299	0.01002438572951447
X950579	0.01418497759119688	0.03575698897653163	-0.006853264703287916
X950584	0.05545479523674576	0.05544538728144721	0.05612298011292624
X950592	0.005139996808920625	-0.006716061014084325	0.0010662682071715644
X950593	-0.0010858621856848487	-0.005482870349866264	-0.001136008063773921
X950594	-0.004051148443215887	-0.002504899901241293	0.016989424039691118
X950598	0.0033119248012713205	-0.0041138620862864565	0.0037470836928524334
X950602	-0.0009857463856979794	-0.007668531652704175	0.006980702572816905
X950606	-0.009606892065541769	-0.011439086740665525	0.00738737484371965
X950607	0.057378860349219234	-0.007823670561360713	0.009513943656515927
X950611	-0.010993173223161026	-0.011052354533903512	-0.00280930969360441
X950613	-0.0036102359299438	-0.01828130199162467	0.010957078078830727
X950618	-0.008086466576183502	-0.004928829856340698	-0.030686534378306565
X950632	0.007264700798323551	-0.014023144677847536	0.0021637628308476546
X950633	-0.04399173562852004	0.008455359325658255	0.025347161168196897
X950637	-0.011837540818615445	-0.001417389331479908	-0.008077413888440103
X950638	-0.005295833520967094	-0.012987921554112535	0.015994946793814788
X950641	-0.0009308067498550592	-0.015489557463109507	0.011513105997377166
X950642	0.006842022381498989	-0.016007615239632005	0.004780847250110645
X950645	0.013099758494128812	0.004608710616594687	-2.519323019458134e-05
X950649	0.0005824192472581178	-0.003636449418146838	-0.013855605907593731
X950653	-0.014545424533242928	-0.00789513297465159	0.01683013437986194
X950655	0.017366314653725002	-0.012247835503320348	-0.0022539347715218212
X950657	0.021698066858334482	0.027673900316870382	0.00888805174508075
X950661	0.06544831374262744	0.0766851328328229	0.06012359851949328
X950662	-0.020227268025127365	0.029907298548879933	0.010281605281172956
X950665	0.01621120267158387	-0.0019645012357220643	0.000364113214574354
X950668	0.0034915456682345397	-0.00594261479053288	0.019705509565799053
X950675	-0.0018366701962737755	0.0004325917392725828	7.294948211030304e-05
X950677	0.012075829161589936	-0.010681633107372	0.002613061526336701
X950680	-0.015304472746603778	0.003705392659828227	-0.028766834887616985
X950687	0.02531893969747138	0.01314885469460526	-0.01629618608083844
X950693	0.016491423301977923	0.0008981388892600397	0.0016362348628896457
X950695	0.005705144449141402	-0.0054644988371910785	-0.008788326884266036
X950696	-0.002754307835569887	-0.015770209535082073	0.0027345904416586834
X950705	0.00683210390470032	-0.00018166584300676595	0.013088997897532019
X950714	-0.02866977586255938	-0.001121833409023045	-0.008661811044441154
X950726	0.07717957847990288	-0.05292704028068748	0.02733370595351509
X950728	0.0009492411327723834	0.012591485314745552	0.028716249252911972
X950732	0.0023829941820887445	-0.004697656568636286	0.01500779507294091
X950736	0.03935152524045545	-0.014733515935887734	-0.006660715201573479
X950746	0.009166853202231519	-0.0030293690359085666	-0.0022644471190951237
X950747	0.012116361983628258	-0.004176097142980417	0.00899267559188314
X950752	0.008358319683378489	-0.007605293479964117	-0.009494888898055111
X950757	-0.019474704632976406	-0.005930981940513139	-0.004924976253722833
X950758	0.012970911822188895	-0.012631498901729238	0.00018430380615550325
X950759	0.007380424636749011	-0.009809407604246029	0.021933166949989986
X950766	0.009091903245943575	-0.003903311193687528	0.002125881278003868
X950769	-0.05190822489934256	-0.005828390557774316	-0.06138723469936389
X950782	-0.005788057098963473	-0.006642196469157581	0.004847072106655323
X950784	0.01045801550176262	-0.003441252183433415	0.0038632514932622607
X950789	0.003020075392704445	-0.014021457710484363	0.00590171241614017
X950796	0.006158487968378787	0.00036241187207213384	0.008338166563084809
X950798	-0.01583743565024203	-0.005079482276229492	0.0043383196729179455
X950799	0.00754088213975535	0.013196001778918323	-0.018739503143567485
X950803	-0.014593742392427392	0.00017873286164313488	-0.004991934143687442
X950804	0.0017660286980722383	-0.021003194841263968	0.013685074972579453
X950809	0.0005433307023572329	-0.006481429814876127	0.008188847627105568
X950810	-0.022331008367687786	0.0021121632803107184	0.013501476089592556
X950813	0.016017411362597357	-0.00016596694798605167	0.02543606324376304
X950816	0.024937896358169065	-0.005557674686390131	-0.00913246020696228
X950827	0.05237541701895456	-0.0034163753914076807	0.012788940081963213
X950838	0.0028527943997804697	0.0020736659162113695	0.010131858924363656
X950841	-0.01282766297755024	0.006711308719424134	0.008500507035192314
X950845	-0.02426444261196769	0.002791323326923869	0.049129745041901374
X950846	-0.003223409012884561	-0.01204062368563131	-0.00035353586902926005
X950851	0.033405792120142885	0.026262144051756114	-0.005568450889073425
X950859	0.024279865534991292	0.007782655959312227	0.007244677404907383
X950860	0.021659739671561117	0.04334272594273843	-0.031223652886144548
X950869	0.006984429487209681	0.00586271161054234	-0.007411332795131975
X950873	0.009065410006156458	-0.001373558756432639	0.02260526717423434
X950900	-0.0035386553284554294	0.03863132204000009	-0.021321864997703735
X950904	-0.005344335636503143	-0.011228743201353053	0.018736970411892706
X950906	-0.010452182961433708	-0.005006167520947034	-0.001358443503250494
X950911	0.00631579642477413	-0.014758801785899412	0.008004679737728615
X950914	-0.01548655217720525	0.00022553217281735797	-0.0402307759490406
X950921	-0.03499225083284719	0.005341467148195593	0.009955175048600886
X950925	-0.009168424640926478	-0.008876267370219054	-0.007805393885408017
X950926	0.03191598919235558	0.010257009719284307	-0.021583757095240377
X950929	-0.0029040949580750324	-0.006340936700702521	-0.007224175523440334
X950963	-0.013089844505890492	-0.010371022133017662	0.018322880676773887
X950966	0.005385604779918866	0.0025595716310285645	0.017454167381681557
X950968	-0.007943716298259879	-0.0018984405460116891	-0.000530522780333557
X950987	0.01587655603251827	-0.0003377650208768455	0.003858567359435945
X950995	-0.044983677587840554	-0.019838768154457304	-0.023864411878114705
X950996	0.008713757051489258	-0.01699442461979672	0.006072519537211058
X950999	0.05920062368513605	0.05865135559781838	-0.015724072459170083
X951002	0.005588868277606042	-0.003744304763525521	-0.015986548635364903
X951018	-0.015176605532820147	0.013814568464335618	0.011716374481854296
X951019	-0.014413825049485414	-0.014109592196362436	0.02206395510635455
X951027	0.005991102948897695	0.004382696006240242	0.01616634841609317
X951030	0.034519533285580224	-0.027592852196020416	-0.007965266432656935
X951041	0.0018631026319668109	-0.012377587812937836	0.0196142829350807
X951051	-0.0011333503086255517	-0.014883834208943474	0.010678681440476583
X951054	0.01412834941090007	-0.011071382871381884	-3.370193891894785e-05
X951055	-0.010313036243722132	0.004414611244355728	-0.01084437320514812
X951067	0.009740968529406103	-0.008154291899572595	0.0004488315867655084
X951071	-0.005983797248829868	-0.011150660797945503	0.009786110167865094
X951083	-0.0009760225055942066	-0.0075699723225749645	-0.002936174389645651
X951085	-0.019491034110064694	-0.01731252177091803	-0.004607315671022561
X951115	0.001633852330262426	-0.00516223233076403	-0.00016453099844814876
X951141	0.011007246352107805	0.009577084368349937	0.014109463687850928
X951144	0.0029337964141987376	0.005649505821403379	-0.026747049236531092
X951150	-0.03324825628827541	0.004128181391335932	0.009824051767252902
X951151	-0.012125298680436478	0.000652875532259793	-0.019931914851662597
X951154	0.00791147294362915	-0.0074862398471316986	0.019025018725226675
X951156	0.006984435509843787	-0.011625229101051892	0.006033772510728313
X951162	-0.0021726322691339663	0.012728394751128332	0.0030319493717646286
X951171	0.018499326772458944	-0.0009588104097119328	0.023404519265857456
X951174	-0.0049656634744398576	-0.008790780136867503	-0.0005374915024636991
X951242	0.014990657897522536	-0.008392400298174786	0.007981940512532981
X951273	0.02653191157284274	-0.010141298301112205	0.02681807159028756
X951284	-0.00686993416172652	0.004580734375939488	-0.00033451522714377034
X951317	0.005520266715478613	-0.0034296191383851884	0.01690788400138391
X951318	0.022083889027521588	0.002632180505195167	0.00744668301157688
X951322	0.009620562745594708	-0.016245724860102773	-0.017060218951656304
X951337	0.00910270656934117	0.008194268118643738	-0.006898775134451634
X951365	-0.034849256671324685	-0.009131043293654236	-0.02863431547101774
X951409	-0.00365429546776382	0.048763979534580455	-0.048910079981503464
X951429	-0.0010039231474598873	-0.008235551440060582	-0.014342851307758144
X951457	0.02613470427668073	0.022168912173022137	-0.004360199066885719
X960001	-0.020811121905553124	-0.027763402670751426	-0.039280802077901654
X960003	0.007705118260805273	-0.0010674715776324906	0.032656416545139184
X960004	-0.0004175156226668519	0.005102123905198549	-0.029751603455980907
X960005	-0.006365967599306498	0.005160181018933062	0.011102387364435898
X960009	-0.02631844049187319	0.0004897074150150712	0.030582633552309398
X960012	0.02013306511669248	-0.007522544291471972	-0.0031025607696195307
X960016	-0.005593493352503962	0.005455433366341952	-0.011404229920681576
X960018	0.024705364390840815	-0.0068830647949488085	0.024916585659013078
X960019	-0.019314149012628276	-0.0495840748668199	-0.09892736287568017
X960020	-0.031474519497759736	0.02706083343874003	-0.012737734293200477
X960021	-0.00973402898772316	-0.02241160001104602	0.016507307794187753
X960022	-0.002809349360533935	-0.004221436097657934	0.008595907383035478
X960023	0.01617828510356197	-0.0191489360655585	-0.03224237825570016
X960025	0.015599605578942603	0.0007010012370008557	-0.006233613251251443
X960026	0.040032615346381875	-0.021113978989285864	0.011717627734351274
X960027	0.016121257519824943	-0.004599933983052741	-0.008200010007194114
X960028	-0.021148346558955918	-0.01218222289126977	-0.050540608741148726
X960029	0.02652219933776404	-0.006254424230702481	0.02822478571514138
X960030	-0.0357233511061866	0.0022722325203137117	0.01047880281135473
X960033	-0.011093185135014613	-0.010724034601692183	-0.012543892368962101
X960035	0.026307649490877612	0.1003131488075259	-0.021512575246848985
X960037	0.04624220424758766	-0.008795967537751638	0.013603038001181983
X960039	-0.02111125371121051	0.00818268569654265	0.007364882440631442
X960040	0.013467416276656489	0.02166468625384258	0.0031120184972834985
X960044	-0.019809801423997245	0.006800620044263769	-0.023093982741865533
X960046	0.08534568999160315	-0.04083346868190072	-0.04594908139907012
X960048	-0.015609522728287457	0.039268998410382464	0.04971356166030903
X960049	-0.00781054786967759	0.01519338626543553	0.0061382735607515065
X960050	-0.022731063952638336	0.0009279946496996533	-0.005484573227501507
X960051	-0.006471278573661382	-0.017070286851481303	0.011490505299011593
X960055	-0.01934793805167494	-0.007529550171824576	-0.024973236912178107
X960058	-0.004052018285850885	0.010676036783221059	0.004701990505785004
X960059	-0.02180114282870565	0.007305667080674442	-0.020142597627939143
X960061	-0.013792465570495899	-0.014459540893508338	0.011310502921275736
X960064	-5.2369854379176375e-05	-0.006334628810728547	0.0006996490845774959
X960069	0.006702306923658921	-0.018562836419068668	0.02534449636810315
X960070	0.0014711471913944145	0.0017914363570228657	-0.0004793642319399824
X960071	-0.025733633901442416	0.0012614353899905446	-0.017169247869682474
X960072	-0.014488118768858816	-0.014882773449866805	-0.005358969617894462
X960073	0.025073342892301228	-0.016922123982160975	0.011003575119660542
X960074	-0.01785466619119125	0.01042746099648228	-0.011253281063582735
X960083	0.006301040993654511	-0.00915204111705703	0.000267494580679657
X960086	0.021002640567444483	-0.014341459671518581	-0.07176298783313455
X960090	-0.007266170081526761	-0.010026148736300795	0.005612068703272605
X960091	0.022982906630411304	-0.002036038973998398	0.008693745652207666
X960092	-0.03237717775341155	-0.0009814377712494616	-0.012159877529684457
X960093	0.01243197767461082	0.002130916739407076	0.025570885020478884
X960096	-0.003114963953398954	0.008938579333399015	-0.007648541332341573
X960097	-0.009818159678971143	-0.008707404029428628	-0.010157320526658131
X960098	0.01081508543419208	-0.010859403514297173	-0.006830153674353125
X960099	-0.0017349528767780734	0.0023841160005810226	0.018010218967108454
X960102	-0.018087541353190784	0.0025824118320928336	0.020291785811776233
X960104	-0.01106823392826998	-0.01668397990424881	0.018473458955970537
X960106	0.004761367495685338	-0.004042648750289295	-0.0070100299239491725
X960108	-0.0014122434038560713	-0.0037904655265487024	0.013018324682001816
X960112	-0.008476355794501966	-0.01163684711596963	-0.06144070521303482
X960113	-0.008021013705038403	-0.010379426583855326	-0.0011320191097877151
X960114	0.022999953421609133	-0.009616597026094808	-0.003713536896489072
X960115	-0.011178177811352179	0.001876582507819635	-0.027232425621891966
X960118	0.09455912351938314	-0.06227590173611101	0.01925077280855006
X960120	-0.008001009763435709	-0.001825103435232137	-1.7827215743080004e-05
X960122	-0.016458293193983762	-0.02788166933068922	0.0124171768377594
X960125	0.005951499101218736	-0.007951581038552171	-0.011001853774284986
X960126	0.0383691112255886	-0.006858773347922175	0.02588171492303104
X960129	0.013496324261916012	0.023253821210303983	0.004064898490716723
X960130	0.008522932917017723	0.002632668756244606	0.0215850104294148
X960131	-0.03201709866923191	0.010852701714198637	-0.020658823781982555
X960136	-0.032023306421778294	-0.0028128053491617783	-0.0001840546043441757
X960137	0.005877064081756497	-0.0060590493786864316	0.01330799460739386
X960140	-0.021492480109033832	-0.009251409063953447	-0.01305984751451264
X960146	-0.07003211523617593	-0.03538938271887007	0.05264501722144914
X960148	0.04372928672709139	-0.010381149230185988	0.020615017575866527
X960149	0.004536657714051018	-0.015960984369853937	0.006227731574426461
X960152	0.020610102615661912	0.014519346430350343	0.009820253346076833
X960153	0.00893645465198569	0.00034003233374182534	0.04505134575334833
X960154	0.0037832790275527787	0.04340712302305499	-0.0101911896642443
X960158	-0.06010127340151321	-0.019167700138571223	0.005667298354994691
X960160	0.011708037141738606	0.013572481717595604	-0.004910763815028376
X960162	0.015444226284099869	-0.009798334826475732	0.016099026260297928
X960164	-0.005876562996833309	0.004743501642746652	-0.004095530543445526
X960165	-0.008156645384462636	0.003079230095879265	-0.0633827889602763
X960169	-0.002918266987242723	0.0010552029905515983	0.00972516317816931
X960171	0.027506084755976594	-0.016211383203111985	0.010523684601957411
X960174	0.01926479570609597	0.007593906122550055	0.023380552691556044
X960175	0.014551556401994204	-0.01185887353435489	0.010920761633715716
X960176	0.014151056310829552	0.016028211115545463	-0.016574341566372136
X960177	-0.0066515278408080655	-0.008980924421597166	-0.04708070267248031
X960178	0.014905939658733693	0.00572562076509725	0.01119323166744852
X960179	0.006080929381320546	-0.0009719796813703148	-8.582019800297348e-05
X960180	0.01468380206756563	-0.007354569881595664	0.046476005850449295
X960181	-0.020643229765904138	0.0019410713631310738	0.006298310246131494
X960183	0.03064929050905242	-0.0037633204431875076	-0.003691323236004078
X960184	-0.010017528452547275	-0.014609000708223501	0.02333481370955396
X960187	-0.013300523884437122	-0.0021800765545796903	-0.005251953700761261
X960189	-0.01919042412269434	-0.015377716040804288	0.10558744248915845
X960193	-0.035503702700841126	0.041587967862815316	0.0038014300662468996
X960194	-0.003645147713487956	-0.02194969029164822	-0.05474329032652164
X960197	-0.00939697032472451	0.011376806196490277	-0.018785567831850116
X960199	0.009119313967138208	-0.005758944305810347	0.005301484542862535
X960203	-0.007695747732922649	0.0038351022265196958	0.005051833218457137
X960206	-0.013304500422463653	-0.06247816180992488	-0.07382124620168232
X960208	-0.09167102573905535	0.019591729135348335	0.09474374081510444
X960212	-0.016263444777305215	0.015714117288876884	-0.014543349969777264
X960214	-0.03572455872004006	0.0018388755457551934	0.035501775565691354
X960216	-0.0278057113004215	0.01166257763502145	-0.023228195026722596
X960219	0.05720387887083354	-0.0442404289989752	0.012036533286700495
X960220	0.007336300888834827	-0.0228898211677641	-0.025581014996564698
X960221	0.0030573509043608726	0.003579497100989267	-0.02820113602635771
X960222	-0.0214438052144795	0.004916353625418044	-0.03003952778733658
X960224	0.0023341448447667928	-0.012005524920723432	0.006905757136735729
X960226	-0.015131407970967974	0.03457026728712531	0.11395501934377295
X960229	0.0036125772660954587	-0.018567425219870735	0.01426189107051538
X960231	-0.0450226247224522	0.01521511834652863	-0.03191190164820165
X960235	0.026406872143562885	0.009005616741348211	0.03150387871241402
X960238	-0.008719863547282223	0.026424749717688597	-0.04893304367024633
X960239	-0.0404741575674105	-0.005746800557687478	-0.037346401195778575
X960241	-0.003372074393100682	-0.012825432492719996	0.02145791686404507
X960242	0.02126665802457728	0.1988677116778771	-0.09310747164735256
X960244	0.0003285447445262981	-0.012730851268969704	-0.018714878868962583
X960245	-0.00892140278797572	0.03153402972406735	-0.006128208817765093
X960249	-0.018171073221521845	-0.004382687279507719	0.026630887616661512
X960250	0.008296073282733938	0.0027406152700365795	0.014291417359421238
X960252	0.024386646373886177	-0.003575631802732272	-0.009824634231646891
X960254	-0.005832147236505112	0.004649028714488575	-0.02099818629825052
X960255	-0.0068479352640189945	-0.006793129428474999	0.014178065940265551
X960263	-0.01835069131778752	0.0036907460096872197	-0.010715998662694445
X960264	-0.0162088952130633	-0.005515369526941253	-0.010968100399048749
X960266	0.02193952682360068	-0.0021559033989310386	-0.004299343925208964
X960267	0.006399307966980531	-0.0019424884795839067	0.0003590576277463807
X960268	0.01158079189191728	0.02959146227769705	0.007526215380884625
X960274	-0.015328366819732932	-0.005762433327595417	0.006878457757227658
X960276	-0.022339339138090646	0.0003624467085194502	0.01879833191200092
X960277	-0.0350100003113823	-0.001667498642324149	-0.03128154053857543
X960279	0.026191663036908036	-0.021856404393806983	0.037414211721481426
X960288	-0.0009793131423696383	0.0007617194529854181	-0.009701296500655758
X960290	-0.037277043640536654	0.02001047301005804	-0.01679994268852807
X960297	0.0040749891211820915	-0.000806207476457873	0.010910123236283523
X960302	0.008201237786683494	-0.010762287228892766	0.005542980223602512
X960303	-0.001729945305709331	0.013906328494141727	0.007975318945094277
X960304	-0.0012463319700924233	0.03271943851200881	-0.019763122703607763
X960306	0.044624259661847306	0.035728797531358235	0.03510550921501244
X960309	-0.03550664405567684	0.04899877357533697	0.005538115104342322
X960312	0.02276553073825288	0.0007423798751809358	-0.0032659248023714743
X960315	-0.02114812101855648	0.010498006520218105	-0.0033517273169967354
X960318	0.017193321385614763	-0.012093239952512389	1.2815081359430398e-05
X960319	-0.054853629308461806	0.0006869703542341555	0.018131589843466262
X960322	0.023530440371845016	-0.01601246837663291	-0.003835743848459781
X960327	0.02587578670233267	-0.014953845494799889	0.006990725946844732
X960331	0.01642523077265898	-0.006959042679043503	0.03769943598923116
X960336	0.008285958287366028	0.03163639032595369	0.032676968394284654
X960338	0.07955027055469105	-0.056605428531792935	0.03668209627321185
X960339	0.01850060347686991	-0.0021236502473939546	0.001322192588085259
X960341	0.029006037789008128	-0.012621306334903227	0.04264953443695241
X960342	0.014394988193842547	0.026876418070666264	0.012813755332749501
X960344	0.03970800876613071	0.0036733876405945333	-0.018796117344790853
X960347	0.003397443941459609	-0.005344317386904923	-0.0075759600776154545
X960348	0.0008271635554985085	-0.005117920256516019	0.007980826760702562
X960350	0.0001596333327773052	-0.011511054842386709	0.012833722600224577
X960351	-0.0022596149872840397	-0.017499666611644094	0.004684376845013778
X960352	0.02356224095838588	0.018758232872674144	0.009460422154600521
X960353	-0.027176287970977864	-0.02773969597734593	-0.040774841294266846
X960354	0.07996830913834198	-0.0649927624358612	0.03662096624096408
X960357	0.04570298690620804	-0.03650790850142698	-0.008082569748191618
X960360	0.10660042570049964	0.010292634322727081	-0.018117578093147037
X960362	-0.013447662220441739	-0.005416234481846507	0.012086427198726952
X960363	-0.00648452674744211	-0.012154636531096856	-0.05778921766538338
X960365	-0.0005163276482097937	0.0037746608996026875	-0.027324765453658865
X960368	-0.012931790837389538	-0.0007361775128594972	-0.0032781896316556374
X960372	-0.005994799807333767	-0.023954145828500025	-0.03770808219015936
X960373	-0.03322650613917507	0.006218935286499692	-0.009493767349743385
X960374	0.06677381765523072	0.004856160766042551	-0.014563082451934802
X960376	0.016520246252244793	0.05327955014394809	-0.001088138897420857
X960377	0.0010138878849154942	-0.004930838799595704	-0.0249181534505955
X960379	-0.015484110248006139	0.006042639789199138	0.00034931793246407224
X960381	-0.039694390644315826	0.0002991544439689702	0.004861963874729573
X960383	-0.04218017632937626	-0.021695377512283724	-0.05344336793676966
X960385	-0.031232646824362068	-0.008861468675995863	0.006769747122796532
X960386	-0.026244591965080576	-0.025511519385342796	-0.08239560330581727
X960387	0.01568910006966545	0.0023788022416710167	-0.010024494308096358
X960390	0.018522890075309585	-0.0075587159845004175	-0.0016794475086102899
X960394	0.003937914069287252	0.019354507441152566	0.006616514275485974
X960398	-0.012560589639005144	-0.022281216483479922	0.0017763949176170016
X960401	0.0056934570877561225	-0.009393966220025743	0.03493672413553193
X960403	-0.012744667085973181	0.009241411520085327	-0.026564746596820663
X960404	0.026895962994981423	-0.002622512604460363	0.017582508737805334
X960408	0.08801650946772444	-0.08008853479362181	0.016026605272075525
X960410	-0.03325106011897007	0.006941113452304929	0.010217930353283134
X960411	0.011706552297540843	0.0016300392342916965	-0.004960560522716594
X960412	0.0076036157076562055	-0.030331859022317456	0.0081993361828026
X960414	0.024009572055394165	0.01949085617065812	0.014773719584840648
X960419	-0.020409046845463595	-0.0025195018448323342	-0.014039215466979114
X960421	0.09239181439124071	0.02245228665035842	-0.002691608228488334
X960423	-0.01561716543465533	-0.0006020971951929191	0.029961923245437432
X960425	0.0150969283963192	-0.017168083017537986	-0.012614379591654812
X960426	-0.0035616567165253654	-0.002122500442173704	0.008297805872758407
X960427	0.0025416940653902004	0.028963661266809635	-0.007229375402221724
X960428	-0.013765423693335348	0.01209556104834005	0.03319821306831204
X960430	0.0006510510940730286	-0.006852857276216437	-0.0021290720895028622
X960431	0.018958873925899962	-0.004715988757873261	0.013043659672495695
X960434	-0.041099025394173885	0.02424601049563237	0.019824199836563625
X960435	0.059494932647537746	0.0186123122702818	0.007203789544261614
X960439	0.009277116739857247	-0.005913145654157979	0.018909524550185654
X960443	0.005943889785980854	-0.030583749362486225	-0.0661822245209541
X960445	-0.0025685699569013513	-0.004466595978855431	0.006024215238637881
X960446	-0.009091861167792611	0.0089958589787535	0.0007249326497252132
X960447	0.0003784444796873993	0.010267727753861379	0.002636273284916975
X960452	-0.002508286843026922	0.02171518823221732	0.0009187990202216035
X960463	0.052732530953302846	0.098225153912653	-0.0682368462007163
X960465	0.1000464206605697	0.02018343947851521	0.07777425449232411
X960478	0.018449534299834282	-0.009706230910348166	-0.004117638257708012
X960480	0.0002594227192082752	-0.02284589724446596	0.015346467195214158
X960481	0.06118938734090819	-0.08542340687292571	0.02376275172972854
X960483	-0.01688692012509073	-0.020934884210564386	0.041061921736106385
X960485	-0.15306885409561874	0.04763330062232621	0.0859008156836736
X960490	0.0403990687040046	-0.010757212548444896	0.01660395566917933
X960493	-0.03650117282162481	0.008253047144926948	-0.043314990444637616
X960494	-0.05701289510142227	0.07418943181144089	0.05073087639798015
X960496	0.002222783415300674	-0.007377503085757174	0.012271418664878447
X960501	-0.00024437299855279364	-4.142762155651209e-06	-0.029219823195300667
X960513	0.022259123690640984	-0.0002860956466773882	0.001546960839076845
X960516	-0.00943114034929351	0.0033543369147874045	-0.017209803997735734
X960529	-0.008302502188824397	-0.00918808002308049	0.014355633853357514
X960538	-0.009122831415457179	-0.003233566392209964	0.0006048812914581393
X960542	0.1243028060247465	-0.05063395273158688	0.0063638012978854235
X960544	-0.04645076140553316	-0.04375117859790157	-0.06104558357697584
X960550	0.012498230996785575	0.012208422562187854	0.0066235220278349615
X960551	0.014615397101800818	-0.008350253817412957	0.014286735736575757
X960553	-0.013924264962788062	-0.0028756942654320486	0.017869005364640804
X960557	-0.025741614836909874	0.01671492419840339	-0.007477376164705262
X960575	0.017590529788883476	0.043121422972305146	-0.1632553000429565
X960577	0.015744068304365377	-0.010438781926319304	0.0005772474456048324
X960589	0.0016603469940311092	-0.0270564899882965	-0.02900861817892575
X960591	-0.024338160951857826	-0.04984381236454014	-0.05568840022741475
X960592	-0.020247414156767445	-0.0529208823963323	-0.13963068591870634
X960596	-0.002130671740779885	-0.009712499309507518	0.020957969487851065
X960611	-0.01899963955085409	-0.0028027548807096716	0.008801809515223972
X960612	0.07056939248044806	0.001736505241110974	0.015556026654473433
X960616	-0.007026919048533576	-0.0003640163234253833	0.018759356884770484
X960632	-0.010252427422018207	-0.0013824678173274057	0.006787684541385976
X960635	0.00019586542867300815	-0.004692787565009118	-0.00281223666668597
X960636	0.01650290349265571	-0.011592311192909177	0.01320211880051783
X960639	-0.006766846845676358	-0.017016333913529937	-0.02311655191640741
X960643	0.0039392215343064686	-0.0005900439268735191	0.012471731775777125
X960651	0.05539988150769569	-0.05221028904031215	0.009284056269024635
X960658	0.058867229364630416	-0.06651622465032608	-0.007561031376174132
X960659	0.02779223950994598	0.015803370789132253	0.01501665418248687
X960666	-0.014044296339451574	-0.007770822750278996	0.05107757724000145
X960667	-0.0020650269546474117	-0.00622112994766447	-0.0037966991345636083
X960672	0.013338319852727053	0.014713321637998177	0.003674267378521443
X960673	-0.009851989228696404	-0.028154185032030387	-0.053829223829839366
X960683	-0.017403776406049124	-0.029602605967765126	0.0189145734945851
X960684	-0.013943342344272336	-0.007709508125588518	0.01234281738013496
X960692	-0.028287781010473415	0.034712780674922165	0.0014880432323324062
X960693	-0.014030403046487562	0.0030939847345241548	-0.01422916458905618
X960712	-0.018624408290349795	0.06464763640291217	0.07782674097603799
X960719	-0.016912018930871492	-0.0014080525164274276	0.031074509514075397
X960720	0.024901106607868657	-0.026323752664011112	0.004763395440294589
X960726	0.02733650725785655	0.09853952897458387	0.03664790549834212
X960743	0.04282511617636733	-0.04005836519026456	-0.048509158804565404
X960748	0.014751327877806556	-0.009215460333262539	0.036258751244184054
X960751	-0.020603792179912143	0.004239828977057703	0.06343509900959905
X960760	-0.023714145656288852	-0.006792467837387548	-0.01878446088965919
X960764	-0.029127355516536155	0.027780427263677583	0.0684724421963821
X960788	-0.022597718630395756	0.010502134545328189	-0.06519879574384786
X960792	0.016359660396768717	-0.009104517389562168	-0.05782348736770946
X960793	-0.04577535519326887	-0.08916689956509957	-0.07458189382457964
X960795	-0.026794297841690115	-0.0007864268626282497	0.029834740114026648
X960796	0.062492765744389514	-0.04402044523838439	0.04855543315978707
X960803	-0.01093411249625963	-0.0008459965864222055	-0.015573991033741637
X960807	-0.030542015903769853	0.01795535718275984	-0.04316382737142959
X960837	-0.007240627909298596	-0.013432491608850228	0.004560593653298397
X960841	0.055527814906871954	-0.0525069425758121	-0.026475741465923342
X960843	0.02072165560454135	-0.013468541146164291	0.027656208613505078
X960848	-0.021053777800774293	0.005080777071201739	-0.012746168696626745
X960850	0.0024346983291544566	0.021709615454571025	-0.10248447064993672
X960851	-0.020687597193233136	0.01922394111225985	0.004968854236580323
X960857	-0.01519879256409422	-0.010850012869910278	0.006723738504039677
X960865	-0.016025870187950295	-0.017100105125912618	-0.05092533071143271
X960870	0.009564471108543417	-0.0016481607952337789	0.01072572995523423
X960875	-0.011933077612750337	-0.019077960043977955	-0.0449465129822152
X960883	-0.0036914531076998216	-0.003965900729929632	-0.004927066966443695
X960884	-0.05094193186847354	0.017721645453462765	-0.03331967224327168
X960892	-0.009266675827402366	0.019131525474264596	0.0004048248058952933
X960894	-0.00482373370460139	-0.0035579312601053186	0.010674616436080153
X960910	-0.012739808833326946	-0.01989957929402581	0.014791535266935172
X960911	0.001806876142797974	-0.018948991924980906	0.023852135124047904
X960920	-0.023150974342135946	0.034166660873511646	-0.004655658052172138
X960934	0.06707263190395675	0.06507230367404741	0.09286802591888124
X960939	0.00014123214244542162	0.0017053105846659903	-0.005627071214862396
X960943	-0.029018006466698616	0.00935135729590754	-0.02685378101246046
X960944	-0.046262459861389375	-0.054841158024555546	-0.07982626511509118
X960969	0.01600754882323429	0.03056581615731305	-0.005568261321018439
X960972	-0.013087791804176501	0.008204352775706752	-0.02720624167430337
X960974	0.009294991111042863	-0.004886968328632981	0.0008944353010756258
X960981	0.011471120433970222	0.0290223760694797	0.005455395558526641
X960991	-0.043063245592976515	0.002376379197781472	0.044124821129390875
X960998	0.027510114907925983	-0.013784779757888664	0.0037615955966328438
X961012	0.011416198575596425	-0.012028296490695102	-0.03967445250366801
X961035	0.0009529517665603024	-0.011615232649618711	-0.09814857321889482
X961077	-0.002171746034297955	-0.004555797565647138	0.034472401147518004
X961092	0.046878989490256054	0.013034056324313165	-0.018623625787006395
X961096	0.024759075024450013	0.011907392718886894	0.020439310165418216
X961105	-0.0003162677580531156	0.005368257182834795	0.013054753357319449
X961124	-0.013371347943465837	-0.031598220854617394	-0.018688250657661096
X961128	0.03254139074583169	-0.0018812049568049426	0.003160650816745345
X961151	-0.04176749193402682	0.02650209513442517	0.1241812303395449
X961177	0.01357750840614678	0.05166517017603225	-0.04580245975184876
X961180	0.07558194637912834	0.008665205632597204	-0.021335007455525645
X961193	-0.00981381305496933	-0.04009142604642809	-0.046172195297822495
X961214	-0.00752511195809741	-0.015412161510304001	0.022088109916743304
X961221	-0.011397265715764819	-0.006653893694424008	0.0017760382226592718
X961226	0.058828113894787724	-0.057936418763267626	0.00631930098468324
X961240	-0.022847074615825653	0.004646687235740523	-0.054891304065006453
X961242	0.029568782142854744	-0.007055464486704214	0.023129359042948154
X961243	-0.19251294410478337	0.0867486384454111	0.20578522590912082
X961246	0.015926991247353115	-0.005714465854665197	0.00496849415072489
X961263	-0.016637140356436406	0.014175005631624374	-0.021271697929658377
X961282	0.000842181971899721	0.0058650650939221505	-0.008650801292341938
X961321	0.0050178863136063085	-0.016256698882597495	0.0016625150341835634
X961325	-0.17439132335597254	0.07615807992037524	0.09984152199077642
X961339	-0.007182397848704497	-0.016540362884902546	-0.06763489360988598
X961365	0.010042909153814833	-0.010142761868052375	0.05210067005491037
X961417	0.01149929036214012	-0.002479525082350261	0.006982140908824209
X961423	-0.01740008498124656	-0.014677026272066058	0.017110736374695665
X961434	0.03849113702697537	0.007925082718208437	0.008942596854560305
X961485	-0.03170850781891564	-0.018867213533714327	-0.02433469610848154
X961553	0.0024370290864687626	0.10001210758514817	-0.004343221757130404
X961577	-0.016437246473378384	-0.006115051646081267	-0.037153430323487745
X961634	0.02832535117693086	-0.018576743786798695	0.03252816100298515
X961684	-0.014334092144660212	0.00854919157908637	0.0054163971385524316
X961686	0.06664411065952888	0.11154173956340482	-0.0055562260092333355
X961738	-0.018299062776865847	-0.019424387240375936	-0.017815605101790883
X961809	0.01369059758724702	-0.031025662677103504	0.017632151835026453
X970002	0.02451623838321662	-0.006783428041233771	-0.0013223137013535146
X970003	-0.0003651225181468211	-0.011694862896221089	0.0031692422442542493
X970007	-0.0071168420552503485	0.00029678829621821877	-0.03352197696341554
X970008	0.013535027501136436	-0.010164080249085777	0.012769962358443611
X970010	0.010441227722586642	-0.015723581771383194	0.01911601649831744
X970011	0.0001703346954504543	-0.004842914377047222	-0.028475186889906825
X970013	0.00631982975001476	-0.0007607213415771731	0.01813789721461471
X970015	-0.017001043527104923	0.05610915456621346	-0.02079057632056892
X970016	4.5074946047552284e-05	0.00876033879912138	0.0011739306488984579
X970017	-0.05575461626626142	-0.00874631611048363	0.00888917405569438
X970018	0.060712640576037945	0.05127722181712479	0.030397983137502627
X970022	0.01492800787600798	0.008008310893158014	-0.0050597017462142785
X970024	0.009174790940194964	-0.0029336866990904618	0.010734757737241678
X970026	-0.0014187475943434652	0.0006874795084103084	-0.007060638208117284
X970027	0.006758374872461571	-0.005003902336844103	-0.00815629864860975
X970029	0.008394430311096856	-0.0022514559293670407	-0.0037912228775184693
X970030	0.06043593546240457	-0.0074442587799990086	0.018071491990292034
X970031	-0.08164490141754577	-0.019780180163061652	-0.014895455857630122
X970032	-0.052520717504831387	-0.006796782497378063	-0.05507020821042872
X970033	-0.058154892544775495	0.02407793512893591	0.10289951079580573
X970034	-0.04213534734042201	0.017239035066715133	-0.01152351541268334
X970035	0.025729713206131054	-0.004411421218136446	0.018817605845884308
X970037	0.01992965519568552	-0.020207366218727502	-0.005206062480603909
X970038	-0.003102430452643531	-0.020905126682671863	0.031417422131204915
X970039	0.007540508439750505	-0.011262869511679159	0.005328079723704266
X970040	0.01758898052926253	-0.038930151960154806	0.02677529470986283
X970041	-0.00535968335894365	0.01232772983063094	-0.0015373331950185162
X970042	0.0051101678007776045	0.03158000846769149	0.01409099566214326
X970044	0.0032381010785324633	-0.016348046627021065	0.014422812172976557
X970045	-0.011440046837120502	0.022794887611091816	0.004330364915241945
X970050	0.02268444712080394	-0.02557324042599812	0.019776031821978738
X970051	0.014126919112966301	0.01640160794771026	2.923335901188936e-05
X970052	-0.004089857656228669	-0.015035249395503485	0.01684987404890085
X970055	0.013306635488060697	-0.011790789143023018	-0.005755399868169233
X970057	0.009228517696446321	-0.002592087381108328	0.0018669065365476381
X970065	-0.003425808187471037	0.0013867333976805103	-0.003328935076108784
X970067	-0.007592719864712211	-0.007525000407036681	0.015079797370257515
X970069	-0.07703847215185315	-0.013268794351060684	0.01712987178533489
X970071	-0.012039571469494642	-0.0005135398984883726	-0.006271491026807214
X970072	-0.0009169324818705038	0.022667404896632798	-0.0039695718034304635
X970075	0.016205999498733355	-0.057943571669806335	-0.0252704689923541
X970078	-0.005283541571957895	-0.0010815622693070796	-0.010599967740860444
X970079	0.011952317666449882	0.017207762614981692	0.02235754644576492
X970082	-0.0022187218025903717	-0.012158573002362555	0.011078803236075999
X970084	-0.004002942958129736	-0.009018757695389127	0.029164232237887555
X970085	-0.05359035085739059	0.006511583456261312	-0.047718567973617
X970086	0.01937832710859517	0.004696384853725004	0.01814160534342133
X970088	0.0016825581816720847	-0.004964300154339074	0.0024009591583757654
X970089	0.05025994683674696	-0.06386596318309685	0.015927479449269644
X970091	0.024939499665117593	0.1288314568951584	-0.017876130397489493
X970092	0.028180506158808714	0.11343054646809303	-0.066015506744057
X970093	0.007303493747515131	-0.007636420821367014	-0.000684934263989059
X970094	0.015309771300214667	-0.04715125752265582	0.01015990453179575
X970095	-0.02676580854733943	-0.008307030140460442	0.029026370125143818
X970097	0.04168641630237832	-0.008769680284724723	0.016693206381904687
X970099	-0.008658876807069374	-0.00907909085521515	-0.023328003612619268
X970100	-0.08369215546570517	-0.004673616949251834	0.007625962203114152
X970102	0.03466905652205225	0.030286463613001833	-0.01085211974561865
X970106	-0.0031693987150410497	-0.021212500019489648	0.0014909214665613842
X970109	0.010601843388713613	0.00429661683501978	0.010390309402117343
X970112	-0.024533609689633973	-0.010090657215899286	0.010262748209041765
X970113	0.01720903769618923	-0.019103850608357124	-0.058706737742654
X970116	-0.03151846667588973	0.007949608709849652	-0.011941798058532132
X970118	0.006347125134295589	-0.004398203045717493	0.010033720031200703
X970120	-0.0051872191528663835	-0.016702448298235795	-0.009617967621985874
X970121	0.09858964639379686	-0.14246313628729299	-0.012806554783189383
X970124	-0.03356229645883759	-0.004700125176877996	-0.03447201331261695
X970125	0.010416765495500486	-0.005138371152611923	0.006965518981749861
X970128	0.09713091728087214	-0.04242703979015677	0.02388369936486996
X970129	0.01811161987577379	-0.015479894882461223	0.016549267401817825
X970130	0.012381235025729815	0.007258754829686358	-0.005390008403771958
X970131	0.09031433506012378	-0.08521541303697644	0.024883964623051532
X970134	-0.0012653316699967993	0.0014687168912820936	-0.005380517078976611
X970135	-0.001746657288786139	0.018068811492692162	-0.03788127760219299
X970140	0.009918310658524361	-0.012794744201893306	-0.01050166403088364
X970141	0.06321530737163464	-0.044278934781647045	0.011469717034809625
X970146	0.006675763410815453	-0.009157421104854633	0.003316198827596225
X970152	0.027330991507570967	0.011392370227466784	-0.018872369059437347
X970154	-0.005638328978967324	-0.009268290725758029	0.018358904650601315
X970156	-0.005766274036555363	0.009050833071971024	-0.005499954122141573
X970157	-0.016717994135440464	-0.003874757080014256	-0.01074287002051357
X970158	-0.03610824388957195	0.01375635092273751	-0.014016262183626194
X970160	0.00018215269661725242	-0.00750546344020955	-0.01532420148873459
X970161	-0.045056752010168385	-0.017967144668987255	-0.004448129841249554
X970165	0.006922731482820667	-0.008379590945303925	0.0008536497915390542
X970166	0.008610590823807884	-0.047665540107924065	0.029643351973866396
X970168	-0.007162531877290396	-0.0136842188929231	0.002162974299919924
X970177	-0.009818920741627652	-0.0008727543808082228	0.018839881035926487
X970179	0.021489921846751945	-0.0036275394125101197	0.0018851880393720554
X970180	0.005125902126965464	-0.012558449518484272	0.007160282243782856
X970181	0.02645507529162508	-0.00411006016206977	0.0024312112737213923
X970185	0.004200498585616254	2.0565145962669384e-05	-0.03346326789106011
X970194	-0.006451385210619182	0.01018606787566648	-0.02734182546106971
X970197	-0.0026759227719418037	-0.004211010882300602	-0.02480132107505114
X970199	0.008338359726445725	-0.003168057833607874	-0.007554787333529423
X970206	0.00948085019211885	-0.013707865612263876	0.03836367281070006
X970207	0.007139706733447869	-0.021285783572287418	-0.036195691140087416
X970209	0.021856550024399984	-0.016114844917058568	0.010985568085535222
X970216	0.05453780349856399	-0.06821690093623413	-0.029868359328146857
X970221	0.026597136945122817	-0.0020604391998313566	0.016542182681736746
X970225	0.010920480218541672	-0.013574803635217325	0.008663271651024384
X970226	-0.016060287570233762	-0.008727634724602374	0.004802914163634709
X970227	-0.00126407717317216	-0.018843416076903735	0.01278163107347964
X970228	0.023422692685005173	-0.0019225025194208086	0.013295786882070075
X970232	0.014214488660572703	0.05513235898521342	0.029242629151954302
X970236	-0.006558493855600674	-0.025134480604460288	0.06854065501763738
X970237	0.04588480061541865	-0.025558519390914698	0.0143859362974009
X970240	0.0013711985780491514	0.08889041035234858	-0.09288853018802977
X970250	-0.00042681640999621217	0.01097651282381357	0.01061120010883804
X970251	-0.00887526504993316	0.016826178298495104	0.01827433260528019
X970254	-0.0014138474041354876	0.12057606861093481	-0.005814759570336027
X970255	-0.027372476915072864	-0.010892800313179084	-0.010867274325088206
X970257	-0.0008309293123537352	-0.029888354099789172	0.009129336649526634
X970268	-0.0009293251215163873	-0.006692302540483237	-0.023549685199463714
X970269	-0.019359887943881136	-0.0229529434308031	-0.04012701328602238
X970271	-0.022949204454748243	-0.007400404654659525	0.10779146709136214
X970277	0.007426874573561681	-0.03419449289674563	0.0032517234225059376
X970283	0.03513671344393955	0.1173174728326177	0.00135733822494055
X970288	0.005638437327704746	0.03288143026331226	-0.023734668331496588
X970296	0.028538863055951772	0.04132990737914906	-0.021741883636442156
X970299	0.005981763339177262	-0.011325774819237277	0.007381708403244009
X970307	0.002124431888296475	-0.002188592712442674	0.010487783529249277
X970312	0.028908141255855568	-0.027106700071569474	-0.006097545580563762
X970323	-0.006101147849601754	-0.013000426724782405	0.019219514207695004
X970325	0.009934197644956233	-0.0023414806418090533	-0.018786364522517203
X970327	0.04189053324016186	0.03783422001669934	-0.011467288566540093
X970338	-0.04263994551735885	0.004308476209797031	0.06797969975708879
X970342	0.05141902148428869	0.07075923051800913	0.022090215962046206
X970343	0.03264159557571661	0.009618848349834836	-0.015077895092754074
X970345	-0.006045919983184742	-0.011644574875451261	0.0001980910835056736
X970346	-0.004299802972339666	-0.033093711755544826	-0.029382389218384375
X970349	0.004204100724919432	-0.015445674119728435	-0.004496856116347959
X970350	-0.005111117154586996	-0.022055328833729217	0.0038187391599297307
X970358	-0.009298426675606264	-0.0029058574797131637	-0.01578971432023308
X970359	-0.010762408900743342	-0.012418547137070196	0.012271204953764304
X970361	-0.05309695761847187	-0.04156270425269579	-0.02601750122563887
X970366	-0.11075273749261193	0.008832285818144629	0.06420866146624186
X970375	0.009466483363436438	-0.0090769843502026	0.02378631785298147
X970380	-0.024204553503617617	0.0398137482803058	-0.10940115367966806
X970381	0.019975852240542907	0.014250635966308241	0.0007394554316737771
X970389	-0.02766881708734191	0.017417294921833342	-0.00675938184679571
X970393	-0.06702917078406105	0.03458482335384275	0.06467646095733025
X970411	0.048242140171409285	-0.002890915078285974	0.03054740118710762
X970412	0.0012477948587653151	-0.00681946580371085	0.047333830140155346
X970414	0.00927143131871826	-0.021961135247085952	0.018077309198414885
X970425	-0.012381228992411593	-0.005006110733233389	-0.000561872447356316
X970428	-0.029874213105060787	0.0017810304718228614	-0.03543358275789394
X970432	0.006947576772180752	-0.011286036889073977	0.01356975507572617
X970454	0.005634614616972398	-0.011307071870978644	0.0057962679618495236
X970472	0.00676242131659334	-0.018559789105525745	0.026590171598267542
X970474	0.006610305852623409	-0.005004140938646135	-0.0019907409728989944
X970480	0.021390718418906225	-0.007790595415637232	0.014616389493313228
X970482	0.07621179760708308	-0.035947398294990336	0.020093731611164192
X970497	-0.028896673535354477	0.016723574481321547	0.03039130821373639
X970502	0.008085518630650799	0.015296502663103713	0.016254709923984475
X970504	-0.05081112114276223	-0.02088223416241647	0.02124436989465746
X970509	0.015482694197129589	-0.051186738100272	0.03434808020477054
X970512	8.223750610630394e-05	-0.016501570464122248	0.011609800850819476
X970515	0.010437243131489155	-0.0042912993702037055	0.0013573996438390327
X970517	0.009627047408245621	0.009583456910934004	-0.00085715648143513
X970519	0.0037999883821683463	-0.0009605479558942321	0.011820952975030562
X970522	-0.001578506049450582	-0.006627910999269685	0.029144275047047457
X970524	0.00506512430468491	-0.0009845462722484146	0.022277588082659807
X970533	0.012905263633370401	-0.013446081732353501	0.0035968739139096294
X970536	0.01397598050887704	-0.005520307104405461	-0.011562178769499047
X970538	0.012285975858715171	-0.0026643007608995076	0.005967623882208
X970543	-0.009007005559921174	-0.0004770408453258714	0.009365957988886196
X970544	0.020438660205000563	0.037229136753431404	-0.035558143529299265
X970549	-0.02132262488255515	-0.018789700254808805	-0.0036716846070746633
X970563	-0.02314658737607446	0.0011805998389774017	-0.014677727669357822
X970564	-0.000739212844827867	-0.0026279007793637674	0.003825079547750826
X970573	-0.013087040753790682	-0.013026232469337826	0.057942593302456456
X970577	-0.029892738601122803	0.007082312047507195	0.011298771363768972
X970587	0.00029500991451437617	-0.007425099908974875	0.0006895941223094147
X970599	0.014116954262562079	-0.015073997277260037	-0.02989063404542443
X970614	0.02007756849989755	-0.009875987912408585	0.016448535145959203
X970625	-0.018606249016174872	0.00788215844923312	-0.017885501750625192
X970633	0.006963550355117566	0.07508009551763364	0.022723080208342534
X970638	0.009867758225527498	-0.009119663671586564	-0.015164064103726655
X970649	0.06413344804432097	-0.031854781065566495	0.010730488716870112
X970659	-0.040554325318942944	0.0002831209562962991	-0.03827591348034721
X970663	0.0022670203497317377	-0.02097516651356028	0.007912322719164382
X970664	-0.022621227004922327	-0.005797257142035411	-0.015133735933342392
X970677	-0.018616975725150905	-0.012477531609729427	-0.004822861971254157
X970680	0.018343140415015394	0.09196076656895116	0.020892806588666296
X970687	0.022543623340980663	-0.01694114020344948	0.014307466740676775
X970688	-0.0006809526924637336	0.002059714473884359	0.01966040655757738
X970692	0.020999453956099402	-0.01696314491242447	-0.027264260660050416
X970706	0.12489377260081193	-0.03576876491443713	0.007437474675289134
X970707	-0.052606109191411815	0.003281063118588909	-0.06378799700888928
X970717	0.02189341678156133	-0.006819279693944633	-0.003960650009861205
X970718	-0.0007132512740912957	0.00039957968218308504	-0.007148759421979167
X970731	0.01136613231683759	-0.02225523577410105	0.03219313470325466
X970732	-0.02059344756736058	-0.007566571871760999	-0.03333848020390988
X970737	-0.0007102550480616674	-0.016790559701738407	0.019127439633003243
X970745	0.001458811131903064	-0.027258061586055857	0.023107775711277024
X970784	-0.018560267609927794	0.0029300438718442476	0.005109071440853156
X970791	0.000527563626722836	0.005160291472507838	-0.023627484904754185
X970813	0.008547205309493836	0.012770573588951697	0.03910544262199779
X970860	0.0017933608431974664	-0.005069082250525374	0.004025568079672402
X970932	-0.00022972722002671852	-0.024953470664748678	0.03783330834615708
X970960	-0.04740272070503561	-0.0030405594653802825	-0.04888066278424854

Biplot	0	0

Site constraints	0	0
