Eigvals	3
32.21927333131569	23.307278626797522	14.03073777454963

Proportion explained	3
0.5837912938737281	0.30549863042977127	0.11071007569650064

Species	12	3
Propionibacteriaceae	3.157715940669104	-5.652401828845507	-0.9979757883639627
Staphylococcus caprae or capitis	4.2475604772862505	-7.7270169238418775	7.390611474112728
Staphylococcus epidermidis	3.9389576558943675	12.16248995458008	8.542479459996466
Staphylococcus hominis	16.73356101036748	2.449752644995622	-6.51299208068434
Other Staphylococci	-1.0522427484506998	-5.978038728765669	-0.7182028368497327
Polyomavirus HPyV6	-25.121010149583213	-0.1201951530158875	-2.1870699473955124
Polyomavirus HPyV7	-4.800879125628948	8.58976060845841	-0.26556575928558623
Merkel Cell Polyomavirus	-1.855891629209677	6.105345989466567	-1.0126231328883255
Malasseziaceae	-1.654852994526928	-11.086205825980162	2.0958863513584878
Corynebacteriaceae	6.961815838341605	-2.8018906460604196	-1.195178741223137
Micrococcaceae	1.2254235017566133	4.4628046364345595	-3.03267368376821
Other families	-1.7801577769159742	-0.4044047274257454	-2.1066953150088565

Site	1225	3
X940001	-0.0005568597682631189	-0.0021660350196619793	-0.008915341925300739
X940002	0.0010740805784035278	-0.005301943428532444	-0.009271563792546282
X940005	0.002968797395802889	-0.0023283883803996634	-0.015256715730326767
X940007	0.023453813795164164	-0.003833447652541824	-0.00022341065069823494
X940010	-0.007098692159747867	0.014801460262289486	-0.0204832576711728
X940013	0.0008064169344033511	-0.0020224689743672327	-0.004014504797935505
X940014	-0.1198032278110926	-0.058895487221722276	-0.06070599689748296
X940015	-0.021182140591791167	-0.0008807833551455137	0.005451005200968532
X940019	-0.025066028507952726	-0.03687711825653857	-0.04612762718281121
X940021	0.033041488277607486	-0.022109942771122135	-0.008535105218476037
X940022	0.018287728275736232	0.000682940394380462	-0.007857475337315456
X940024	-0.0031133209915531735	-0.003205971681859922	0.005578438040557506
X940025	0.033751735370644576	-0.004970519739058592	-0.009846953723427792
X940026	0.04247484187095097	0.018219725100153916	-0.009109901020550934
X940027	-0.002322661759838814	0.0047531362471115385	0.0008450574434725313
X940028	0.0042566021905294195	-0.00952584485865988	-0.012111311538997969
X940029	-0.01449800305514079	-0.003180867080001257	0.009688422572031173
X940031	0.024940617278736928	-0.009345035719941852	-0.004971496878196039
X940032	-0.01658569405181777	0.005568169349322915	0.012459137554701507
X940034	0.02805339259686972	0.01580322440496002	-0.019702332972330778
X940040	0.0373175722068888	-0.01112743049698806	-0.005995820953410325
X940043	-3.328001174980732e-05	-0.00494354384237717	0.0017236998599573388
X940045	0.03791609583478162	0.01767107957907958	-0.08810277024387199
X940047	0.005376889422670495	-0.021787077310586385	0.010748545771903158
X940048	0.01499041479784037	-0.007169070186177574	-0.01582091213231845
X940049	-0.02066606915711453	-0.0002622493351974102	-0.006071420980931926
X940050	0.018851410652494648	0.029382036395374806	0.03370123815371696
X940053	-0.015109213229680373	-0.010192382886905715	0.019128226104589075
X940054	0.04364802089555419	-0.019189517674441842	-0.007827269237640253
X940055	-0.028753092995323644	-0.0011401291684830447	-0.037887538617568044
X940056	-0.006705074748963911	0.02754342561292966	-0.005723254860896382
X940058	-0.0001386474365209355	-0.008368439462546473	-0.015040694734029686
X940059	-0.010259286475801255	-0.016097368070711302	0.013207396537912326
X940062	0.030158725181802827	0.024054679560027967	0.03623597711335698
X940069	-0.021697840264367926	-0.013488212111691293	0.0189592269603074
X940071	0.007445180598714865	0.010888750241542162	-0.09837045002739099
X940072	-0.019460448363598663	-0.0035149719171710227	0.019304497626397656
X940073	-0.01403357367057155	-0.06250826376464311	0.01178279843332863
X940074	0.02138090693996648	-0.008374336991575035	-0.0015609806674751782
X940079	0.08898414865324668	-0.08055470933748911	0.054936617762295754
X940080	0.040837981773307386	-0.009254542379555452	-0.008729547941170927
X940082	0.035333271140681674	0.0211868916412363	0.04540789119681798
X940084	0.014155708776862062	-0.0025838903672536543	0.0022367941054103396
X940086	-0.0034066016159210134	0.02347514218000117	-0.023974880017602458
X940089	-0.018576722534057555	0.008031141029536407	0.003566410564907848
X940091	0.06671421499560697	0.04284953697258087	-0.08884002786634237
X940092	-0.013831761011996022	0.020675582558602332	0.0061432547401065185
X940093	-0.009947233013503967	-0.009343549113252093	0.004928159839145247
X940094	-0.07457338817887603	0.052083129047439954	-0.09229211723406441
X940097	0.006243319815684647	0.0012378123711437724	0.0026605592752353656
X940102	0.04990223687490325	0.002498778896520118	0.019868304043318765
X940104	-0.02281235316914953	-0.002822364071270088	0.010031179212153001
X940108	-0.009769358322134826	0.0006305063895190703	-0.007358153000293656
X940110	0.01676490529307157	-0.018217876548560517	0.004046742079035792
X940112	0.0029947629796976205	-0.07530624997197391	-0.05859904016352626
X940115	-0.0438059487746698	0.005351346164100248	0.012983580185349708
X940120	0.033303911115183917	-0.013953925329748939	0.002447617462977903
X940121	0.0410495781140613	0.004126286325983013	0.049294852653370726
X940126	-0.027867643628813624	-0.010086451615304122	0.015000790508161482
X940127	0.003640453056804026	-0.003387535518730322	0.014951810023248916
X940129	-0.005857144400240692	-0.007433586315644523	-0.03323063469683594
X940130	0.03552977998655607	-0.01007350726351295	-0.01636012202458236
X940133	-0.03122151312506464	-0.018495037820456722	0.0027200983078949975
X940136	0.010221351373915805	0.003955738419255917	0.008230918956797464
X940143	-0.008887298055871245	0.0004853235763433184	-0.0045666332933361675
X940145	-0.015257927716928094	-0.012267452943445768	0.010452530594933432
X940147	-0.002565978927157216	0.017262595902035844	0.023253079954930287
X940148	-0.028321998913525888	-0.017115273707392097	0.017907965571132743
X940152	-0.011868925952869262	0.00902207722876463	-0.005402752548912792
X940154	-0.04976792596526193	-0.02619655947776637	0.022371659043831593
X940156	-0.007114608849815846	-0.011554592374370018	0.012004579028335797
X940158	-0.009814976278450484	-0.018544578588192803	0.02834296950933962
X940163	0.07202940029573411	-0.007727536639103301	0.060703485265564364
X940168	0.021730734254202598	-0.008610255502057455	0.06025316792003359
X940174	0.03199835210687311	-0.027244790471100302	-0.07321494600857421
X940176	0.029619764932919283	0.005927924924081984	0.047254135215221066
X940178	-0.026122577858517425	-0.010928070418542771	0.007806453478482163
X940179	0.02440350913645457	-0.014503685237411077	0.0010661282756973974
X940182	-0.00993405339308085	-0.020259601837033347	0.022617652543660192
X940184	-0.01639066530491823	-0.03852723903198088	-0.011329856392019064
X940185	-0.031439722144637805	-0.0353414355806752	0.0018746621127599518
X940186	-0.01385664618820002	0.005778587083147052	0.012868612233517845
X940189	0.00860801115762232	0.044020603282954325	0.0022847489911286445
X940193	-0.023106922514690303	-0.006324046933267938	-0.0193521502183569
X940203	0.008812655283744157	0.07440678640395154	0.018338373737057698
X940211	-0.019646228634630798	-0.008008113444906442	0.005934845265376595
X940213	-0.0010111407004440324	-0.00796911303236146	0.06386413972888606
X940214	0.0422773530626476	-0.010637183186972581	-0.001218071039566596
X940217	-0.030325325036020066	-0.021396724696704162	0.020412518504908224
X940222	0.007861410975504341	-0.01568330746035699	-0.05278779802318185
X940223	0.029981258742247587	-0.014894849048590886	-0.008534587959447573
X940227	-0.025472104171108494	-0.04484669193993254	0.013785176384077252
X940230	0.009921000832546437	0.02711724972176288	-0.0009774487064785507
X940232	-0.014753371509722713	0.015412264209350919	-0.007808885117693745
X940233	0.03923626053132567	0.013617434269409472	-0.011592488421967528
X940237	-0.030223678338600037	0.005270864534242313	-0.015798297788797083
X940239	0.13415605268523867	0.021719020197235973	-0.13695046291016416
X940244	0.051330459639405884	0.0038055755738378226	-0.027223669805367952
X940248	-0.028775165815714734	-0.029612016843154648	0.030319488910187136
X940251	-0.01796496492348154	-0.018740735152499435	0.004913594732045508
X940256	-0.03788517683309765	-0.03580005277755772	0.02301696948580838
X940259	-0.024755884550317502	0.0062087240974561045	0.003881373482679325
X940261	0.01886048453973955	0.00279840347410675	-0.014035200653576009
X940264	0.002201057203645393	0.025110022882774394	0.020014519285278882
X940270	-0.016526099049746487	0.016584521163177105	0.020989126886580264
X940271	0.011271557226160063	-0.01528517240053843	-0.003817262970983218
X940278	0.013581495701042518	0.011506720054271275	-0.011042422009202479
X940281	0.06142860520259989	-0.0022909667446251157	-0.028096506896427086
X940284	-0.03942234679469453	0.002620138655147756	0.014799453270641853
X940286	-0.01892068567487583	-0.03806485198329145	-0.09260541732598701
X940287	-0.017794399048335168	0.004031258497338522	0.0005264692886256663
X940288	-0.05047580223478817	-0.01610374886207749	0.009737925656032338
X940291	0.0021426307058096897	0.0011387250354562635	-0.004506056198982355
X940297	-0.0168366660080725	-0.0051849455868094065	0.011082444541546025
X940301	-0.008796106290465493	-0.008435929751680992	0.01237724536028527
X940302	0.007061329907609481	-0.019031474480989075	0.00021586929595121323
X940303	-0.025839548905292383	0.023503789868415063	-0.001255215762994272
X940305	0.004533311292859601	-0.0014728203306775252	-0.013955800161610295
X940306	0.03554049203724981	-0.022640773856032314	0.014631688386794631
X940309	-0.023233220882805734	-0.005409273243643747	-0.0028269602327000965
X940312	0.01543567157320989	-0.011780600612678264	-0.014302515825435866
X940314	-0.004865649390464226	-0.004578679853286322	0.0016697514842881405
X940322	-0.013429198833424	-0.005673964781460877	-0.04582608610092486
X940324	-0.007204626652484342	-0.01795061349530918	0.009828789701480685
X940325	0.01894472392636452	0.03087207776717476	-0.019729154375323063
X940329	0.019245736072044894	-0.05330048940787748	0.058201003056575946
X940332	0.016406023103054057	-0.0038475197112179975	0.0349189568421539
X940335	0.004046772378125714	-0.025140643509516232	-0.0053297659578538815
X940338	-0.013741935530063573	-0.004229210532116044	0.037422291333238246
X940339	-0.013579157280335184	0.025266657686832047	-0.013047475965356216
X940347	0.008760351098343035	-0.004252289017420996	0.011061896554873659
X940349	0.025039331316523934	-0.008058448985636008	0.028950021397397115
X940351	-0.012386151894985847	-0.003744667471495944	0.01095171271924905
X940353	0.010284269434203314	0.04337418523989699	-0.03314242230088714
X940354	0.007477937255079609	0.00301580730362227	-0.007812625460479871
X940355	0.0309866447659276	-0.013580825033753026	0.039450257302220945
X940364	0.01952442408461523	0.005232933572636448	-0.010942376350768468
X940368	-0.00587614001727878	0.028524547396576526	-0.0026930692702564012
X940374	0.016938016705183252	0.0458446363295135	0.017139271912496933
X940375	-0.028086953348604903	-0.01705656564247744	0.01570933417230709
X940379	-0.012462268227583213	-0.007698422107655197	0.0004533893486712409
X940383	0.0441282170470841	-0.003250042410722345	0.02855113493122483
X940391	-0.006610493206794321	-0.026629298108473032	0.029001751195068887
X940404	0.033025175649574974	0.015794375543524322	-0.003201006954058778
X940411	0.01923375322959991	0.011668953892159294	-0.02050772082822047
X940413	0.061808781924386526	0.04987411207108016	0.0169085771443008
X940420	0.025985229969441706	0.004056045503228874	0.0019347930651884252
X940443	0.059130654344725635	0.008316511909711931	0.019690219223499318
X940444	0.04656985363190899	-0.004082180522825701	-0.01739624494084721
X940445	0.0464819571287184	0.005852592730123714	-0.015172958634286311
X940450	-0.008245994142981284	-0.012258321709125478	0.021780297957166045
X940451	0.031136895732652315	-0.0810238264014456	-0.12474561694396145
X940456	-0.006223869305052881	-0.014501815513859687	0.007851319005005955
X940465	0.016571133384680036	0.00024364748331609	0.0006143482198158839
X940466	-0.023939679578700954	-0.025217671601523592	0.01731074496788574
X940474	0.04600460482171479	0.0025875771241217595	-0.021070328137513417
X940481	-0.0010062185123736202	0.008416367377849501	0.03241180520136235
X940483	0.009800540827262498	-0.0033668640035242176	0.004850218543702417
X940484	0.0293122079249553	0.019689506464158676	-0.004289799107363227
X940487	0.011560580389128576	-0.018782669394280863	-0.007937685482758593
X940488	0.008244811437830953	-0.0395892265546354	-0.007683932463344032
X940497	0.017773606258728362	0.007896288233311963	0.05106464686227509
X940498	0.11592889172730293	0.004273698028714278	-0.014748687189589877
X940501	0.017652730758723707	0.03237159052370316	0.05732307975092437
X940506	0.061871150977773536	0.017678117289542557	0.057907607772968314
X940526	0.030375452345610933	-0.006575965851714922	-0.017613829397678214
X940529	0.04301699882877203	-0.026022183909263412	-0.00469637456966984
X940532	-0.012769952932180896	0.004667103903127821	-0.025151038618976336
X940534	-0.033893232292986714	0.023067989507768605	-0.017967558767421243
X940535	0.023014018687301952	-0.013429440789082418	-0.01200920902774317
X940540	-0.03049484305108144	-0.01131125012941613	0.024788431147983986
X940547	-0.018961094715895774	-0.014912081150683326	0.012562745791747423
X940550	0.007526384584135011	0.04728263251472318	0.0065255460002526244
X940551	-0.0041550943725207025	-0.030454121791823083	0.021618405421505296
X940555	0.022097680853056394	0.004830570123551016	0.02927986525482466
X940558	-0.0356427272888719	-0.00626909311787185	0.006675786506939719
X940560	-0.00179769128877713	-0.04691359954192974	-0.09416808203046119
X940562	0.06102922690800666	-0.014747396652730995	-0.03626401462233833
X940570	-0.03531154565080714	0.021694792719492838	-0.00719256636367451
X940571	-0.02624273571934583	0.03284937009812265	0.025953689554082726
X940580	-0.010629848533480132	-0.024035810081440692	0.023249039415911114
X940584	0.10321226065875524	0.012277607597787914	0.03890307691818896
X940589	0.01955984868756489	0.11392921076178282	0.05375792186432543
X940598	-0.002096972232291134	0.0012337347572746924	0.007401030471599292
X940602	0.044714425788936966	-0.03752604677136013	-0.004390870146418258
X940606	0.0012794230270744978	0.006276193081228678	-0.022403430857580422
X940612	0.03180539096713567	0.03819922057860481	0.0508581009350145
X940623	-0.008799136492113011	0.00917942650158063	-0.019336574881819193
X940625	0.023676997628243296	-0.004643111501827521	-0.02915319383875501
X940641	0.016325821313032958	-0.007037998229646562	0.015398668781533315
X940642	-0.010327398523059415	0.017646473602000303	0.0005809166951792294
X940648	0.015925770288331396	-0.006867835586737101	-0.008859128511929423
X940649	0.0071572773804351505	-0.017378460758604868	0.00499634270857558
X940652	-0.015580957213098013	-0.015201019859381824	0.01193244640790184
X940662	0.011071039818594777	0.0015803270298078219	-0.0012910050675056213
X940665	-0.005497848319720846	0.013978699721378073	0.017040868672623687
X940674	-0.006802460082727128	-0.016694804468443316	0.008863167613880724
X940689	0.01935410984466839	-0.06307361420135192	-0.0029669456885087022
X940690	-0.01301439437575083	-0.0072927986798686254	0.012585293604750402
X940692	-0.014123948534737425	0.036169840852344065	0.028378895920198793
X940696	-0.01818731980445483	0.0066572511502977095	-0.0016767881376329246
X940700	-0.011076572276245932	-0.007030073657744661	0.0239259309840562
X940714	-0.0176220765019709	0.0005020179619278237	-0.006711206690292551
X940721	-0.0007191032483934609	0.02698470372100758	0.0364540392434289
X940727	-0.005359732558426112	0.030087017805936964	0.022615733914655052
X940748	-0.03003101670121538	-0.012906339542613434	-0.016560053545016475
X940756	-0.02498136546111065	0.02959606598626485	-0.03993610390426824
X940761	-0.010509266939240619	0.016575424251617184	-0.0010468888044522131
X940763	-0.004261370065864341	-0.02127541640775194	0.00904774197707385
X940766	-0.030619711264847412	0.01881563070318769	-0.03812827313698432
X940769	0.08760820215509733	0.003667947969637955	-0.02175214388680003
X940775	-0.025572576856742905	-0.006728783104124974	-0.00633159158998477
X940778	-0.0019944550538071523	-0.028494625664988112	0.006751570979232762
X940786	-0.040591255310529484	-0.01710561568718278	0.0268313696015925
X940796	-0.0062544756174883614	0.003605642175289411	-0.00026960921592150884
X940816	-0.027505264218028576	-0.014376930301593448	0.020357834464579647
X940819	-6.379498222587264e-05	0.019112945521520926	-0.004728251880380962
X940820	-0.024847347901564374	0.009114334177289084	-0.015439943982672419
X940826	0.007662473974938433	0.03906688002852842	-0.0510844047553309
X940827	0.01647680833055936	-0.06176014122059457	0.03127646228525774
X940833	-0.06134051896799552	-0.010209706462460279	-0.01695661806516426
X940843	0.01581710157260394	0.007064451890284926	-0.019495044958235584
X940844	0.07120405010736364	0.014051054309841883	-0.029249144859516744
X940845	-0.0030722528401580162	-0.01190363046666462	-0.018303103790875366
X940847	-0.009966742831310934	0.009405465024823978	-0.04277893850830419
X940852	-0.015029271838738228	0.01696226178832183	-0.0052602363543896215
X940863	0.001797417149710245	0.00175803456507606	-0.012738217685987055
X940871	0.014622773472305473	0.023297409724300673	-0.012908016516533475
X940875	-0.0464925463006682	0.016010227762540956	0.05170047491726054
X940882	-0.01895332097706075	0.020745183351919643	0.048599205264095294
X940889	-0.014095386852600629	-0.009156061907769488	0.005736481213414837
X940892	0.01995281146863429	0.004515808245837377	-0.008456681492350258
X940895	-0.01574021683639163	0.0014806648565359522	0.01153726781697761
X940907	-0.006708195404269379	0.013118512054999674	-0.036422503283565597
X940912	0.035524593038671476	-0.006822878724003354	0.0021680640604390417
X940917	0.0007598882034763135	0.009965722185031053	-0.01724923507928924
X940925	-0.03623717816501209	0.030489193387511906	0.06918951414967917
X940936	-9.503911770840965e-05	0.07630779821190098	-0.01021870720031652
X940941	0.002309714656571109	0.025623859911311327	0.05173963321848036
X940946	-0.007840047886549214	0.004263515066766537	0.008076669677101193
X940961	-0.000911664659400884	7.631602980788028e-05	-0.0014002701235416564
X940966	-0.002811512223558617	-0.02437191643387293	0.008203284022262123
X940968	-0.015124877048301026	-0.01641633338088539	-0.0015937832571061587
X940984	-0.02702971982416956	0.0012912027547944363	-0.023020483659654457
X941001	-0.021139774279110672	0.004774624680161846	0.025074858606701916
X941014	-0.0026467417159850713	-0.06041835811728663	-0.08691422189947737
X941019	-0.010434049595234075	0.011307511642838665	-0.022558250744967236
X941024	0.003626853884033663	-0.008634559847285955	-0.004861052678214344
X941028	0.05705374700903678	0.00996929496378359	-0.009944893081781208
X941037	0.06312047001551264	-0.03987997477111174	-0.0321875398417728
X941043	0.022301292480588944	-0.026878530861689877	0.027697542617433176
X941046	-0.02711041421401395	-0.025708397653315607	0.02198076999063569
X941049	-0.006296421778997674	0.020235836435220325	-0.029393430315551923
X941051	0.026780368293366982	0.02388701522746656	-0.00406882180937054
X941066	0.016062204857382557	0.009527500521587993	-0.009556094368371579
X941074	-0.04203737122913033	0.015458861508387847	-0.009122130338558552
X941079	-0.011769340170730514	0.0016410539574403826	-0.017091415482854762
X941080	0.048111980121535475	0.01277425134346929	-0.12073323249509284
X941091	-0.03540128353659611	-0.03739609632278288	0.06564778089144349
X941095	0.020708726654924296	-0.009111462400353581	-0.012295525383420925
X941106	0.008964866652217508	-0.027031277367278703	0.006782307071781746
X941118	0.06035532063747199	0.00670541469141846	-0.011667567229254579
X941124	-0.009196642185548363	0.052082206437792225	0.017468039241345344
X941134	0.0172755349316293	0.009615253757177276	-0.007009721074631781
X941144	-0.019007006685476568	-0.03150528418051895	0.022438268824836252
X941153	0.0025061875193000188	-0.006411923926477826	0.024257336389759257
X941154	0.010437599128692965	0.003977000107621367	-0.007465728259414115
X941192	0.0035737773121277227	0.021887997493884426	-0.0527307960512828
X941202	0.003971496435618421	0.0008207292948789487	0.006791481075058019
X941204	-0.014062836719293568	-0.02204625784576428	0.014525756720506183
X941208	0.06971858483856908	0.007552151019280051	-0.018667729776458798
X941241	0.04615322502620446	-0.005164616711427923	0.11933089062751073
X941250	0.0007567807166420998	-0.01195379502283434	0.009439654595675823
X941253	-0.010791611727876597	0.0005982740557666804	0.0033208848077856765
X941257	-0.02771076591113389	-0.005838133251088673	0.0031570691237301995
X941259	-0.003415041088543598	-0.017589468577425018	0.011020831113322511
X941265	-0.018577052074744322	0.030855211195334145	-0.03824332885319622
X941274	0.04018131585418668	0.018522410796688073	-0.0216007242695641
X941308	-0.0025043511074589212	-0.009266864504764522	0.0018641983721367462
X941315	-0.021627905328336004	0.017572822266360352	0.03962769774386732
X941320	0.0204638980877263	-0.005671498343900213	-0.0014525625593793498
X941321	0.0017083293257996745	-0.03588374938433382	0.01563732821796074
X941367	0.01352914954347334	0.01727923705819388	0.028013728288489626
X941373	0.015280423532770707	-0.012841982111166638	-0.008967001028232642
X941384	-0.0074933283661805326	-0.03839966751979955	-0.05528890996138954
X941385	0.013749125221666695	-0.006010808939681103	-0.008397400707185238
X941392	0.03921698968221518	-0.1205401299393307	-0.10941007577629099
X941398	0.00038732588478621185	0.03926012397373344	-0.059580897208402726
X941404	-0.005588132699906167	0.002033513950418506	-0.006193152963726397
X941408	-0.01980016648272566	-0.01754354435709222	0.036398546538315944
X941422	-0.03426853040643308	-0.019384706709788008	0.016599799775403486
X941439	0.007032741099451551	0.003564338468239878	-0.004110262697992642
X941445	0.03484675361669449	-0.04448566682727999	0.022635182360369224
X941454	0.01175022064424499	-0.018273044829773065	0.009001055333351016
X941460	0.0583470103802508	0.04745850225613589	0.03800586408593443
X941462	0.04691891064548193	-0.011045810634562007	-0.00752748189597927
X941464	-0.015666240883267585	-0.009086626074753081	0.014796304000702932
X941503	-0.014239707219433148	-0.005329977891805377	0.028208125427663003
X941519	0.01601445669143437	-0.008388986631973364	-0.0025546690514246014
X941530	0.003601909204009297	0.0051843211265348976	0.00046376445784956786
X941547	-0.017420297838032492	-0.009234232177315699	-0.002727879241498547
X941582	0.033057074308587266	-0.07713327873297472	0.04797644512168287
X941617	-0.020269311296977906	-0.01723112061884344	-0.0005125378721088308
X941623	0.03838755120230827	0.0432924462710024	0.044054776605521706
X941624	0.016133505785888184	0.00041513152820233816	-0.002934478818638799
X941639	-0.014686032838675511	0.013697698503298312	-0.014386912765216623
X941680	0.002136481135615009	-0.0008059369847124378	-0.01721708137926365
X941684	-0.018784317027627187	0.01789686419409684	-0.0012860303438391651
X941709	-0.00991398097429814	0.019984517154785157	0.00890107336843858
X941714	0.015784725751391407	0.0002596605579989747	0.015858788906192498
X941715	0.006360807790595845	-0.003972598626708857	-0.005795641684847929
X941738	0.012486067716571923	0.0008288126393834615	-0.011728680398618494
X941759	0.035668483710329116	0.01670054769616169	0.027766166489108925
X941772	0.03832652913576633	0.009392620399281267	0.05520508777268401
X941774	-0.027557608910031593	-0.01749697877011112	0.03086922401820043
X941807	-0.004619067915384684	-0.0012960755142523745	0.00467266152294356
X941813	-0.03603912230310565	0.024553466204277057	0.011081339005035178
X941817	-0.021440155562894917	-0.025093390561724962	0.01715742646979418
X941887	0.020721810406662707	-0.01550756374427721	0.013190844310736964
X941902	-0.02371204293576599	-0.024960431947043164	-0.003591197672941083
X942011	-0.008197453638641099	-0.0204709520577483	-0.0028899171524233037
X942026	0.04299843464779295	0.0018222916572174204	-0.05787943835090576
X942039	0.017097024886083355	0.006825883661788721	-0.019888395172942722
X942075	0.006036310698760834	0.006788334085296052	0.0069879134361724516
X942094	-0.019063285388003032	0.0006519787307117219	-0.00805695809378538
X942128	0.029507839186081165	0.004239491868706379	-0.01864797426084696
X942191	0.025077552304205386	0.13889793891018284	0.028423418494536133
X942237	-0.02309458934237593	0.040401409987027785	0.08279099276605266
X942303	-0.01127134027777715	-0.03859133583433653	0.03700965851683153
X942319	0.008820656821719085	0.05642183585791641	0.031404233000654085
X942359	-0.008743263078842736	-0.012463389668572827	0.0015938252574292642
X942398	-0.011943133020777897	-0.0021882769343438057	0.016244807870220323
X942402	-0.06334252426112431	-0.025338788632528333	-0.0388023332944639
X942429	-0.028272640864950332	-0.02489915443898457	-0.0038306161734503745
X942467	0.0832522682551279	0.008659996659629412	-0.033548983372152216
X942487	-0.011701693908593894	0.044353835202372946	0.005494382764613365
X942489	0.02016999464818472	0.03508939765810558	0.02721739043410313
X942490	0.009190723594069998	-0.027556766975337474	0.01859543790088779
X942504	0.00830271165919849	-0.02264604054807229	0.00039518862655776323
X950002	-0.00970262679561742	-0.007163967556943255	0.02208769076622517
X950003	0.038093001994426494	-0.01079281882481256	-0.0009547265676678655
X950005	0.012741692528223561	-0.01195002202407001	0.0035064900212595715
X950006	-0.009154666733657146	-0.0015142352444572687	-0.0020408002423363872
X950007	-0.09759747639639907	-0.020485484110191292	0.024293232029578317
X950008	0.012504951155327603	-6.4883497267155e-05	-0.0191703347167784
X950010	-0.007808166533872054	-0.01827473983482733	0.007163111870385556
X950012	-0.08206942665217903	0.01295868422753269	0.010069265553522245
X950015	-0.0032805046975392495	-0.012548463077707794	-0.01298424355987836
X950016	-0.008650449955845975	-0.009730621513592446	0.005428011571249523
X950017	-0.007189387614302147	-0.010021815077465523	0.009098579836440574
X950018	-0.007726990890709447	-0.010828397581988952	0.010633322100311907
X950020	0.003144817149484039	0.0035634565692829476	-0.0053085174938829315
X950023	0.00735481989712515	0.13122957439758834	0.03379023992654799
X950027	0.0003282253758311057	-0.0014507529299475014	-0.003561533678009696
X950028	0.03709157861876498	0.15828050301328014	0.019754763662704476
X950032	0.002852142948990428	-0.001041619106350863	-0.0025283264594667117
X950034	-0.006429158463162594	-0.01171239641373543	0.003977720795519377
X950035	-0.01931661985675035	-0.005826907316847257	0.009095191654549455
X950036	-0.0006740499679689936	-0.00984113995180973	-0.001340270892123734
X950037	-0.008448415448488074	-0.009377422161009882	-0.005560453799943557
X950040	0.0017780497884901207	-0.0015286661531532216	-0.009309919903306351
X950041	-0.002665835502148929	-0.0072040184518605225	0.006877161543639449
X950042	-0.0002310082803262096	-0.012588442210002295	-0.0014958942837724966
X950044	0.015248812490274039	-0.0009526959545092448	-0.02043650244266919
X950045	-0.014240496860187146	-0.012013824924797188	-0.007581553745974902
X950046	-0.020680602550502854	-0.0017561036876012465	-0.004790725740792272
X950048	0.006710833337760901	-0.0216933226670633	-0.0011681443667372314
X950052	-0.007746422548995288	-0.04972733493142994	-0.06781411167835313
X950053	0.022039289572598927	0.0003065557549447818	-0.02403299608921558
X950054	-0.02189940450894583	-0.011200171861252354	0.006720212404415997
X950055	-0.0033512046613177944	-0.004758223819377595	-0.01835934589546128
X950056	0.029395898181139316	0.14158334654183166	0.024307468512209492
X950058	0.056967958547705394	-0.0799963320848341	0.04520533171640043
X950061	0.00941459665060115	-0.000360844896101969	-0.01700257848571666
X950065	-0.001772623925320644	-0.008142131904575545	0.004763089656992702
X950069	-0.0024127164454528687	0.004080707414274057	-0.004010710599350738
X950070	-0.003311195728987524	-0.00019259175788783229	0.002418221472521285
X950071	0.015069691338063239	0.005302769524799594	-0.019566748859843795
X950073	0.004273729975693376	-0.007840772040807648	0.00679456845313164
X950074	-0.01410315806343737	-0.012285384495114427	0.014810038901744121
X950077	-0.013508519629576644	-0.0026252037105737587	-0.00808824006655727
X950078	0.006206685783392681	-0.006308750995482256	-0.007881428416486251
X950079	-0.01635235105716896	-0.01117641655916591	0.00992251533042447
X950080	0.0275251593516938	-0.0026252081840414405	-0.006766138318465514
X950083	-0.019971671435145073	0.01112999279908636	-0.0019411476982403523
X950085	7.230167963326111e-05	-0.003519459728174258	-0.006096525565294323
X950086	0.00871328902265852	-0.008778739954954084	-0.0038248177994087487
X950088	0.03070430712331264	-0.004607963001758203	-0.011298876218351394
X950089	-0.009335204005459926	-0.013577709634097733	0.010688318697551135
X950091	0.0013080467729724204	0.008779359381072434	0.002267495430737259
X950094	0.060946251004534324	-0.0895309365883031	0.04837198112730452
X950095	0.05932678064550299	-0.031510548768725236	0.005702445233036344
X950096	-0.01601058595100015	-0.0074377938799401406	0.0033564258847613142
X950099	0.06729140387119859	0.032295858406058406	-0.07453843343836636
X950101	0.025476445301495003	-0.012011672906717551	0.006056952473583335
X950102	-0.008368217383636233	0.0030617606005308765	-0.005651317544744891
X950105	-0.0021590607665544367	-0.006837597218891351	-0.005791306453693602
X950110	0.03473926662621074	-0.003284773634759161	-0.005459177757422958
X950112	-0.00156961931719441	-0.006540093323942328	0.01105078545848276
X950117	-0.007202997131678046	-0.00551696062885255	0.011464430277434361
X950119	-0.003574685442145029	0.0015845478483425593	0.003279863139644589
X950121	-0.010490084428752891	0.007536627886713563	-0.007930319998047667
X950123	0.05860944951741823	-0.029165674222955056	0.005883741651490033
X950125	-0.013369278619198554	-0.00347640844515496	0.017989256418618028
X950126	-0.010188614632607729	0.001441643031167888	0.005975092125278902
X950127	0.0388549253225691	-0.037906131565065546	0.015088310569206505
X950130	-0.0009825585307227636	-0.0032653944014992267	0.06204983190855984
X950132	0.0063925400362444245	-0.012612942819604872	0.010138972103811811
X950135	-0.012120356662950381	-0.013993215449923992	0.0035107558455219436
X950136	0.008707290480065601	0.06099322791364627	0.0222784528438724
X950137	-0.011208617565898794	0.0010838476698092469	0.0013298533354983565
X950138	-0.016664231336318353	-0.0034648611098187635	0.0021278409076189086
X950139	0.02684559142730953	-0.0011040608031465783	-0.025516929998027987
X950141	-0.0035690008854996442	-0.012517033680441807	-0.023994110034451965
X950142	0.03250827176796698	-0.03273737597796106	0.007957676441516412
X950143	-0.013027793140514643	-0.004085881967304783	0.00799542861444835
X950145	-0.013699936561705083	0.009934626043604412	-0.005938704795334381
X950146	-0.006157083136460259	-0.006412657117897509	0.007874636096774273
X950147	-0.004872080225456892	-0.011992797725509333	0.006328341599122103
X950148	0.036349436726314056	-0.044828331734584	0.02132226859509371
X950149	0.017278714654515453	-0.00097146145248928	-0.023310950159343948
X950154	-0.0077595174773904116	-0.008289808023978655	-0.0009494524593143033
X950155	-0.011099204259761224	-0.005437422635450787	0.011147757742153914
X950157	0.027105316988305126	0.17144294024904919	0.022928286981874442
X950158	-0.0039400440578559745	-0.0037404150675436074	-0.0022393024342521215
X950162	-0.01443557456920006	-0.0073267381016602386	0.010770671811078915
X950164	0.005853541092201372	-0.00944631117527766	-0.004771743217018928
X950167	0.046850126782640604	-0.004489394522328088	-0.003879128484059271
X950169	-0.006218196093203247	-7.490905146233445e-05	-0.007953253809836242
X950173	0.03813075501602147	0.11344251959593095	0.0020829860689752454
X950176	0.006898052906218398	-0.007288899988749546	0.0034996672632416643
X950179	0.048421241787865534	-0.004300455843427314	-0.026803511568653907
X950182	0.013016920108423181	0.002017813931505268	-0.002976540660169717
X950183	0.029613954250848756	0.003212341340903704	-0.013879760803451605
X950186	-0.010596339187884945	-0.010130224743389768	0.00358902315211851
X950187	-0.005332042741096394	-0.010660941186546943	0.007324976487977103
X950189	0.040474859017411685	-0.03545135592127921	0.01510212365589442
X950190	0.0543141511758012	0.057188531399074885	0.04004250916204658
X950191	0.00816884482191438	-0.002402649916675906	-0.004404956967862386
X950192	0.009672768525841036	0.07947410815768992	0.018598773199592314
X950193	0.003688782028423306	0.11338116120879749	-0.016658531414881238
X950196	-0.009493553433137188	0.028087650925462785	0.009913883716966434
X950198	0.0030678175659524347	-0.006238487041412995	0.009218144251007764
X950200	0.01571310440790298	-0.005893326718950812	-0.01871598363697905
X950201	0.0001564070488322942	0.0037063947505611887	0.0018234707252890883
X950202	-0.0005017753416276907	-0.003391353499694164	-0.007090521975351693
X950209	-0.011962517455150215	-0.01255145154613061	-0.0026820627686635957
X950212	0.009138315694651757	0.022696769300044762	0.029788783295036498
X950214	-0.0018778974410286347	0.00319314259399593	-0.0015816911421836562
X950217	-0.007919398385548575	-0.015379107860122542	0.007523472253760007
X950218	-0.004812143025775742	-0.009609138002825248	0.005232502603265611
X950219	-0.015197586468481652	-0.0043880451737575085	-0.0008881878585772028
X950220	0.0028744983191172253	-0.006881006150613019	0.0006195702704274096
X950223	0.008949701317265335	-0.0016326435601847372	0.0033529123576786913
X950225	0.037538654476206856	0.16195428094978356	0.03747678327555133
X950226	-0.009371548756664516	-0.007588099805463811	0.009658227033800485
X950228	0.004349670000971233	0.13840959245466394	0.03618006140386193
X950231	-0.014988725074262143	-0.010131570582881121	-0.0022636871062946527
X950233	0.006778733749839328	0.07236001573960286	0.02754952263924769
X950241	-0.010516410791800553	-0.0014361997402842822	0.008730698710900799
X950242	-0.0118263397624456	0.007109638055578674	0.003806041716260775
X950245	0.014225954491256935	-0.020000515394860568	-0.0005540865515269971
X950247	-0.009819498978481691	-0.0026754107185073812	-0.00018187383634697013
X950248	-0.010810198265780042	-0.014459947176086195	0.00842188101426075
X950249	0.07177940094337083	-0.01001098406852813	0.011502587594943768
X950250	-0.005638364196415009	0.004757929744362081	-0.044367144997995135
X950251	-0.0019144576969289384	-0.005182040351367175	0.014069008234992337
X950252	-0.005522660463413078	0.010521839946725085	-0.011301984509830974
X950254	-0.008388576943023845	0.07215014680539437	0.027280400801421526
X950256	-0.01400163873629092	-0.022340215970684297	0.008374912096818843
X950259	-0.001091419777365512	-0.0007345433783332258	0.0026437057660899732
X950260	0.016351219924365695	-0.0017418303340141956	-0.014659191697715956
X950262	0.025499375667638356	0.004331781869991656	-0.07146146399764178
X950264	-0.007378494754932805	0.004403681578424702	0.002307318720630456
X950267	-0.008273553397137583	-0.004288052815713871	0.0006601858591240325
X950268	-0.0073151616817101195	-0.013786218888926642	0.002044263498133355
X950270	0.014323594592882575	-0.0036178426091253257	0.0029106305399562876
X950271	-0.021056567100556135	-0.0010010920959935181	8.295142195298404e-05
X950274	0.027546082532664645	0.001605544713008283	-0.020717506976992126
X950275	0.025812781804676683	0.021498240255217384	-0.04090499511014233
X950279	-0.0034879091158624	0.026274999331519805	-0.03801380123008499
X950280	0.0010786235597184687	0.007480461017651602	-0.005886234906282473
X950281	-0.0023361258724445724	0.01044748217338	-0.012584387200628586
X950283	-0.00037271807243855924	-0.005948984554248565	0.004888843422716621
X950285	0.00017656959300066743	-0.008541167539166164	0.0012497608061801083
X950287	-0.0301697735218816	-0.00044045840106688203	0.012066966288430316
X950288	0.03831471358790791	-0.0013010044610728695	-0.00852461601723426
X950296	0.001214377653127556	-0.011883627508233756	0.0014460781792515138
X950297	0.01109810853223175	-0.015623823366001864	-0.010599025958111305
X950300	0.01882483408451364	-0.008400166843096404	-0.01906643972717757
X950302	-0.003966256661323165	-0.020698027229450234	-0.015111480882979263
X950304	0.0037542473679099894	-0.010075182182736677	0.020148143558804166
X950305	-0.012480096831678649	-0.015401967248436227	0.008354356198430947
X950306	-0.02203464695457927	-0.005720654397151835	-0.008035834473388704
X950313	0.010597227708487809	-0.012370222038823474	-0.0045216191480088
X950314	-0.003645906541515061	0.012891980447236174	0.018545084648918252
X950316	-0.019291134209404103	0.011731503551059176	0.0033863544054827167
X950319	-0.0013928669334443305	-0.011561483354276602	0.011057522494629518
X950321	0.01508214853467181	0.00820239015449689	-0.013344651810641475
X950322	-0.028175084373646353	-0.019508543538034898	0.0069717146195420075
X950329	0.04505991118791932	-0.007430413545425522	-0.010490139121550219
X950330	-0.013347139260307781	0.0029956327548142955	-0.0028179393929114948
X950331	0.014240792931651848	-0.004073101973298359	-0.014891624570227793
X950333	0.004149402266846668	0.00826271767933948	0.00025760126593809245
X950340	0.0034909685909650418	-0.027308783565620068	0.0006015193614525395
X950343	-0.0032575271661190236	0.0009185928170134719	-0.0052586438464516305
X950345	-0.018930345825148624	0.002125030937485392	-0.008087828876938957
X950348	-0.023676811164952356	-0.005999287089714506	0.008405176702942727
X950353	0.008762653115433243	0.006041652649966505	-0.014030927389249093
X950355	-0.010428610704372442	0.00357954567386733	-0.010623092829306237
X950356	0.026241000840067967	0.03072814625015237	0.036019379955187655
X950358	0.013259189058485865	0.028136457106476803	0.02648958908171374
X950359	-0.011767835590650599	-0.0113084607816798	-0.008041307114668843
X950360	-0.007224769983729635	-0.002414035667206563	0.005003291058026076
X950361	0.010039216392272047	-0.000395005168083062	-0.011308267596039725
X950375	-0.0009169492018996722	0.004614379903290044	-0.0037145684502608712
X950383	-0.01602908012427225	-0.014512759705534346	-0.0015012858440176173
X950389	-0.012090809647296797	0.006715765888026864	-0.0060356920377443385
X950390	0.00033958654485851715	0.0022915005058414006	-0.002904286932321354
X950391	0.006059391831625411	-0.009199010658720511	-0.004499716035801727
X950392	-0.00970655868158082	-0.007473925384506165	0.0034696752402167933
X950396	0.042619571666013906	0.1890242371527259	0.04512933526422248
X950400	-0.013196153691090664	-0.007006407673295761	0.01021814954284521
X950402	-0.028248374827416177	-0.00999991437622591	-0.005319874608685417
X950406	0.05861609236760747	-0.051228328028164544	0.10910707049029518
X950409	-0.022380268624883334	-0.015304274746406239	0.00823544416590514
X950410	0.02686534704994596	-0.0003943474034061232	0.0015744177482603595
X950415	0.09108977385310232	0.06269698001362081	-0.07707940883656714
X950417	-0.00938949378289348	-0.009450824406347749	0.0030808607226744263
X950422	-0.009156940277118603	0.007609650821257842	0.012843250833623733
X950425	0.012869121214435566	-0.015207229701939723	-0.001217970310511127
X950428	-0.03920094153463436	-0.03596905391422154	0.05167059510395005
X950430	-0.009880221948910677	0.015139717223962821	-0.0027047350160074087
X950432	0.007996543432932761	-0.007856514132766543	-0.010798376556359885
X950434	-0.0002597047116939828	0.0034708027182099245	0.0011478808770120942
X950439	-0.017101145013627233	-0.009532865052613963	-0.007255470082918564
X950449	-0.008490296845158991	-0.011384745920420193	-0.015582769817799354
X950466	-0.011938841476633037	0.0006637800878638495	-0.002424151840991112
X950474	-0.008334777845373797	-0.008176149527378492	0.027861625112518267
X950477	0.01368924324358893	0.0024896867069599134	0.010822938107895304
X950478	-0.003184434798461608	-0.006087008058907278	0.002490766541117993
X950483	-0.015029776200124306	-0.00029575784654585014	0.009763203736582973
X950484	-0.008098764556460986	0.007018968949437416	-0.00782538524121449
X950485	-0.06332491730150874	0.09420491437930462	0.05052207238098197
X950490	-0.007808674774876155	0.00610762501661323	-0.004600550881592833
X950491	0.001533502119675714	-0.00028284065545727187	0.001553663102312012
X950503	-0.018468186465121775	-0.010994948343323083	0.0036504380720796046
X950504	-0.014406767751726375	-0.009107318887492541	0.009622857153985568
X950509	0.024268567748484127	-0.00465142364455398	-0.003819596676101211
X950512	-0.022573783264901927	-0.0012861609287155634	0.0030240440194434807
X950513	-0.0033902184969562543	-0.008988431636414896	0.008309102761489839
X950516	-0.00030251287088218603	-0.003881311011378331	-0.005272145393593403
X950517	0.020166173927861773	-0.004296183075636369	0.0019801950141281888
X950521	-0.01676489641660139	0.02015860384454553	-0.010810296706533577
X950525	-0.0032872929448787627	-0.005531874930109152	-0.005096697252764904
X950528	0.0012125715917897986	0.0017264180219370693	-0.005765440426588095
X950535	0.017414417344106158	0.0030123760049272814	-0.01847469348740564
X950536	-0.01619817697627705	-0.01916527627144355	0.013021392193710369
X950545	-0.022707811376319352	-0.0019764233919118183	-0.0019270221870254232
X950548	-0.0010535942584520728	0.006219780739405107	-0.01461339503273818
X950550	-0.009784343039916505	-0.002403534271618963	0.012387884850786568
X950554	0.0012136688729431741	-0.0011252089596660087	0.0342158812339274
X950557	-0.0011916459638286352	0.0010302122517757588	-0.011869301520588862
X950559	0.0022194357245113134	-0.0038790682800359123	-0.0033608697129788503
X950563	0.01909334995919887	0.0056808731141869614	0.0012425802096863638
X950564	0.0019329875601618923	0.012141634333168266	-0.005094254895930154
X950570	-0.015242786232516051	0.007052087577138082	-0.005308358063807934
X950571	0.035037246324699435	0.03536028338606506	-0.06619152068120646
X950572	0.001115744708026702	-0.0058772070831129225	-0.0012553121313557646
X950577	-0.008298295739864979	-0.005662700238645657	0.006701101696572035
X950579	0.0031231258068760495	0.04657361886205209	0.014486517485152343
X950584	-0.025118535343852798	0.02061621155590659	0.04753138223758514
X950592	-0.005279176054985063	0.007511467123978711	-0.0069030674077275615
X950593	2.2179215741122435e-05	-0.009230437876288548	0.004364114887806079
X950594	0.004651329253643828	-0.0016421362361495023	-0.0025831711701253747
X950598	-0.001200754113906746	0.0019069667295978357	-0.006157304113297766
X950602	-0.011963881223366266	-0.010411582230849	0.0033840872361782393
X950606	0.008859310587769115	-0.00745887828810036	-0.008048471419988802
X950607	-0.04156596218036239	0.03748631663493484	-0.014003727240205396
X950611	0.006813789766806302	-0.010781826618816194	-0.005652218112698469
X950613	-0.008839831793471507	-0.015463939385660208	0.011371914252633921
X950618	0.00683337535173672	-0.0022747035815366304	-0.017888707620186992
X950632	-0.021109685904597546	-0.015418186995309951	0.01412757514738762
X950633	0.06296431940184334	-0.026562770566447035	0.03210280431937579
X950637	0.006503856316327993	-0.004983716206555316	0.001944180403788545
X950638	0.007558787125490313	-0.008901294022742074	0.012267264147511446
X950641	-0.017828353038254474	-0.02728469122483193	0.013900664557008046
X950642	-0.005416677296261434	-0.0025913911611616853	-0.004999820490910833
X950645	-0.0018907012189397084	0.00927088058915519	-0.007765087773811129
X950649	-0.0005448402401529662	-0.002242480192951367	-0.02136586382561668
X950653	0.011066857054157131	-0.011604055989855097	-0.013142375432089716
X950655	-0.024263804671656723	0.006884957469248055	-0.010074224347321555
X950657	0.003923367861603978	0.04495718327816491	0.01590512396067564
X950661	-0.03297414195993382	0.04156771976484782	-0.029144588035366573
X950662	0.004741887070710716	0.0012878392286464677	0.062090157790326395
X950665	-0.012419504424560357	0.005784249119602116	0.0007691005075838064
X950668	0.010612681035778448	-0.0021596886402554865	0.010850698880385973
X950675	0.006961292143168796	0.0007274203474014219	-0.0021872744493755306
X950677	-0.005134443912040842	0.0023667025388021115	-0.0132515487894788
X950680	0.018755556681556478	0.005460242152183197	-0.02048494366586068
X950687	-0.011991147366751302	0.01189850737766606	-0.011621042873279941
X950693	-0.011224951149694651	0.008085407166104785	-0.007889625232347607
X950695	-0.013777000721266405	-0.0052261731963799	-0.0004933298857309229
X950696	-0.0024195118891727897	-0.007293020853438097	-0.004866949166607686
X950705	0.0027820159844718605	0.0026276133673440805	-0.0009204906544047656
X950714	0.04057056819063289	-0.02317218924726233	0.02887376373123118
X950726	-0.0951227006916375	0.0030528690163550464	0.022423347134291092
X950728	-0.0004447639877164806	0.00617339356132249	0.008799433770917292
X950732	-0.01327063690184144	-0.011618541583733787	0.00868040134765622
X950736	-0.03853153991727461	0.008261693114553787	-0.009552727100811108
X950746	-0.01137355418348877	-0.0004144709331559277	0.001492582965147498
X950747	-0.014538076957351072	-0.0005288494065898667	0.006836258321035749
X950752	-0.012602354692114586	0.004658722383647844	-0.005747889715065859
X950757	0.05963451636988042	-0.010530139098369173	-0.004808064920901276
X950758	-0.01649962412649522	0.01308928317203071	0.0017338260487362608
X950759	-0.018947626486100714	-0.00868688295925711	0.007675140792234943
X950766	-0.006952047649850142	-0.0009383376198209343	-0.006043126544742143
X950769	0.02077380531215425	-0.026600474998630223	-0.024032759969168614
X950782	0.008907978775903725	-0.005213373089282078	-0.0017104213272450507
X950784	-0.010123902743931719	0.0025431728222527162	-0.006222165878225622
X950789	-0.01432126127748535	-0.019142650591607677	0.007086699638417593
X950796	-0.00037550178259512974	0.005494171485682738	-0.0022385695066852412
X950798	0.006855259436145168	-0.016322895498348554	0.01770689579100986
X950799	0.003682603708369147	0.010956964107619056	-0.01850912290349099
X950803	0.0071654323830404355	-0.007933882658119482	-0.0014789396209685546
X950804	-0.005051290779629133	-0.008816353647742144	0.00599405713820503
X950809	0.009178790763221638	-0.004660219994617405	0.008908914249889635
X950810	0.022397953703312535	-0.011018233482452958	0.004030639767550472
X950813	-0.019013655751624264	-0.005967927934512154	0.01885356852649256
X950816	0.02887454121349484	0.019302957630593535	-0.04257469827570607
X950827	-0.0304195672659109	0.04609530681492216	-0.023425180169491307
X950838	0.0017252409538350603	-0.00040101054657687137	0.0006996706453401918
X950841	0.02890863104008599	0.0011451949521496974	0.006819630240828635
X950845	0.03619837988315564	-0.005288787335315129	-0.005670777126494695
X950846	-0.0022023264680748143	-0.00579599641926116	-0.0012932914406828437
X950851	-0.017958130255363643	0.01912964364150592	-0.014314572172950216
X950859	-0.007583418454167838	0.018442127446334267	-0.0011218814641706263
X950860	-0.005630893554857998	0.052286962610188774	0.004167004449148881
X950869	0.0016611691252779858	0.016547890666545433	-0.009720123534869559
X950873	-0.01399040927875331	0.0013649445198622144	0.02599271262101467
X950900	0.0027043851722488486	0.030792959471634167	0.007274018729479176
X950904	0.004777730853089382	-0.010385199393304187	0.007365520659053961
X950906	0.033765262817847995	-0.0014565982880938256	-0.021688539090505117
X950911	-0.02180119743098511	-0.003117427580096093	-0.005916874880243918
X950914	0.017148201102011724	0.00024388634878473492	-0.026321258264998055
X950921	0.03962062334763574	-0.028231156344449955	0.057053187083573646
X950925	-0.0042014952557868955	-0.006133377610966259	-0.013728853238355496
X950926	-0.01452544407299083	0.016988081673990386	-0.025423791497737724
X950929	0.0014705143915884637	-0.010194015815577348	0.0042321497810026455
X950963	0.02181929297102156	-0.012778554557033693	0.013953419934507839
X950966	-0.01287824706851973	-0.006647414880387101	0.014798487730151036
X950968	0.007370436801362926	-0.016033777521740112	0.0031940835099657297
X950987	-0.01961256994022135	-0.002962201132903665	0.0022198790008890286
X950995	0.05183198532662328	-0.03248600278080083	0.004482069655215088
X950996	-0.019634249177689137	-0.01676847270862101	0.010651392881795646
X950999	-0.01756252751498479	0.09229373079675803	0.008078983233255838
X951002	-0.004277119514469215	-0.0034189518600728384	0.002156358795512896
X951018	0.025854480688637365	0.0019039142732178726	0.01169746270464561
X951019	0.004213593870649578	0.0077677635289539505	-0.02174575207361279
X951027	0.006876363226333813	0.0030868793085994475	0.006134298103869294
X951030	-0.04284719436719955	-0.008895453899761256	-0.013879818078629704
X951041	-0.019985474154854885	-0.011274815857770798	0.022540932668600026
X951051	0.005554840790543717	-0.003296731913535668	-0.007020601818570813
X951054	-0.017708588652383717	-0.013057870768170426	0.004336802858961171
X951055	0.0042026212504715586	-0.0005427622517453968	-0.009996421168849986
X951067	-0.009396602649257072	-0.006750363644662697	0.0033398478067190895
X951071	-0.0057622218146455295	-0.011783289334536647	0.01117162086202121
X951083	-0.0028521206733079117	-0.011845467036694295	0.008771924356027116
X951085	0.050686378056570204	-0.002555976483832873	-0.027925754275853365
X951115	0.008114398035983681	0.010142009005135713	-0.016667562680721226
X951141	-0.00614847455556777	0.0014555160205350487	0.003375583444644155
X951144	-0.0061515620173107684	0.008427249996356578	-0.015974994478771595
X951150	0.021500224328982083	-0.00254044836891995	0.0031501078293870665
X951151	0.013524941830791944	-0.0024365489650876354	-0.007293407532578382
X951154	-0.023397098571016604	-0.023295884290110376	0.020305938194469176
X951156	-0.014977472816600565	-0.00618799088917553	0.0026362673229546486
X951162	-0.005168843530156145	0.00546999734443613	0.028579850598680696
X951171	-0.026353833280191166	0.005722485000352852	0.011863147346702387
X951174	0.020340969863106774	-0.0039602640957327965	-0.010076653810815635
X951242	-0.01433276196952228	0.002616805252602381	-0.005143960908234015
X951273	-0.02979790198100834	-0.0015172248076147444	0.004021012909197158
X951284	0.0023238493346895614	-0.008279061342312646	0.0036473900188562654
X951317	-0.010911456904316273	-0.005399249353120317	0.013050941203760937
X951318	-0.017843718546665426	0.011058809572754359	-0.005750787227932741
X951322	-0.009108869566316105	0.0060067729011635766	-0.032060840241907494
X951337	0.004996103653029403	0.006880445458230774	-0.012481243266166996
X951365	0.026323835548933895	-0.017966373346446837	-0.026750556472714317
X951409	0.020433204063616667	0.052769879777222736	-0.017527888365726718
X951429	0.0037785184716087354	-0.007353991888052843	-0.011098479191077787
X951457	-0.020150219051314252	0.037617083439270525	0.021404246834094302
X960001	-0.008091359332987567	-0.029917123447284567	-0.0050285082354791675
X960003	-0.008539918962364989	-0.004096043836674285	0.021156022455558306
X960004	0.009063289960286854	0.020199661328053765	-0.03834794846876152
X960005	-0.0032288012663525276	-0.020007443499273504	0.011377922345375357
X960009	0.005006824490866554	-0.02633135547848127	0.019717841440070275
X960012	-0.019957334487369357	0.008539991105546266	0.0012448713946291267
X960016	0.02399027581842907	0.002991149837961946	0.02456538127664901
X960018	-0.02321719550493701	0.002572947521589617	-0.0005604840753723611
X960019	0.009309509286769907	-0.043989861794227876	-0.10140224611203649
X960020	0.020233228996498966	-0.005772782585968579	0.01071648458722302
X960021	-0.000997255047568204	-0.017323950739522635	0.005075823971212365
X960022	-0.0023365240313943944	-0.009619350088917839	0.004070951043939982
X960023	-0.021866284762517202	0.002191726876108917	-0.029385108950553705
X960025	0.006168002272013616	0.015605988958176751	-0.02551166443789846
X960026	-0.03256558083438013	-0.0011518899149468448	-0.02145600414472559
X960027	-0.012739197900690133	0.006036547809784096	-0.010717820439614768
X960028	-0.02056665670056129	-0.022273552535236826	-0.027390830060554906
X960029	-0.022498404157033542	0.001959695773381451	0.017530828666862775
X960030	0.010290329788824985	-0.013749235979736589	-0.0015418165338196585
X960033	0.010406660169756889	-0.006014621355181295	0.0168589380227059
X960035	0.01005976188872443	0.10721525326553416	0.023062387196123236
X960037	-0.04139320973248901	0.024869364584284823	0.006923555361268964
X960039	0.01677206037517121	-0.008452752430610753	0.004339790591834179
X960040	0.005860969462759548	0.027627567114962653	0.0033445495895313856
X960044	0.014690367114368988	0.0012643060468862726	0.0013590590834454326
X960046	-0.07034125943990481	0.04089740470000193	-0.062077954470597906
X960048	-0.010214804989189426	-0.00039928102921773075	0.09617504432801977
X960049	0.06740887498816284	0.0060345460727708015	-0.003283512098323609
X960050	0.011022872306534813	-0.013565631867218889	0.01752366788159495
X960051	-0.00951557433427504	-0.019531842948118557	0.009541871349433496
X960055	0.012101817679908155	-0.010863753029075631	-0.013879888979411692
X960058	0.018551112596767266	0.00880710481702826	-0.020611846858750345
X960059	0.03920232990554232	-0.007538430451685083	-0.013331786037213371
X960061	0.028641133138643488	-0.021447650223181607	0.017391556765128477
X960064	-0.006944574356931233	-0.007540123784186891	-0.0021044296985327955
X960069	-0.012817821742704235	-0.0016113275098766397	0.010470111560372718
X960070	-0.008556824951619236	-0.007453373939504848	0.011357383251085026
X960071	0.01369044201597383	-0.009717624725857646	0.009886991536100587
X960072	-0.005703236716148695	-0.02411966045022163	0.008159070207444948
X960073	-0.03421330214775024	-0.002089690829715275	0.019665319141049697
X960074	0.03511492724229709	-0.004662445496602756	0.001496012743470085
X960083	-0.014029183843150278	-0.008298775566313862	0.0009020147717717309
X960086	0.002905643578736505	0.051757795005847644	-0.07861719706894434
X960090	-0.0090615397496231	-0.018423510355361335	0.02013177229940432
X960091	-0.0346296908687969	-0.015526905836660223	0.020374458801176352
X960092	0.030214151048659803	-0.01989962864908058	-0.0044665182674255635
X960093	-0.01416468307127443	0.00027116396136741676	0.0052261003991792565
X960096	0.03236994397036377	0.0025962133126067473	-0.029711313538064308
X960097	0.010275945323276236	0.00102588720660912	0.001465266409573115
X960098	-0.01592219977853192	-0.00655682689591114	-0.0038667831330492304
X960099	0.001102274172695178	-0.007690028493320182	0.008999053174362729
X960102	0.03284820427896028	-0.016991601122426776	0.005654170683622112
X960104	0.025187218512868998	-0.015215901569927654	0.007729313632742235
X960106	-0.009993075691082109	-0.0024484165161869106	-0.006204581822562058
X960108	-0.0018080965005783985	-0.0018545000843628548	-0.00141648341120138
X960112	-0.027381779520598334	-0.009427776477953847	-0.04967445560324517
X960113	0.024682241395495547	-0.0035707450497910595	-0.014069872311934906
X960114	-0.013115178815638631	0.012804341426186088	-0.01647961201084736
X960115	0.012351500244482031	0.0034531889465183635	-0.009114524144925456
X960118	-0.0958679170998095	-0.01895599124339208	0.007138297072420459
X960120	-0.0011589059976499906	-0.005571874582307948	0.0020823139297581157
X960122	-0.02340448459822344	-0.04617939765126733	0.03441284569318359
X960125	0.004006640091559608	-0.010666296929637904	-0.009139432226417147
X960126	-0.04086640144569161	0.021942005061720685	0.012242598874394583
X960129	0.017182047994210015	0.04089141069490464	0.019381136247483454
X960130	-0.01618350790203906	-0.005316065704807622	0.021905968791676153
X960131	0.026292814464520885	-0.0030193063994512427	0.011243686771978003
X960136	0.07095647258617678	-0.006600747035982216	-0.024067761862874206
X960137	-0.017488598561612414	-0.010414075635661353	0.011046520654286355
X960140	0.020349341181932046	-0.01663891957175353	-0.008083873485983472
X960146	0.09520183439163811	-0.09213872555504488	0.032822449240530266
X960148	-0.03420811556864655	0.003927259191386467	-0.012332743197596321
X960149	-0.021419734691659857	-0.01778938288155735	0.015080253974418227
X960152	-0.016423891934826542	0.0031594870822069187	0.0003598418304124179
X960153	0.016624735084132813	-0.005640463135870205	0.05434866891191361
X960154	0.012325281621974818	0.03278297671932132	0.003226132968922331
X960158	0.020128496859654572	-0.06332559111815737	0.03803768386348957
X960160	-0.011526814523222843	0.017195524702810678	0.0006620379843908638
X960162	-0.024679450790961045	-0.00738718179144678	0.010369342443774264
X960164	0.0015696879364707353	-0.0055687726671737854	0.001580198373883542
X960165	-0.007640803187294205	0.0007744039777257992	-0.04322576958643811
X960169	-0.005438608982378736	-0.008873172612084743	-0.0031615149100467843
X960171	-0.03324212014750884	-0.033194102489456936	0.015988639491189893
X960174	-0.018235702860108498	0.01416778635825971	0.0196439231511859
X960175	-0.017902492401094136	-0.0001357977166151254	0.0069987858162798644
X960176	0.0006111875201156728	0.02878283186722804	-0.009680433764729414
X960177	0.008567264918048323	-0.0020930251899881373	-0.049622487187933634
X960178	-0.012263511616105376	-0.0012905563830280986	-0.0036722989299814886
X960179	-0.013031186090136239	0.00833269954359969	-0.011355960575726074
X960180	-0.026781378395720725	-0.013549450198061586	0.009519672315498424
X960181	-0.013673069853580326	-0.026330112640131173	0.03513327003710151
X960183	-0.02155863802258851	0.01190148955063275	-0.021128137414455118
X960184	-0.004194643844977364	-0.013852522231057379	0.00851150187545954
X960187	0.04467079790557661	-0.012593386963469323	0.014853303702708666
X960189	8.507268411273804e-05	-0.022124971952143954	0.032418870257264275
X960193	0.13513652919676633	0.023815334130888103	-0.026517395366974093
X960194	-0.014326336936531249	-0.008895233780767854	-0.06782953477558959
X960197	0.011322038702353628	0.0050737507786769755	0.007211566181131761
X960199	-0.002070303241995507	0.008242776979119647	-0.015284181889470845
X960203	0.07225732988393845	0.00753037284306341	-0.0103061867417303
X960206	-0.008543595708873704	-0.046163655876598896	-0.09084491800776498
X960208	0.024906318223075555	-0.032781372739138316	0.02755759746413318
X960212	-0.0013744411646163636	0.00041448227159958373	0.0055386230609733795
X960214	0.05211255475868945	-0.01443620043322384	0.022814766948046038
X960216	0.028602534203711238	0.003976316118358394	0.0029280124468869773
X960219	-0.07869411822328605	0.005482124367590621	0.013802117654642733
X960220	-0.02464984423654235	-0.011029554111909616	-0.018079762332602622
X960221	-0.00844529010576061	0.00019848987362262768	-0.0024474020833567815
X960222	0.023535031292382925	-0.004479672791175505	-0.023447147592346305
X960224	-0.020607307871484126	-0.016992944432818898	0.015060585947854706
X960226	0.07396030524592283	-0.011693816331026622	0.12124375649323625
X960229	-0.022225858990138063	-0.02071750148990596	0.010383004031765508
X960231	0.028086831521031946	-0.002115343113925928	0.008177179905874977
X960235	-0.030079602341329635	0.01864816430891071	0.023955963728042123
X960238	0.028742947543562384	0.01638762125014294	-0.026561467187165056
X960239	0.0430774408412352	-0.02616845118812991	-0.018603077343489635
X960241	-0.006176418980720426	-0.013900455208048317	0.00452930398508942
X960242	0.02038404386714043	0.18019165477589053	0.03927915696090794
X960244	-0.0036600781833050684	-0.004849347878235403	-0.016254188122244197
X960245	0.06152922241300396	0.019206579779154746	0.024632812249358545
X960249	0.0205696011784858	-0.00957213737704434	0.007239862013335185
X960250	-0.01429458301194293	-0.00797360157692511	0.014184361278714266
X960252	-0.025722827126928097	0.000950459325404317	-0.00500620689239069
X960254	0.011671827314993617	0.008150159688847282	-0.020945720101959345
X960255	-0.0025210769981783834	-0.004963050717262384	0.014261274126062304
X960263	0.015999030578417794	-0.003404325766923678	0.007404047994520638
X960264	0.00398509182106901	-0.016510527479566814	0.0035808226561026626
X960266	-0.025565267142471967	-0.005294389727945317	0.0015562559898490119
X960267	-0.001086041684275098	0.00809513175116592	-0.014943115979609135
X960268	-0.0060879014472788135	0.033954447968185	0.005834602259246925
X960274	-0.00046858949299235115	-0.020725174163160977	0.00879212710755484
X960276	0.04522905219620219	-0.005268047552415658	-0.0017242169868125848
X960277	-0.010644334869443862	-0.02681895949468369	-0.007647063139648705
X960279	-0.052017874885092526	-0.01802624165893104	0.04778558693985095
X960288	0.001218520983358022	-0.009049134591861817	-0.0052386483390046415
X960290	0.036271006910673566	-0.0301167310212671	-0.008279147725829437
X960297	-0.004686176461666565	-0.003922422207698676	-0.0037709126627381924
X960302	-0.0023619306325752772	0.0012900514747864191	-0.02308529694537988
X960303	-0.0007372514039709852	-0.0016012441962014441	0.0017322840231089162
X960304	0.007851794499765509	0.040515107053270966	-0.0024028259037177434
X960306	-0.028422355461932263	0.010625280868085271	0.03050619867850986
X960309	0.04767560252172261	0.010571606241741745	0.04966754519991651
X960312	-0.026539292847011512	-0.014722977133930596	0.004098865462473609
X960315	0.011449021112787451	-0.013122416230737179	0.009074539263772378
X960318	0.03661605102149956	0.02351408714208642	-0.05016449725456716
X960319	0.020158904229678008	-0.02271525879540182	0.013336171542154752
X960322	-0.024092779485134677	0.005408742238332215	-0.011222650744659333
X960327	-0.0051336899767979475	0.011917956286708024	-0.023302152574474086
X960331	0.005846476279695422	0.006168167428839265	0.021781277402531614
X960336	0.005571505704509307	0.023793296504817932	0.06099922340867945
X960338	-0.09888199537047966	-0.006578203128767007	0.030682427501225323
X960339	-0.011128789595326524	0.00933632197015652	-0.008039920027680744
X960341	-0.045014671357837224	-0.0007506155824052086	0.024729373861946922
X960342	0.002016185589286847	0.020447513469058397	-0.0010234066917941217
X960344	0.000686794598465953	0.03298084654150754	-0.03447238014868361
X960347	-0.01001203481189815	-0.004739419309709576	-0.00011643888832166751
X960348	-0.016013028803631407	-0.018914874291074135	0.01835197889643961
X960350	0.009830436006090001	-0.0026640378880411625	0.005995315336624322
X960351	-0.003740313512683016	-0.007782806000336747	-0.008695809313329451
X960352	0.026342003518630128	0.038481081304053436	-0.014343387470842624
X960353	-0.008454367975014187	-0.03187526891054888	0.0016913921795113991
X960354	-0.10360527053573346	0.0020227654705970368	-0.004634727132348161
X960357	-0.05639450721976297	0.0006535782683271577	-0.013086491076691187
X960360	-0.08133834213619687	0.0784032899495013	0.003539719388629298
X960362	0.00659202857693844	-0.014425756627938807	0.006238067410978643
X960363	0.002541013318948725	-0.011077425122076013	-0.0462654899763351
X960365	0.0028931467425588283	0.009210646705701531	-0.02081077280622196
X960368	0.01139862276656195	-0.011186354598697875	-0.00397667597454698
X960372	-0.01831101065808378	-0.01890639221396211	-0.020227824518916374
X960373	0.0235318026773813	-0.01117868803761327	-0.004032292181945356
X960374	-0.05274766032287767	0.04676269111121997	-0.0047537464441898
X960376	0.002085102907258328	0.07741556559316363	-0.005079118755191625
X960377	-0.008573530922709753	0.00877657833119049	-0.016092616910509283
X960379	0.007488467455425203	-0.005444350845091875	0.01798161777468638
X960381	-0.0030999252182128	-0.02741370355111208	0.018799799763740015
X960383	-0.0026642659809231594	-0.023004335878416778	-0.017153098670084955
X960385	0.010541978237678967	-0.03184683249824851	0.02779968916219026
X960386	-0.004121822931120404	0.010389264963021	-0.04136283851540553
X960387	-0.006990551174688054	0.00823556108736748	-0.01377946656606548
X960390	-0.014778015773816022	0.005551632296872993	0.001595814939782546
X960394	0.004929273927133362	0.010639304630249181	0.025415820273302768
X960398	-0.013763056797966392	-0.03554282133234671	0.021029762798485545
X960401	0.013999106837591415	-0.034551716800616535	-0.016276737131278488
X960403	0.0016174013415886836	-0.012272369158048125	0.004538707588118876
X960404	-0.02943786619274008	0.0003107094381189562	0.007398943923353347
X960408	-0.116239914031782	-0.006817849493841731	-0.006937308831991546
X960410	0.057578568717691785	-0.01847030036233526	0.011612840023551388
X960411	-0.0019722513626874135	0.016188492445712643	-0.02084248938206518
X960412	-0.033087920690951254	-0.027334231255700735	0.017638449506318616
X960414	-0.014521703029057562	0.005832879802142851	0.010836549478870175
X960419	0.006681097973751189	-0.003261618138228258	0.007440249460129657
X960421	-0.023020418798181726	0.11962326679662036	-0.10082118459973735
X960423	0.006821998545900538	-0.010930818335868238	-0.000526995012577285
X960425	-0.022970793550016865	-0.01258817588973149	-0.016140806055187376
X960426	0.000263635736888128	-0.0044304713420203045	0.0012187168556525485
X960427	-0.00542019155636933	0.017579594552365945	0.040449871832939376
X960428	0.007763564358056242	-0.004155774539150537	0.006110697541510377
X960430	-0.011788816437181963	-0.00805986301770505	-0.0022011538607278657
X960431	-0.02479010036163029	-0.00736356274443446	0.022747009178749816
X960434	0.04421069387366161	-0.013689444081720398	0.00814301861272905
X960435	-0.04788250995557375	0.059823247368723846	0.024421288891746152
X960439	-0.0225374159658582	-0.0038633793209751346	0.011203325452095864
X960443	-0.030156577321973195	-0.02161570887116885	-0.05760996535041096
X960445	-0.0015714138918736657	-0.007607125039053925	0.01196906812952183
X960446	0.0013521284649846864	-0.0015818297568551652	0.015118129096286164
X960447	0.05433809598967514	0.013071149513043978	-0.010018797030487641
X960452	0.028291436618496885	0.008339279537303753	0.007926602745672378
X960463	0.003914356562042143	0.01996620555704575	-0.04564719622371872
X960465	-0.06011223073998536	0.13382930452738537	-0.07486492104067048
X960478	-0.027012402070339534	0.002441810357433012	0.0022871741451230745
X960480	-0.019639934356123913	-0.0161297389878853	0.026673915242738398
X960481	-0.10729135162380818	-0.023673846870346342	-0.020234318694071964
X960483	-0.008119136718445727	-0.032607634838782984	0.010996251032097453
X960485	0.13700877325355107	-0.06875187716710902	0.10333092761460475
X960490	-0.03367848146508509	0.014898178421444747	-0.015944357286221237
X960493	0.0305792385824141	-0.002753263233132202	0.004840147279320923
X960494	0.0875753711889556	0.004025726115309399	0.0958861361933982
X960496	-0.01113031568405893	-0.0075047359191190675	0.004418770802144662
X960501	0.00604065410814231	0.006555536261956849	-0.011816148479311383
X960513	-0.033906538195304176	-0.016736317333762345	0.0156504408818981
X960516	0.01613657764321708	-0.0004100647236123066	-0.012950595152697428
X960529	-0.0024789431709482277	-0.018123793392748024	0.009883210683231341
X960538	-0.0051547557919381535	-0.01718799333333493	-0.002718633450843402
X960542	-0.12056755533012738	0.04589071266150075	-0.01597606323862592
X960544	-0.005238496906331263	-0.0594730570658661	-0.047335338184882815
X960550	0.005790232995087254	0.019000510482213653	0.010245423172491277
X960551	-0.025513736941988236	-0.011679338706834973	0.010795275929061359
X960553	0.0003372517755293419	-0.009606312481763428	-0.0028522179751968445
X960557	0.04031786641329999	-0.002183324767990141	0.019904098551634174
X960575	0.01941609665252485	0.027453768654511514	-0.12322025583622398
X960577	-0.02344898169757585	-0.009444406368976902	0.0020532903268254293
X960589	-0.00946034735751962	-0.007325905895362192	-0.023764480560978886
X960591	0.020509492694188607	-0.05403973585111241	-0.0705455713804632
X960592	0.008055368446296177	-0.06520219600251498	-0.13891013313436185
X960596	-0.01786205813060192	-0.015324038993234033	0.058449101426864006
X960611	0.0018128238027942743	-0.008022407306118431	0.005181203661875524
X960612	-0.048040150272913806	0.05368808736003483	-0.020279607669042982
X960616	0.011373729168883566	-0.0020522526460772374	0.004815405246080333
X960632	0.00731436633963523	-0.00884957134435093	-0.0005879279990109924
X960635	-0.00584835483295127	-0.0030356897130845027	-0.0034558954617860747
X960636	-0.008711410187480102	0.0032818648210793376	-0.0075737312648419845
X960639	-0.010909082028781375	-0.016160667218353592	-0.018650465117760237
X960643	-0.004408887933360237	-0.0038129711894249424	0.004567680078366207
X960651	-0.0778625498115584	-0.012412329568452143	0.005133905818843138
X960658	-0.08085566352848843	-0.008667023829412744	-0.025613504351088934
X960659	0.04887889556433849	0.0321155580155996	-0.03538818960689161
X960666	-0.003190560033045944	0.002577298085846655	-0.000222667477424058
X960667	-0.006295945685589239	-0.008048331685611435	0.003045527155253845
X960672	-0.0097950826303635	0.010022469432087563	0.005375681320910463
X960673	-0.026698909295889243	-0.024090131473932363	-0.03720372257736161
X960683	0.01840369794093948	-0.002032906024639244	0.0508648764804994
X960684	0.036667463575011834	-0.006166870756743995	-0.007450374075347564
X960692	0.0493022793444929	0.005035975851636181	0.04718180488079301
X960693	0.011031712662953488	-8.37065690498702e-05	0.0027974563178065257
X960712	0.03772701605870769	0.010638648474797955	0.14606035321493496
X960719	0.026740476013723334	-0.0007976700440105634	-0.008869161079143808
X960720	0.08727732536935903	0.04695408155047201	-0.11482111114600085
X960726	0.006069024136219528	0.11439390587166184	0.04543635596908262
X960743	0.030089330107470252	0.06022309700608858	-0.16190523976942583
X960748	-0.025223649671170096	-0.006274632841204004	0.048080343977880975
X960751	-0.021704677132301762	-0.033190180497467955	0.09203279262498121
X960760	0.007471658441736574	-0.016281111522889715	-0.009885635714942576
X960764	0.07841008554639568	-0.028934261842299868	0.1296060157648537
X960788	0.014493786783093026	0.004788403907227133	-0.06598881419480981
X960792	-0.012867002237908568	0.017711180416374456	-0.05361320312062795
X960793	0.02395936242979347	-0.08712284220118417	-0.09135628575466648
X960795	0.03913071640951048	-0.009805701675725398	-0.00218331961088468
X960796	-0.08204268444742106	0.002264314626953764	0.013908047907337814
X960803	0.010431479139573154	-0.006070747245389625	-0.004732658168700139
X960807	0.043923278888728344	0.012780148150904103	-0.009787665632995038
X960837	0.025914506044055412	0.0023339868577562295	-0.022473284515878055
X960841	-0.03494519423404768	0.03422286462317744	-0.10783150941758315
X960843	-0.03477893953004532	-0.004584002670299384	0.020917522230582616
X960848	0.017073759297755155	-0.006261635562428977	-0.006084796960749591
X960850	0.012963517221204797	0.010550077892060415	-0.09320146799359727
X960851	-0.02577729969478628	0.03801505443535141	0.022232630720914227
X960857	0.001668134847897688	-0.029371111085516304	0.020085819218997738
X960865	0.008628225160616752	-0.012401327895075729	-0.040523400130524315
X960870	-0.017278690421154205	-0.007416650207547109	0.0044829188350835065
X960875	0.009192173718521048	-0.011022615522655327	-0.04970893046247102
X960883	0.004089037231174475	0.009086218351374438	-0.010481618936171479
X960884	0.03502280268793224	-0.009602240557824911	0.02441421921414393
X960892	0.008338774694876707	0.00452368794167931	0.019928412501322042
X960894	-0.013818621377984975	-0.02305467750850303	0.019367540698856038
X960910	-0.008061371405977824	-0.01674786512171356	0.013588905982144787
X960911	-0.028054909669354915	-0.02356472193689451	0.023863881672729313
X960920	0.015483264541632324	0.009083207885233688	0.038719922198992764
X960934	-0.0387418808004404	0.0296067279891151	0.10890799481332697
X960939	-0.0009786513599685635	0.00032433085938038636	0.0033164201344847554
X960943	0.04082557118818462	-0.012770281883668785	-0.01955756781033576
X960944	0.015928850618070218	-0.09998708760674792	-0.07727599678053679
X960969	-0.007828823696271385	0.040108884156600196	0.0062750410640582555
X960972	0.003832216460185635	0.0035895535803728918	-0.0075744699533352245
X960974	-0.0127533508007157	0.0021363992340339482	-0.0081050327093742
X960981	0.017688411288604884	0.04030536066326701	0.003891510427101454
X960991	0.021827031365965487	0.004646747262061625	-0.03840177091795067
X960998	-0.039374294107499284	-0.00959114139045359	-0.0032690633984805146
X961012	-0.012848323381619604	-0.006664649487688009	-0.025311361824022282
X961035	0.004643814940081458	0.0201750190187949	-0.09779976022987695
X961077	0.03492138963814861	-0.002757241068711151	0.0053014294397519994
X961092	-0.03311752933047174	0.052824408176101005	-0.014789139298469312
X961096	-0.022507841781434786	0.018526612662725914	0.01655957330155077
X961105	-0.0004344831073592254	-0.010424120048109373	0.004374880816837465
X961124	-0.019888837884533023	-0.029499459063683262	0.005265870654487136
X961128	-0.012055878573710094	0.025280583346401334	-0.035498975928631375
X961151	-0.02962841778626513	-0.022284019726227105	0.08572174678925262
X961177	0.0034346203516313956	0.06210145869171623	0.004138937932620922
X961180	-0.016776737610413726	0.10541951436580291	-0.11371739762459869
X961193	-0.009688452391811651	-0.02374807404878627	-0.07507556675728289
X961214	-0.006302866075799829	-0.010297396420725333	0.026691102398212634
X961221	0.008137898762574312	-0.009731799434594228	0.0037862059987961777
X961226	-0.06960137202791862	-0.0008369390411325906	-0.040329437444575164
X961240	0.010281583591624628	0.0021082241374506677	-0.035808740806075
X961242	-0.01749204712367046	0.014830679910173741	0.014126407600262658
X961243	0.003934772355220019	-0.0005334672356158984	0.014065250993276993
X961246	-0.02551822988078552	-0.00768498462705982	0.017200754118090165
X961263	0.017986920638439187	0.007853244117825465	0.0023652660342896458
X961282	0.0031032010145354482	0.0062596803608056814	-0.010218515236012507
X961321	-0.01506446549075277	-0.011381175231683931	-0.002236061657421841
X961325	0.008649357888867008	-0.009478684127673359	-0.006074349721655616
X961339	-0.012583311579587392	-0.006407365845944752	-0.061489824372198916
X961365	0.00619683108458311	-0.008881442721237844	-0.00373322088040201
X961417	-0.024191452623135257	-0.011329652017678037	0.013625781904384867
X961423	0.024515179639614967	-0.020509750946114905	0.0006382991376566797
X961434	-0.038239468659185864	-0.006385104637327416	0.009872190969674368
X961485	0.03912923963156869	-0.033038249405685394	-0.02380991829999203
X961553	0.022249552091413216	0.08942195030526198	0.04426500614799021
X961577	0.010860254805550617	-0.0038292136266685627	-0.035555602159589014
X961634	-0.04721186960207236	-0.010744254802195027	0.045139861255859934
X961684	0.009852856293860448	0.003326870626924938	-0.021312128530765393
X961686	0.006642077012035711	0.1139828029924768	0.04379141269935372
X961738	0.007772130105216956	-0.008632642729035845	-0.0593446129996452
X961809	-0.032967392156313634	-0.013636775111372247	0.004068382379045583
X970002	-0.02422433957738049	-0.00014540476127871085	-0.006933092752502812
X970003	-0.006367258748591064	-0.023282269931296087	0.012938901091304952
X970007	0.00945466557538422	0.0020443591807251206	-0.01754080516090946
X970008	-0.024590070006605038	-0.006137292846950535	0.010144026220350547
X970010	-0.022106545787022012	-0.011294563876428345	0.005255951814795023
X970011	0.005136693592183473	0.0015569431307621813	-0.023314463165217045
X970013	-0.01207236470390885	-0.004969101353021764	0.00767404337592853
X970015	0.006507052940011937	0.04137830127095506	0.03885219959519561
X970016	0.005127449054496216	-0.002977995111903286	0.009606077709371367
X970017	0.06417594205689522	-0.055777819925248225	0.043417449936572386
X970018	-0.03260804465848723	0.024826512531780347	0.030126906807322752
X970022	0.020889275193247448	0.026717951527800727	-0.0198803827305906
X970024	-0.009879712647382018	-0.004874558049192093	-0.00015004741027516057
X970026	0.006344500437615836	-0.003163632829856615	0.0008861328118574778
X970027	0.0002491386666270807	0.0023351818482682477	-0.018144529814919527
X970029	-0.012998468412797922	-0.0056450135142955115	0.002270385710524881
X970030	-0.052601411249703314	0.031390108402193015	-0.0042301542645386886
X970031	0.0382543912955595	-0.005485339325642761	0.00596238316602901
X970032	0.008973549124142095	-0.037786688050968784	-0.012368788497521679
X970033	-0.005113945237504654	-0.00912692158702864	0.02253501459836411
X970034	0.012386775243514322	-0.024562649586619925	0.032674760731963626
X970035	-0.033793869832423336	-0.009501877180393654	0.012586715763731167
X970037	-0.029271106134458835	-0.005748872203611235	0.009894033850832427
X970038	-0.016026024891978033	-0.026360217139628227	0.006904126421610048
X970039	-0.016389531793319367	-0.013386641820269518	0.0036825232428562603
X970040	-0.04519548350969113	-0.02475209490365728	0.027229910649240362
X970041	0.007096597355961325	0.002911641768643586	0.020301705777993097
X970042	0.0020867910477132888	0.004631127895658177	0.032293577921234946
X970044	-0.016252802383076224	-0.018124251093720362	0.018236333900452793
X970045	0.028694592189629196	0.007558133954074869	0.03474000880159962
X970050	-0.03305950994724132	-0.004628478845704016	-0.002232825849966387
X970051	0.00726416269538545	0.02682395737156043	-0.0006736137145891851
X970052	-0.009728460440195597	-0.01820459234721874	0.011470884773706528
X970055	-0.020288313022779385	-0.007775323153897961	0.0004054697330891302
X970057	-0.01562961493719783	-0.012370751580704598	0.019797247563621268
X970065	-0.003822278057058177	-0.014775299578315793	0.009852521061186384
X970067	0.005607651078240456	-0.009796253401005503	0.002130783088557284
X970069	0.039657592230654785	-0.0863819986268434	0.055476201909054564
X970071	0.009232497148096151	-0.0034268457343129863	-0.00537821785492767
X970072	0.002433192192895162	0.0024138200231881455	0.019276049010900864
X970075	-0.016483022312472586	-0.006334958941515482	-0.052019142565482214
X970078	0.006282819527618449	-0.0023706108963611385	-0.007735055589203744
X970079	0.00044731786225026416	0.03246513779284966	0.013095607504885141
X970082	0.026311425200743727	-0.0051242469078166325	-0.007322485147616892
X970084	-0.012996008259207548	-0.01624743756399631	0.0032699301912483205
X970085	0.04513104820546246	-0.02362876238291384	-0.012346060650254566
X970086	-0.009820046557180674	0.017916948995026213	-0.006146538841551064
X970088	-0.0034326216060162435	-0.00743573180743565	-0.005909797285673954
X970089	-0.08011693725914404	-0.03098987312850041	0.015170331664085006
X970091	0.02299949347192251	0.13984198459720118	0.02708605048516119
X970092	0.011039471758599132	0.1193551519563928	0.00758353563751031
X970093	-0.012837722597870407	0.001137959291692705	0.0014468371816100875
X970094	-0.040838513993304744	-0.04104617230563533	0.004590259183404026
X970095	0.00694774761006443	-0.016414731060068532	0.006234517052594687
X970097	-0.04226673280495562	0.022764496417359666	0.013539410100980653
X970099	0.0022426150516513207	-0.006233745282954946	-0.009130671233109018
X970100	0.04728988204224317	-0.06256659459419815	0.025960498898509925
X970102	-0.009468681078615619	-0.0009658958990215155	-0.0441230048888094
X970106	-0.00630031627057473	-0.02001098105118467	-0.005637712760882786
X970109	-0.011441574009814296	-0.001394759810493602	0.006843424397689904
X970112	0.014293573987230213	-0.02877914816123269	0.014117096557486598
X970113	-0.02417322059856252	0.0048499948959266626	-0.02564576568175135
X970116	0.02218999669107131	-0.018702129905459098	0.018179133895519783
X970118	-0.012208027157857146	-0.005610347080084218	0.0019288453531073697
X970120	0.01634883040726003	0.007331258730661843	-0.02939907239132758
X970121	-0.1412465642705309	-0.02657558748936491	-0.09671618727873424
X970124	-0.01182647242036037	-0.025284489215144194	-0.013379902344677643
X970125	-0.00815097479268512	-0.002621149495335984	-0.003660931597795908
X970128	-0.10366517134670515	0.02577393274395046	0.007996468216870493
X970129	-0.018220907814276658	-0.00987954311393978	-0.0019184591490523577
X970130	0.00592441594380958	0.014961460267915325	0.005620084637458888
X970131	-0.12363864878369044	-0.016982298851467147	-0.005312637024999157
X970134	-0.0005801843431159017	-0.0025421022773359954	-0.0012244329265451803
X970135	0.02398002266255386	0.021549403140825846	-0.0338398071309564
X970140	-0.015624482587236893	-0.01280676242198127	-0.0020488304446396382
X970141	-0.07939299716158305	-0.004088293758235569	0.016447328596460222
X970146	-0.010573176742416951	-0.006599393923042136	0.006686667753815066
X970152	-0.023538226133223004	0.0034688386781734056	-0.03862354264340084
X970154	0.007354509793165524	0.0008861626781600287	-0.0009917013303075454
X970156	0.011476309996848986	0.011212834794494756	0.013981717594321952
X970157	0.014581498753317173	-0.005548767452827143	-0.005181252006140486
X970158	0.005666212826268571	-0.0017945416806107164	-0.01854192093757211
X970160	-0.002336546468528616	-0.0004746604103330734	-0.009123189444163278
X970161	0.018182355622386407	-0.04268806359837446	0.04107677067261831
X970165	-0.00951414494479491	0.0021633189646430777	-0.005247053155959277
X970166	-0.042490554639815686	-0.0461789723222758	0.029963799285603998
X970168	-0.006777328603784878	-0.018003235453076485	0.026606801108839753
X970177	0.023679742905220378	-0.012666083114495824	-0.0027220699076559826
X970179	0.03646613837760239	0.027949673407558585	-0.035596767444992884
X970180	-0.013786651761512801	-0.01470924462290022	-0.0025310168947315745
X970181	-0.015259428663282918	0.009448541504710443	-0.0019528615567252319
X970185	-0.012285808248388253	0.001857032842768815	-0.007629140577636241
X970194	0.0052693515902853295	0.014007463444852802	-0.007136232373722443
X970197	0.0006869267871163017	-0.0028293415137457447	-0.01388635170644512
X970199	-0.00984469433089017	-0.006623325418399812	-0.004691807414826113
X970206	-0.01848730274668127	-0.009793557485255833	0.02314063947155665
X970207	-0.023659416034190476	0.008113178661224294	-0.008271368484576089
X970209	-0.023406528612401667	-0.001975821911820776	0.009804765785359005
X970216	-0.07405766099440252	-0.0006342753729480424	-0.04825524195304315
X970221	-0.02910071085379191	0.010743246299063602	0.01789128431644911
X970225	-0.016136715707255368	-0.006948811982253708	-0.008026945383935152
X970226	-0.009707238964050461	-0.020230959725942795	-0.004595471006539013
X970227	0.012198551056260335	-0.011463642719323722	-0.008507447708217989
X970228	-0.016044477993614633	0.005273323549501901	0.013315665252588284
X970232	0.006476317376691608	0.0032803521074024023	0.04526346910362259
X970236	0.001387008851764552	-0.017773929980760876	0.02654683421884655
X970237	-0.05656415436328009	0.013291353535945282	0.01102953649332566
X970240	0.0302625362957957	-0.0012497657346368597	-0.09060571202082278
X970250	0.011557086142062495	0.03079499033785987	-0.024392351653359973
X970251	0.0014145649826779762	-0.003176633866570432	0.010237193544415777
X970254	0.014376342564314462	0.07987403771167309	-0.009272831993772653
X970255	0.011733401581749346	-0.023997191224640016	0.019005555753632674
X970257	-0.02839886245704743	-0.03159844051981333	0.023914688341390294
X970268	-0.0038507669241930735	-0.0021204918006558224	-0.014167791582102617
X970269	-0.008427532547932317	-0.021060801578819538	-0.0011389217905171034
X970271	0.03499296015091314	-0.020164518239238656	0.024894558773457868
X970277	-0.028930732949566208	-0.025471006115033404	0.010533192792136064
X970283	0.012375019216507143	0.12896806132501867	0.04535183661350221
X970288	-0.0017603910477828157	0.03814025693756315	0.01114607198588237
X970296	-0.005453428690708276	0.03458894215256958	-0.01873013243206009
X970299	-0.012509833886622747	-0.021569447678404765	0.018959123997647768
X970307	0.004433610465287518	0.0013147159221121244	0.00016690428935962806
X970312	-0.03894018489160762	-0.006292075704976289	-0.006377849897849989
X970323	-1.9146961656507192e-05	-0.00843111466609798	0.001856705969203928
X970325	0.0036372546662049904	0.01729647482084863	-0.014774665917284352
X970327	-0.01837365314415131	0.02309891611706754	-0.016794834832939594
X970338	-0.0012254499351193944	-0.007916212938354674	0.00456506958049396
X970342	-0.010510851837205832	0.08449156605714887	0.04186340985515437
X970343	0.0027539370602167983	0.039965922581483106	-0.044824978622765514
X970345	0.0013733176509694398	-0.010017190881626465	-0.002037700580645721
X970346	-0.012514836635596717	-0.011752083588794184	-0.05750285647829438
X970349	-0.01687083875595545	-0.014597837142807326	0.008735102411540692
X970350	-0.020197023538297033	-0.027251205610450944	0.025087459738496225
X970358	0.010264724033842475	-0.007126163550099583	0.0022789808786441083
X970359	-0.006950120529476479	-0.020336038071387213	-0.002240487602505561
X970361	-0.0011193599016883244	-0.03533216462299226	-0.022216318008832163
X970366	0.00727698042523611	-0.034917869906395296	-0.017956526484615723
X970375	-0.023248527060844147	-0.013511698335924563	0.016389164647839044
X970380	0.02131173418560909	0.03638329941889693	-0.054003735397106525
X970381	-0.005979462544195228	0.02550752915179102	0.004387762824228591
X970389	0.06852345183342974	-0.009269607536477006	0.02434729567285049
X970393	0.0037301274685328854	-0.024914764336553517	0.022566961189238156
X970411	-0.04335307134804845	0.042326209303249464	0.0015197851118973584
X970412	-0.019019926426602846	-0.01943232572519599	0.011946377727620694
X970414	-0.02522411610695683	-0.0233291752196993	0.02468079787523804
X970425	0.0020528997001323687	-0.011239359048880012	0.0020442481409041454
X970428	0.052701933852490494	-0.005162389068647024	-0.01948569714707494
X970432	-0.0134743145957249	-0.008681869353631032	0.0199539513318044
X970454	-0.011360312324728523	-0.009724789687756287	-0.002871733120304531
X970472	-0.01686677944963188	-0.010913848919308874	-0.004560396879086575
X970474	-0.014590339367028847	-0.00951612937059174	-0.005801018709031847
X970480	-0.02725956065818075	-0.006696632384549707	0.014493050718723238
X970482	-0.07422774100311831	0.025718943948740202	-0.021968271798915463
X970497	0.03128728863385749	-0.01753977983913609	0.03357587568084755
X970502	0.022286275802462188	0.01444940479615242	0.03234101785044141
X970504	0.0375313327741009	-0.058775399578058274	0.050762817659386894
X970509	-0.04812456781627897	-0.030083560546965083	0.024234909118133096
X970512	-0.013351766607609603	-0.014407298459738243	0.0069774894664716295
X970515	-0.005531583062188998	-2.2645165998987503e-05	-0.0015104012609765487
X970517	0.027026566550389812	0.029229701182071115	-0.02001702188534558
X970519	0.005765795175588912	-0.0031875062307986884	0.011736441214132799
X970522	-0.0012354793363919812	-0.011146493926686898	0.016946130280568395
X970524	-0.005684487353772644	-0.0008078993882358438	0.011478527524293498
X970533	-0.017057021469012144	0.013563952674731155	-0.002085945177046796
X970536	-0.015320967615855455	-0.0012555315332689464	-0.009326319242087135
X970538	-0.019213621462674704	-0.0038845530751904418	0.01780598411359625
X970543	0.007221318471144854	-0.00964474035900128	-0.001017070287984757
X970544	0.01818723997990377	0.03650772736384385	-0.0551351034151952
X970549	0.03155007763650156	-0.0253761586124298	0.00653435579126877
X970563	0.02893049890895248	-0.009831900004166495	-0.029449428153233516
X970564	0.0037648641034493417	-0.008059562421300863	0.006803342601876999
X970573	0.015009081459064622	-0.015421268591170415	0.01299832253187288
X970577	0.05296695094174135	-0.003087486383769639	-0.0011945225830114657
X970587	-0.0009641821054429037	-0.0018629425508501283	-0.004373379724912691
X970599	-0.019024488537227362	-0.008589264684911347	-0.03360943014746562
X970614	-0.02257467369148924	0.0024092578599833525	0.007631778167598111
X970625	0.03547177429702059	0.0033439868515946986	-0.011549054927415427
X970633	0.019909226646108554	0.08449660278344549	0.01616912522006236
X970638	-0.014577925448918286	0.0018055614680208985	-0.03430698173389513
X970649	-0.06531272544114242	0.011491280691078786	-0.005284345629072553
X970659	0.019534872414841017	-0.008574395291485197	-0.015208989521972869
X970663	-0.009857428960553475	-0.01921438275198303	-0.011630143860951157
X970664	0.004246534073778487	-0.01717127156381532	0.005026685089244693
X970677	-0.003948251122192315	-0.024707773201598802	-0.0024759287523349743
X970680	0.007900206510228925	0.0981110223961346	0.043553974278519134
X970687	-0.04216844781684501	-0.004843740831081023	0.028703603562856787
X970688	-0.004118187521894767	-0.00018978778972781802	0.029500117460466272
X970692	-0.02234239316557035	-0.008343554077979013	-0.020286761336647953
X970706	-0.11192375780258176	0.05803806719337063	-0.01449089940435698
X970707	0.010216760553435232	-0.026275704577876945	-0.05440175487849183
X970717	-0.024959583082495258	-0.00010424314250067726	0.0029491075310425293
X970718	0.00620047676210964	0.0003223476186786242	-0.012128759464828946
X970731	-0.012361818960474252	-0.0008725352234341766	-0.009224283384531042
X970732	0.010050723969234041	1.399818802653035e-05	-0.004522904928316144
X970737	-0.0009758739298869053	-0.011788506924152262	0.005302017076816171
X970745	-0.015708082199139082	-0.012931795361422907	-0.008987042289950689
X970784	0.022680349444077135	-0.005347503930267278	0.009746571043636923
X970791	-0.002173755441087004	0.014945491818924347	-0.007464321284316949
X970813	-0.004557133482470641	0.0018334435772249659	0.028264276977868714
X970860	0.000654915024849347	-0.005048506800900195	0.004468098733263448
X970932	-0.01240756153147909	-0.016119249148596717	0.011448092525460285
X970960	0.021961779888603986	-0.037852759161288246	-0.01026771554555254

Biplot	0	0

Site constraints	0	0
