Eigvals	3
27.985227348105695	23.33548537985671	13.55892448735102

Proportion explained	3
0.5181215289556209	0.3602530256292799	0.12162544541509912

Species	12	3
Propionibacteriaceae	6.311378418704212	-4.855635922326486	4.627572633023414
Staphylococcus caprae or capitis	8.47836825031919	-5.746845522720416	-6.5823380646861835
Staphylococcus epidermidis	-1.0885386403563622	-7.616601985713321	-1.417178306212735
Staphylococcus hominis	11.54236262829901	12.53560849676004	5.10755173213815
Other Staphylococci	-1.7690102405893375	1.5772751934217377	-3.497320882831772
Polyomavirus HPyV6	-9.257958338541414	14.981000404204746	-5.393601761487044
Polyomavirus HPyV7	-13.451637108014937	-1.9532183289067104	1.4508075177607258
Merkel Cell Polyomavirus	-8.962502422901974	-4.413181754247223	2.8693012412298757
Malasseziaceae	12.450270351540071	-0.7198256137323464	-3.2183795435497147
Corynebacteriaceae	1.9859600101257493	1.354067403653276	4.410981732747113
Micrococcaceae	-5.183272154330993	-0.700104984055678	2.8441248479744425
Other families	-1.0554207542532204	-4.442537386337627	-1.2015211461062747

Site	1225	3
X940001	-0.0013585633509024086	-0.0012257545721358007	0.002312989710166088
X940002	0.0010587006355124147	0.008915605669687344	0.013528123788586319
X940005	-0.01668227900264285	0.024596003028599992	0.010668686144558558
X940007	0.009714490623732657	0.006992049421296396	0.016690005408344925
X940010	-0.02920883831517305	-0.005325548377518925	0.02945918530817084
X940013	-0.008078257998060669	0.006267181435624313	0.0013189535970568273
X940014	0.04489491743852666	-0.05991069893870397	0.055142328309583134
X940015	-0.0034656139821723025	-0.010649282729359309	0.00435899372441529
X940019	0.0364084338185113	-0.018038283136246096	0.04654850360970384
X940021	0.07169670803855978	0.009374737058889242	-0.04724318928751261
X940022	-0.007380552276678088	-0.00430062962756483	-0.0007869166096698116
X940024	-0.014743152573845076	0.014536285725436068	-0.018728325908290107
X940025	0.007553276670967326	0.0142654988081521	0.024319703245397024
X940026	-0.008012386998522544	0.05302155818078924	-0.01613017664929845
X940027	-0.015093431458361594	0.012068456829046755	0.010631800240153673
X940028	0.0023082272029112468	0.011387731585333141	0.009897718126043693
X940029	-0.0035625357457610314	-0.004501519991220955	0.0018656589164862032
X940031	0.001131401651059989	0.013135935251898592	0.00400244415277094
X940032	-0.005281826526401163	0.007969420783950154	-0.0055865847751378405
X940034	-0.019102845458358674	0.025754696984430343	-0.0060630995785822366
X940040	0.026243302029947787	0.009715233462083254	-0.011583292527050724
X940043	-0.006188827200439977	0.0018582962577987703	0.006566935426146305
X940045	0.036561026615501896	0.05665878614158533	0.0391882937566252
X940047	0.06377386083326288	-0.015298467950030415	-0.050999774338814745
X940048	0.009862252153608697	-0.003546987563149889	0.002270498624117097
X940049	-0.012042277626649158	0.004916190767096939	0.008512650157415348
X940050	-0.03210837988262293	-0.030698901607154765	-0.010371104338002016
X940053	0.02570240014426201	-0.017076834929630243	0.0005987487656392948
X940054	0.05404602593394851	0.0017022831476374736	-0.019339982333918836
X940055	-0.04615921078397788	0.003872197982268503	0.0021188370051531103
X940056	-0.03791877004730116	-0.00023375540960020658	0.00546852193673576
X940058	-0.004865422944225886	0.011276655335197073	0.016986043283957874
X940059	-0.00836041888418282	0.009538569135229286	0.0024376817142560555
X940062	-0.034096867031924966	-0.057225670707990006	-0.014394839273327333
X940069	0.0032573625599269756	-0.004336779407610331	-0.01128777100650196
X940071	-0.04493817524740927	-0.010197659129130562	0.06713559673001242
X940072	-0.003817639833013001	-0.004148923893037579	-0.00834386087526072
X940073	0.0674858224915642	-0.04280790942727708	0.034209566653576634
X940074	0.03918046891421513	0.014238683240223636	-0.02400853347081472
X940079	0.07414302626771387	-0.07651097339573172	-0.038832914320789474
X940080	0.013717837658037526	0.023280014924377725	-0.0032212451994577253
X940082	-0.022414236650878362	-0.06952642831906086	-0.015143796903310983
X940084	0.0003812742223431996	-0.012919128159493273	-0.004629503867324087
X940086	-0.047808435188845456	0.0328137586466845	-0.002133968069123527
X940089	-0.024988448790552256	0.02009916029240766	-0.001358708867527092
X940091	0.07367338320722479	0.08897592065994778	0.05642443456146697
X940092	-0.028246741999360316	-0.0030231509908861566	0.010539309127357479
X940093	0.0016831334830594712	-0.0030341465803939405	0.00642241582973462
X940094	-0.06254481282253195	-0.12862414725054006	0.12174930893513261
X940097	0.006862881672279649	-0.0009473265691589484	0.012285145747479497
X940102	0.01289465139006728	0.024207011327909	-0.007243469397651909
X940104	-0.020234983623257548	-0.007095939740596576	0.007585106744921745
X940108	-0.014344266553078255	-0.0012726439502047978	0.0038265922327415003
X940110	0.023108331378770268	-0.04483958429862456	-0.0029813350413454886
X940112	0.07063312469292456	-0.04104811775595894	0.061068134626958134
X940115	-0.022011014778798587	-0.04322142083033402	0.011238304566765278
X940120	-0.012533815521779613	0.01919132416511365	-0.007388430083694381
X940121	-0.01827195179698936	-0.08369554189290339	-0.014784436836474983
X940126	0.005391544619307414	0.0006476961711844891	-0.015521689862150809
X940127	-0.0018415140888227218	-0.013199076033701969	-0.0072004428624945415
X940129	-0.003235662587077497	0.04525488925985124	-0.001969303812946551
X940130	0.014026241874331295	0.010573276414926457	0.008598628068363109
X940133	0.016587643154624885	-0.0155404107522375	0.003925918744972044
X940136	-0.020106390677206896	0.011632779187827754	-0.00749043857711628
X940143	-0.009179464677512057	-0.015805517572752593	0.007634878427975165
X940145	0.0017581039698118099	-0.0024496424744570714	0.0010118664967646638
X940147	-0.038880309567968264	-0.02004173621580209	-0.0036624378284552885
X940148	0.007500275500567111	-0.012841335357914516	-0.007369843818345586
X940152	-0.016971870568181065	-0.01647823827071457	0.004725991972246455
X940154	-0.005591558173298074	-0.0065360617264549154	-0.012742081324305229
X940156	0.0066503414139253625	0.013473930391041096	-0.03089466329014073
X940158	0.00990465802855441	-0.0017414674182255104	-0.03239621464117843
X940163	-0.022164880428386814	-0.08131180429886922	-0.038606125794486246
X940168	-0.015592925336958401	-0.09949407206294318	-0.0178773762260479
X940174	0.10118711798402864	0.011778287960537374	0.07142420256782742
X940176	-0.026599790077351797	-0.032505002825792016	-0.017329810612833833
X940178	0.020152107157508124	-0.008134292645516109	0.01404928658694539
X940179	0.018745088717482986	0.010416529099169958	0.015483686809670001
X940182	0.0015996197139357025	0.00620151543963535	-0.021145969189089855
X940184	0.04842176756253972	-0.04819633429723504	0.04390258029523367
X940185	0.019775078587363316	0.019270988920940143	-0.04706450642094159
X940186	-0.015283041572827694	0.0036627432015622218	-0.019147626169902385
X940189	-0.010726396930446625	0.009222657721349373	0.006325078012749635
X940193	-0.014900582138996504	0.002345843567439102	-0.00024422282351629253
X940203	-0.02116628853548798	-0.016136009366439268	0.01795892371335902
X940211	-0.006418775338283777	-0.004611375803385336	-0.008307275987782766
X940213	-0.013917730191446992	-0.02871624212470603	-0.024116804679557097
X940214	0.01489034070402443	0.006676148787527256	0.019193917643196657
X940217	0.007172369751264408	-0.005194854633692019	-0.007209082741209909
X940222	0.016338114189038213	0.0445934908848999	0.024191714523605964
X940223	0.06143399687686627	-0.015528842975222357	-0.06710340066995074
X940227	0.041548043721130926	-0.003987459675880966	-0.007072506283690677
X940230	-0.037109633871432235	0.0029157702914295643	-0.0035880698626688636
X940232	-0.0334276234042121	-0.005727117526830358	0.016805836306668317
X940233	-0.013251866745786755	0.023875440189996506	-0.01110073806538702
X940237	-0.003770852872073011	-0.01102968552620256	0.021637399453392502
X940239	0.13342313307276382	0.1142294385364282	0.05933514282429262
X940244	0.015015443046112228	0.020616027220783262	-0.02084679095600226
X940248	0.013406935491159224	-0.002768645462120164	-0.011610049470508456
X940251	0.0073137830111186155	0.018578528877225196	-0.02119821086552821
X940256	0.038493056927263146	-0.0028426786698340038	-0.021860415841797834
X940259	-0.018749633318425774	0.0010482009714409574	0.0018612529416531548
X940261	-0.005793339811656384	-0.01649324390327715	0.01934246023833711
X940264	-0.012125230733327212	0.01911250697550204	-0.019285365436271195
X940270	-0.0005253964267529771	-0.002614353234239601	-0.009452617522696676
X940271	0.021103597571205758	0.007675705940114442	-0.014655140548728312
X940278	-0.0004492444836995466	0.010322132795407673	0.011708126216280418
X940281	0.019629501643960177	0.03492239136439725	-0.0051260821104368625
X940284	-0.019852837449218747	-0.002187599461344298	-0.026709540126480993
X940286	0.03964628202802432	-0.04811412032397231	0.05337637988440514
X940287	-0.013871425412199566	-0.024821729556801387	0.016888869813434605
X940288	-0.002688728376690039	-0.015991066981973456	0.022046436626051748
X940291	-0.01889807344577215	-0.0017641012803773519	0.002944242369358821
X940297	-0.013985751124402819	0.009710430596828992	-0.008231207584919178
X940301	-0.007438934891179029	0.0029384419389860434	-0.006536359164571588
X940302	0.010363530356718768	0.03756463404132059	0.0075200639168355055
X940303	-0.05531025280170249	-0.01730470637256585	-0.025108460542549657
X940305	-0.010920834226711352	0.011987643914542125	0.006868399867029704
X940306	0.0186433393213441	-0.03444729785847202	-0.0024547122568888457
X940309	-0.01240939677394459	-0.007466760805054126	0.00570807717350693
X940312	-0.0023830105868734384	0.01687513401337411	0.008324230749733028
X940314	-0.006102960078494294	0.004822846903866421	0.002805791868971103
X940322	0.011707798447417433	-0.05111940095119609	0.0651873472039716
X940324	0.01370755222941586	-0.005654333342511071	0.012050887292554942
X940325	-0.034102563528778766	0.021435967596566182	0.010344225723060263
X940329	0.061871365212129735	-0.016921156337672688	-0.03722433774926741
X940332	-0.01783778684530607	-0.03353969091584127	-0.013754333995163619
X940335	0.031684120991076904	0.009585825867661017	-0.04715637417934197
X940338	-0.02358296219418668	-0.049751630488773416	-0.018794335793844597
X940339	-0.042062441313261076	-0.007340313641344855	0.01058173623152974
X940347	-0.015261176016097094	0.009953534670285587	-0.019623622222228215
X940349	-0.029538065618008227	0.006209892679950189	0.022382294383454567
X940351	0.0006786064911576765	-0.008391243215128156	-0.007715221485064857
X940353	-0.018018732384149586	0.03459075973913984	0.009827504876857131
X940354	-0.00923504266766685	0.004277929583089098	9.007587372765282e-05
X940355	0.008897806983011342	-0.0956496634008505	-0.008951426220784502
X940364	0.009495702916067116	-0.019791258697042444	-0.0400459642022885
X940368	-0.03214359531143882	-0.00906875324508834	0.011150740546944376
X940374	-0.02387624754209745	0.013731523098675294	-0.003419099284822636
X940375	0.000821856339890684	0.0012181796094528365	-0.01682994388038654
X940379	-0.004064886838112992	-0.0023253706793446597	0.00017832835710151893
X940383	0.022944732101108003	-0.023108330887327156	-0.008188467925617147
X940391	0.014746848350380625	0.009024521266857388	-0.013481853817019074
X940404	0.009024480459533683	0.048510284750433265	0.010841678669164068
X940411	0.028919509531002526	0.021276901336943363	0.022120713425654668
X940413	-0.004534292398698249	0.05334577477056679	-0.026753533366041225
X940420	-0.0002435605053946245	-0.014136577568542258	-0.0012854782075321627
X940443	-0.018919258229229265	-0.07064506429787054	-0.00031627322457157883
X940444	0.04233534852459155	0.013700117526389034	-0.03359399007801933
X940445	-0.0010460773732771718	0.02443295973119893	-0.0140121478428086
X940450	0.005184405369619618	-0.017607770050839865	-0.010536118684670068
X940451	0.18592368065366544	-0.13259661410905466	0.14840866316388282
X940456	0.006583879671198344	0.004461264543438881	0.0004199157776289999
X940465	-0.010413596918012316	9.308307119637862e-05	0.006912051152887014
X940466	0.013606959287883684	0.0025590445606118984	-0.01654528805565094
X940474	0.013977216595372871	0.023989674417413065	-0.003712316109460886
X940481	-0.032132304198196626	0.01903260377240999	-0.01436325835412652
X940483	0.01019619254466729	-0.007111217484880241	0.008988000099109708
X940484	0.009650954783685944	0.021600735776877062	0.016575749152278132
X940487	0.012469641030265339	0.03270100816511869	0.0018330888283405703
X940488	0.09197715507334202	0.02459881448877422	-0.04187917098063743
X940497	-0.025960423698802124	-0.036797951109326175	-0.016617951388104187
X940498	0.046102399519458624	0.06381994210797827	-0.018993342098113656
X940501	-0.016004962398620943	-0.04952531470654806	-0.01568154691981528
X940506	-0.007835766487294055	-0.12816649865449573	-0.013587959015579715
X940526	0.015198053976880625	-0.004933620842899901	-0.0003830198346102862
X940529	0.1327692219859133	-0.02197591933677142	-0.1035420806294742
X940532	-0.0028712600129866452	-0.023627723640870523	0.001812290556761617
X940534	-0.031893983317128304	0.0009462831438965901	0.015335986101980734
X940535	0.02701507187410873	0.01378279173885225	0.026170243796432045
X940540	-0.006968676666138075	-0.00866126008398872	-0.0017831488112773867
X940547	0.0038323208158251576	-0.006417549299775903	-0.019890782710258684
X940550	-0.026149731668274976	0.020798514590417053	-0.00960008022824549
X940551	0.03964245062323301	-0.01471827474757772	-0.010789447258827776
X940555	-0.024931220532638035	-0.030242458933372636	-0.02503304744779553
X940558	0.008121222306924551	-0.02129356888517574	-0.0055453249864134005
X940560	0.07135674820581234	-0.05580732815172048	0.05276954248811917
X940562	0.04365984734506167	0.016514299806387057	-0.025294389294181988
X940570	-0.06449217695623552	-0.03324874848771511	0.0157640480201598
X940571	-0.042224264327268175	-0.009752513922431502	-0.03765269514639185
X940580	0.004445546248510474	0.011231613971311017	-0.021591589739711457
X940584	-0.020333275362019718	-0.08468621353668697	-0.012774965750776817
X940589	-0.015266855239186162	-0.023169676204416186	-0.0045067604648497935
X940598	0.005139029405796222	0.007311406481972881	-0.016580638746950673
X940602	0.10414748231817882	-0.01972067529505715	-0.07334268810558492
X940606	-0.007095793175911983	-0.009447800601405319	0.02564301642066181
X940612	-0.021216243355454883	-0.046049174074847064	-0.011576366986414273
X940623	-0.014388959689154357	0.009897538753601935	0.0009562143196972164
X940625	0.006713959512670841	0.04814007482153179	0.024831040015536703
X940641	0.004498668485720516	-0.0048920391895685075	0.012795925222968085
X940642	-0.016412576159904626	0.010636189122297562	-0.0008769694101785118
X940648	-0.024930076283116154	0.04408100049983168	0.011354949444643369
X940649	-0.013159966936683715	-0.004732379137877658	0.005188454877818735
X940652	0.001532535090844495	0.01164529062772889	-0.004186119229205722
X940662	-0.0016198515629663375	0.005890922752358602	0.012877026954913145
X940665	-0.019957424960785092	0.0004906730006615231	0.003456521146691054
X940674	0.0020870114254528116	0.008799438126084299	-0.0007032615257333917
X940689	0.1350609426644862	-0.02075450535066103	-0.06653090412286163
X940690	-0.015177119434171117	0.014734505983554195	-0.030495909977780053
X940692	-0.002201841895544333	-0.019472922620023595	0.016337475360295697
X940696	-0.040382080427889044	0.004494215432960483	0.012971202765600893
X940700	-0.011164002403624822	0.013000781037902318	-0.03218764513369074
X940714	-0.01480722936172783	0.0008138873052730499	0.010042154039286513
X940721	-0.03997762416433542	-0.008942222711637287	-0.010825884576293809
X940727	-0.00816578069724056	0.02060950279293837	-0.014507760645822989
X940748	0.03178382945952059	0.0002687004143847998	0.013314468341469418
X940756	-0.006961611785142371	-0.02599145249294661	0.03180531017229906
X940761	-0.02936566583245739	-0.013443398753911815	0.012034267155399934
X940763	0.004940537253380374	0.021154726243861256	-0.01961074274877966
X940766	-0.052244014282417046	-0.009936540122925133	0.03586037411285162
X940769	0.03868539596030306	0.0392295427118516	-0.008162890901980809
X940775	0.0015004159159792395	0.014585056295734259	0.006493698739599206
X940778	0.0064140518495429235	0.015654243511604913	-0.003922551741286349
X940786	0.0028943398416144167	-0.013017799683810392	-0.012979439482332317
X940796	-0.02748648326406259	-0.037479771593513206	0.011636957247953727
X940816	0.008506235836158747	-0.018407241294738315	-0.02007530111339528
X940819	-0.03998461077017853	-0.017296877019397087	0.015895592768109666
X940820	-0.009988120802711067	0.006786195258861525	0.0017113650345567328
X940826	-0.035066719882849935	-0.02371353975126349	0.06812782010467756
X940827	0.043633343213633505	0.0042829635725885	-0.012809267240341425
X940833	-0.007606206843459468	-0.009551818809199374	0.010846028767076243
X940843	-0.021701373263407493	0.01692948563932448	0.003136010263432191
X940844	0.01982535376695106	0.027738440336878084	-0.029575786317713106
X940845	-0.012742062720556781	0.017731984779798895	-0.002977597690866946
X940847	-0.03831289495122201	0.029290718203862646	0.02126057101692918
X940852	-0.01963140962247849	-0.016880783846471303	-0.0037934696927319584
X940863	-0.029030940587100495	0.007308166573602692	0.0007503073059539844
X940871	-0.003981736528798179	0.0027134503266605906	0.04556291390025042
X940875	-0.04022461946415782	-0.05178856150420803	-0.03143338065952758
X940882	-0.004516565672177955	-0.03336851477075929	-0.0012619895873158193
X940889	-0.005103728551489378	-0.006413728820827712	-0.005038886786537905
X940892	-0.033479981267739836	0.045899781656920054	-0.0003725894133218166
X940895	0.0066854237893007405	-0.0024009186708934694	0.016053649207935356
X940907	-0.03337799769780738	0.023474003719071056	0.020996437553164302
X940912	0.013546571148237251	0.004017406344723526	0.01781100435424191
X940917	-0.02113405933702786	0.005195534244370533	0.014577567327144846
X940925	-0.08360415405246792	-0.051958826929646575	-0.061540596105816456
X940936	-0.04764072146545661	-0.02507765694118025	0.005648988961330369
X940941	-0.026386766590852914	-0.01446900703269857	-0.01842634494665955
X940946	0.011701584704581956	-0.017518199795512165	-0.013348095770924495
X940961	-0.004523880512063361	0.001415176944115776	0.0027475796415399167
X940966	0.011132674126595379	0.01100944031250153	-1.6406453994832432e-05
X940968	0.01952365129668486	-0.007384180065933623	0.0019633833616995696
X940984	-0.027130538956082275	-0.035763431107825545	-0.005344997327742583
X941001	-0.02202101773119563	0.013349151169547869	-0.020090139194935137
X941014	0.08619021780061581	-0.06816267709302808	0.056938235873610486
X941019	-0.021746961457140127	0.023170848244717164	0.023323418400896623
X941024	-0.014749591937478669	0.0009372090053646848	0.014123373685194354
X941028	-0.00264122919334133	0.027992189729919018	0.0022435138653093684
X941037	0.17817867172715887	-0.01176392061011905	-0.06919719174326243
X941043	0.02655383168807788	-0.007320166953404412	-0.03284471306552712
X941046	0.015667514109689636	-0.001807554015611684	-0.02113988762112396
X941049	-0.018192220335309386	-0.038724547991972974	-0.01737671164835024
X941051	-0.017692061837479213	0.010293812480289962	0.012114238617063731
X941066	-0.002649823477364911	-0.006556034217403057	0.01980386651264276
X941074	-0.023018384529004742	-0.0021897289776873787	-0.010824746881472495
X941079	0.0014270109073112208	-0.009471839119206425	-0.009197062179750701
X941080	-0.01429168801381131	0.06568970503043256	0.06769254672917359
X941091	0.012289814955954995	-0.010245569047086227	-0.054178990004486775
X941095	0.025079502186989053	-0.019974265368457988	-0.028784252875775466
X941106	0.009341903098352642	0.023244880577860814	0.00611081899608469
X941118	0.006751734619821162	0.029869147914541917	-0.0039310349370749184
X941124	-0.07101191724870992	0.022787368925900563	0.0023083842265663834
X941134	-0.022700639711805377	0.016575802700430048	-0.0006177654277925849
X941144	0.03385133373797815	0.0005106073779148721	-0.021101190295732722
X941153	-0.010980366234087638	-0.011810061325562154	-0.005630721951826537
X941154	0.0014872229335610217	0.003991243833008584	0.007457613898068927
X941192	0.0030221110875669156	-0.026720941708507286	0.056928355927928484
X941202	-0.007989629417572948	-0.013577623197535948	0.006997278789123469
X941204	0.02659945246610905	-0.0051786258492321924	-0.018564511109888233
X941208	0.04181060390601495	0.019993153090049745	-0.04994601761082143
X941241	-0.0484543685692412	-0.07988970794156497	-0.08970285668178192
X941250	0.014130368155927178	0.013866713994001094	-0.03048277393449489
X941253	-0.010838237461550928	-0.006150837563783541	-0.0013468478046960769
X941257	0.012857108052555136	-0.02286265193738074	0.015082586687217589
X941259	0.017469456488169336	0.009638414967360683	-0.015983957561511712
X941265	-0.02790112398140262	-0.05303491407462715	0.02756594138528925
X941274	0.007682819528882736	0.04498142084994341	0.010719463232875532
X941308	0.025438687106572478	0.0019162065122050847	-0.015882151346848148
X941315	-0.014139094228671625	-0.020265269818480935	-0.013878590507520572
X941320	0.015751499346975662	0.032467619686138316	-0.007154461586301197
X941321	0.01678412333802987	-0.01455977496036188	-0.00369538643664207
X941367	-0.019305584854136807	-0.049870279924996534	-0.005268221777826171
X941373	0.01768142256645411	-0.019024190678404846	0.022117976419830057
X941384	0.061377078900906934	-0.06387825127018801	0.08218475361903943
X941385	0.005945223020429953	0.006040720941437237	0.02073031651020614
X941392	0.1184554402128756	-0.0786729763663354	0.1089191684815793
X941398	-0.06644074952664514	-0.04585693998784891	0.06431017903656662
X941404	-0.011112637678474993	-0.003729143159841136	0.014165172545556569
X941408	0.0014045940206068306	0.0008400771895391978	-0.010372704831327212
X941422	0.018611983479338467	-0.02004362084287184	-0.01513771879082785
X941439	-0.011565776828061694	-0.01838919086686788	-0.001153821601942381
X941445	0.047754285640693846	0.013693809076200871	-0.006035650517163145
X941454	0.009076966664349444	-0.005374867558245631	-0.009517738554807103
X941460	-0.03638195059183496	-0.0578370816325767	-0.015019849277124202
X941462	0.038004209977342024	0.019429612364054428	-0.024656528370176484
X941464	0.017092658916465713	0.012625882149210536	0.004486028826438333
X941503	-0.028251600468304064	-0.04044271026088268	-0.015269225491185272
X941519	-0.005645509034782175	0.011320258462092416	0.004540385157936671
X941530	0.01682621680971349	0.01440780602292891	-0.0047402198299416306
X941547	0.002343426262713138	0.007802858398872939	-0.009841663005778848
X941582	0.08162612936703031	-0.07416850379558887	-0.010137158701202876
X941617	0.012821406363277957	-0.012596391769307758	0.0012302827799974458
X941623	-0.01781624541881897	-0.01850737423729758	-0.013323163405545737
X941624	0.0042787738372180445	0.009763706643696569	-0.013987881891485988
X941639	-0.029191068935064728	0.0007528691157369357	-0.009308277185090903
X941680	-0.034240406047160624	0.024039054038349973	-0.0008285794722049603
X941684	-0.0406662293942079	0.0030336141545744166	-0.0020188898383850674
X941709	-0.01640777808110767	0.03245853814954168	-0.052836522930014895
X941714	0.03674339461665098	-0.010612309933132906	-0.06913712979312739
X941715	-0.018457009146943346	0.019059109407037488	-0.005642841319646238
X941738	-0.005829124174201506	-0.005640674870850461	0.0030384389284138693
X941759	-0.01588963139219979	-0.008950168865059328	-0.031091998816790048
X941772	-0.043013459379543054	-0.10564326700130965	-0.02226171682451167
X941774	-0.003787070001049236	-0.003118451663486082	-0.024888049627109766
X941807	-0.025009215381314523	0.04260150135584659	-0.01015137539470944
X941813	-0.0404536405745002	-0.02877639423426851	-0.013997180226613818
X941817	0.00022595796133385892	0.019612680324265004	-0.02414564277881322
X941887	0.01147822170772833	-0.012085080323606943	-0.00040817843550919087
X941902	0.02844009749206724	-0.024402835266092653	0.02872022033029666
X942011	0.021631093418313836	-0.008117751012343431	0.007675966152882011
X942026	0.020439352978402776	0.03189026882387403	0.04933457500052276
X942039	-0.008242859562379952	0.024152313937187073	-0.01777520556375368
X942075	-0.016243582901064788	0.013114286292020291	0.0005152013502792847
X942094	-0.01163529077969437	0.0050613874939263595	-0.009397552886988327
X942128	-0.004888121466880558	0.025831608296697325	0.006325505072999713
X942191	-0.021033829761394108	0.033622835268201305	0.028095066258130248
X942237	-0.01262427893661989	-0.037634319664632564	-0.03620253143641554
X942303	0.0372644973143845	0.02362007087346129	-0.02467256664685815
X942319	-0.04633620210971389	-0.04169673641613868	0.020483905736138487
X942359	-0.01155944041969825	0.009531359834899842	0.008165604402796083
X942398	-0.0200821095622068	-0.005968354520932331	-0.01103343394490775
X942402	0.03656322999190476	-0.012434443135875498	0.04420688006389724
X942429	0.02247593288066598	-0.03577729588714721	0.03091515437757492
X942467	0.038632606596634325	0.0373276147547686	-0.013496055180764474
X942487	-0.020664034185194736	-0.013819379290488716	0.015609169038284004
X942489	-0.01720835888649761	-0.020934643633028004	-0.003498615796103872
X942490	0.02449993725045627	-0.02513458460319048	-0.014878760150335906
X942504	0.015404508839704142	0.013358373069825676	-0.01623886915117594
X950002	0.012800841407249946	-0.001225296716879523	0.018702021039691766
X950003	0.016461013685678077	3.408577970868639e-05	0.02435528111121903
X950005	0.005491418717874609	0.0035469164151484423	-0.006597605908798778
X950006	-0.0024687196263175584	-0.024122844459431667	-0.0003251419274930525
X950007	-0.02217940662275417	0.045026371161336814	-0.011409731179918491
X950008	-0.020692047775099014	0.022811125228705636	0.021000832620657623
X950010	0.01289982095748243	0.009778758036376022	-0.011347423495524981
X950012	-0.02990373365167392	0.020526155522408412	-0.004387561918766326
X950015	0.011046763546372648	0.02626243857655322	0.01237776978735065
X950016	-0.0034871445402896205	0.0011837063141239659	-0.012382038006950733
X950017	-0.009583780146144314	-0.00013898414737110272	0.0014767614176101791
X950018	-0.013991521190431141	0.005708978695762782	-0.0025639779742805294
X950020	-0.013661839883078194	0.007733523578959374	0.0043046971376466125
X950023	-0.02393591050991949	0.009144111001517593	0.018227842891470582
X950027	-0.011990959322652891	0.005938898023771836	0.008119493284118635
X950028	-0.026894543839598956	0.031196108566225306	0.037912001174178506
X950032	0.0031316400599413763	0.0032532067169859084	0.005903959099982122
X950034	0.0037619279094993976	-0.0032920656970204004	-0.003860607242123996
X950035	-0.008439135563161042	-0.001010968269314505	-0.011230066598810064
X950036	0.009628807844749532	0.012228727089297547	-0.0021022952415025915
X950037	-0.00645920297050278	0.012232221072084671	0.004801781275163023
X950040	-0.0005470628981277124	0.00438781655427971	0.013233376764186636
X950041	-0.0026892635279428187	0.005638506525603434	-0.0038619713094078865
X950042	-0.0023130354365136045	0.008707017508483763	0.007334621776735713
X950044	-0.007522218577050853	0.015942083377562564	0.021127707003084337
X950045	0.0026312099448092185	0.0009759942161736614	0.007095987752871157
X950046	-0.007164728182616951	0.011237345197371088	-0.0008622706392643004
X950048	0.015131411156761131	-0.0030942114787754237	0.02121030017842239
X950052	0.03499747113756045	-0.040075297148458956	0.08352601750998043
X950053	0.001393642883561884	0.02353142749129281	0.023337349854832212
X950054	0.0014472680106019356	0.0007357303223217635	-0.004495616050157145
X950055	0.010061328878016078	-0.0240130473978352	0.0053556193387999315
X950056	-0.02246986608232433	0.029194827208546076	0.04826122134233558
X950058	0.09656612745319659	-0.07807821264687415	-0.016966527111485254
X950061	-0.007673224829916504	0.019945625435192182	0.016369684849985685
X950065	0.0016176571460779275	-0.015159972559013673	0.013406861620793202
X950069	-0.015388251112598525	0.012921038034938674	0.002739186106302551
X950070	-0.004986323520986846	-0.019846444296550532	-0.017449586885438722
X950071	-0.011418019252053772	0.014967933141411255	0.020131921134513953
X950073	-0.024058101373237155	0.04437963193650317	-0.03232830505638542
X950074	0.004892570561227818	0.0026660746527167076	-0.005709402116020506
X950077	-0.0014482523791121986	-0.004355293897187281	0.011179669506566917
X950078	-0.0020004248861809643	0.00525302577878295	0.01553791400152915
X950079	0.0007495591380679454	-0.01239699272941044	0.005995468016720076
X950080	0.003015849913444883	0.010846087464243887	0.02301082622808694
X950083	-0.01756242854324125	0.009532521717693138	-0.010679748154087097
X950085	-0.006617409981064393	0.0027134180942856826	-0.001280017350972748
X950086	-0.00039660259260673633	0.007913920481632824	0.01600249616685632
X950088	0.015751922280979148	0.01996334439056732	-0.006193378292918823
X950089	-0.012656233430479242	0.018383296681092193	-0.019916055478060992
X950091	0.015401140083746984	-0.01370568675221949	0.015042720265967445
X950094	0.08775189012486753	-0.051646593247410374	-0.016844666351407876
X950095	0.0477933446573759	0.022037786944011938	0.006413915561043297
X950096	0.005789915093681864	-0.00229341084252762	0.006210030042429691
X950099	0.049095688510815375	0.07992506355281508	0.046319924752322085
X950101	0.008563093179216196	0.01072439458183595	0.010508249537580366
X950102	-0.012246415209708145	-0.013024880337252876	0.01550837628258057
X950105	-0.008570011440816282	0.02351244685469857	0.00042264625626874217
X950110	0.007780469538825295	0.01570186133513673	0.023124330886264685
X950112	0.004620648533815654	-0.016113629759768867	-0.016675578714877713
X950117	-0.012374384885288922	0.00951666233250705	-0.005629908915180811
X950119	-0.0026388964860237342	0.001962918244698587	-0.011332294888158335
X950121	-0.01891446738812554	0.0060777451428458435	0.004562548739998873
X950123	0.0392478150698373	0.015773906080378597	0.014612519359056319
X950125	-0.013033568023904672	0.007336032515751106	-0.015208605558195988
X950126	-0.016279753612949296	0.014210145859886085	-0.00927120520569741
X950127	0.03846845274611734	0.012195146698119953	0.000411910285537313
X950130	-0.01873592716569004	-0.04306561587887565	-0.046365943574813835
X950132	0.010159517543394714	0.011051722322783647	-0.007716877896150389
X950135	0.01898100891341788	-0.005073688738495059	0.010334144796718243
X950136	-0.02162327854181221	-0.03967427330923683	0.015060458883407525
X950137	-0.0014131461255344553	0.010011914232227017	-0.02701975264743027
X950138	-0.012583212863202891	-0.0028589868889312892	0.002135146152238403
X950139	-0.018679438195664696	0.042503810263157915	0.02235964674031558
X950141	-0.019550056218963625	0.021530509497908232	0.01682403005676509
X950142	0.026074567474119795	-0.012790304903911368	0.009486639749850503
X950143	-0.017785880463414942	0.012501336346957792	-0.0046568420783178795
X950145	-0.00977569859741874	0.0006974041884094888	0.009100580613654295
X950146	-0.008209267558153394	0.005049053925251303	-0.006989351873543619
X950147	0.03312765691895834	-0.010667916547125365	-0.021175052936756165
X950148	0.0455954556838604	-0.004356514753900951	-0.002364724506279448
X950149	-0.011691350454128223	0.01773489014991802	0.020131684684459843
X950154	-7.213328450584248e-05	0.0023192044737066365	0.00718272137821514
X950155	-0.009807003042137106	0.01367131629220544	-0.008126571157174077
X950157	-0.03513811079728848	0.054351633318338734	0.0006203296151177649
X950158	-0.005839274418996019	0.006569191030102793	-0.0011453231284407758
X950162	0.010872947723055642	-0.001552184919231674	-0.015867247186725292
X950164	0.0037781468916022894	0.008404466089008663	0.014924053617205267
X950167	0.012498232753229019	0.006166299364228074	0.0073218648860917035
X950169	-0.0018229038715198073	-0.005442137221864864	0.019467298766015252
X950173	-0.00017412097935639445	0.06608188049534365	0.01795909576026584
X950176	-0.0008192559085374878	0.0029359395196405244	-0.0018141616987804648
X950179	0.019040105299250612	0.018707198697173685	0.01804302502214122
X950182	0.005238501562160389	0.013401163539310167	-0.004787862026033196
X950183	0.010686477102391253	0.050237509046280555	-0.030261523758081377
X950186	-0.012303307624391833	0.019874279691434557	-0.016051529248972525
X950187	0.006348671206923081	0.006437998577437834	0.0005803286779435131
X950189	0.031485630020707034	0.01283465433049415	-0.00011708709642143545
X950190	-0.022154817393224162	-0.031756647289196104	-0.021441323068781284
X950191	-0.008393626412951247	0.009545029469003286	0.004999121999407417
X950192	-0.004283335163812633	0.01260731439583988	0.022931941005967918
X950193	-0.02205886939507024	0.027601741141638582	0.052841210718423196
X950196	-0.01735445515301236	0.01868470940367688	-0.0022759410716543913
X950198	-0.0011592798939308346	-0.007127390143944351	-0.010567146526925962
X950200	-0.010151433121951199	0.013561611589449045	0.018983633731112327
X950201	-0.012391804544210175	0.0038298696830625107	0.005282151116030038
X950202	0.0005078371257037163	0.007875440122259303	0.01379060210694764
X950209	0.0029399596677979496	-0.009299163098163685	0.010635937155231869
X950212	-0.0028900755145414266	-0.03741217433893768	-0.009377779433418644
X950214	-0.007243634866010866	-0.003873620768768683	-0.006171034697529123
X950217	0.012235595486620914	0.007543494508276811	-0.01116608157708377
X950218	-0.0006329025011953535	0.006702906667369302	0.0015915405108954234
X950219	0.00043087919837933646	-0.013071529810023165	0.018467771500806942
X950220	0.0027917861760280646	-0.011244694916134362	0.01677274205065953
X950223	0.004509088774668297	-0.002108172678616917	0.013307907498682648
X950225	-0.0318495720689163	0.026745514763576176	0.01769503660704545
X950226	-0.0021128295453786373	0.004931729098896433	-0.009365416006878347
X950228	0.005074141139199806	0.005805118517901183	0.0021389959093128085
X950231	-0.005290711802632971	0.012448665486665213	-0.0006479154125641147
X950233	0.0007723845266134107	0.005465947497327412	-0.00022747833617238472
X950241	-0.004361365700049365	0.006053965481109925	-0.014570846330258567
X950242	-0.015948771183241613	-0.01611720976327208	0.0045503955417712525
X950245	-0.00945679836830945	-0.0011008807789922867	0.035492259746027315
X950247	-0.0038364928025688243	-0.017155001350391948	0.014816490853470697
X950248	0.0072729736593825246	-0.0020330194338427266	-0.001903619309000075
X950249	0.029748568425460704	0.03706789181474064	-0.012406621273353145
X950250	-0.016045914532061414	0.02405117368924688	0.0431639979503664
X950251	0.003595681780017882	0.013626003178233571	0.015537305600836564
X950252	-0.026517194536185944	0.009656869705468469	0.008273156563942891
X950254	-0.022294404770331126	0.008278157799002362	-0.021101443021190245
X950256	0.012381111202587705	-0.019773646016565817	-0.0036030275080262946
X950259	-0.0057847639721578595	-0.009238969428329667	-0.01292826854579508
X950260	0.011224419355216137	0.027947548101639207	-0.004316704990172607
X950262	-0.020339948806451427	0.05625917720507859	0.034611978469223856
X950264	-0.011645914733474564	0.01323910879185347	4.577434766381437e-05
X950267	-0.004422162013285577	0.012372989736766607	0.000665796496360127
X950268	-0.003563344876144052	0.012646501807463162	-0.006361360608499614
X950270	-0.02310245535062651	0.011003214330882671	-0.0007273506736946578
X950271	-0.012084389635626764	0.0037700936706755823	-0.003767854971341726
X950274	-0.0015154262994555134	0.02670554821718048	0.018573661470018134
X950275	-0.0035623016087986256	0.02829361463737418	0.030756653697013248
X950279	-0.014105449284144566	-0.02230131409040191	0.020095217320191983
X950280	-0.01758867271832476	0.0015006351512968003	0.004229473221265791
X950281	-0.023819853333813257	0.008935443554313766	0.005184996150856637
X950283	-0.0010032953190770239	0.01754382296433168	-0.013386567084829049
X950285	-0.0018668414478222254	0.0064202227079400145	-0.002308797935908577
X950287	-0.011285496539886036	-0.016928245969502393	-0.007853991443371162
X950288	0.00798907498841213	0.0178182187286616	0.022098102094573635
X950296	0.006898921513521793	0.0011589890281735857	0.013625744457753821
X950297	0.0178963249949875	-0.00451927255006172	0.017170504467254318
X950300	-0.0003853469497869935	0.030279243994802744	0.007732612604202524
X950302	0.02138725623312435	-0.01896502038328545	0.034851802927923836
X950304	0.0006369838751291068	-0.00528831739445875	-0.018630786922778825
X950305	0.0026829674339094935	0.014456860966687416	-0.009128897115227493
X950306	-0.003452397818191101	0.006798070255165101	-0.004712754240354368
X950313	0.016526719135062613	0.02021987152470292	-0.0005729368076480286
X950314	-0.0334654766755737	-0.0007963122801337583	-0.0015431209716457877
X950316	-0.023056085032736533	-0.019583405655570867	-0.02239855423614073
X950319	0.007699369746294549	0.011188760092124746	-0.008653041998478245
X950321	-0.021351671231090434	0.010701914737030069	0.002022143663197499
X950322	0.017711656296112557	-0.021998027283242	-0.009248229685755695
X950329	0.013595870607649123	0.01866241094133999	0.029574985015901743
X950330	-0.01637829152704149	0.006324568056171332	-0.0023413116858659877
X950331	-0.011648929002212725	0.01889191397439114	0.018965371117917205
X950333	-0.018287064671866648	0.013627961249361392	-0.004343567368038691
X950340	0.02233262558268399	0.028639622530682092	-0.0036789770442736966
X950343	-0.015312018955488503	-0.016004599295066542	0.0005109472344053622
X950345	-0.018076382333342814	-0.013265188943573565	0.01669107756225488
X950348	0.0039016305031640787	0.0017800529529425043	-0.01849063881131241
X950353	-0.01632712026877165	0.010319293818494479	0.008806663382346185
X950355	-0.015904485424687108	0.002811273707475847	0.0008258210461552364
X950356	-0.01288103826727355	-0.0649588031173292	-0.013494319280924382
X950358	0.024615484461033534	-0.012706556949932475	0.010831131078245694
X950359	-0.005866879195072057	0.009947789266802929	0.007833825109291944
X950360	-0.014745216316299171	0.004751680116496687	0.0006072622865265788
X950361	0.004759019217767232	0.024805498181796667	0.0018696672861017666
X950375	0.0074163406163314915	-0.015645609084234943	-0.010682195099968773
X950383	-0.009549793795525303	0.01485488891259417	-0.0006784687646958647
X950389	-0.022430457701774327	-0.012293670908051299	0.011866182785030951
X950390	-0.014551399492883123	0.007491443514428179	0.0011054497279437453
X950391	-0.004804412288928488	0.0043211577487353575	0.012308915179421804
X950392	-0.0015538569321668417	0.008458952666644499	-0.0016911634066137892
X950396	-0.034045645221614095	0.03929694985351271	0.036691151634982835
X950400	-0.0034804581445152436	0.024395284148017622	-0.0035858652827258086
X950402	-0.008842433901081243	-0.011070159805980194	0.011494834181328259
X950406	0.03099802385263511	0.012268813179186405	-0.16700877360327496
X950409	-0.0021337638028660656	-0.00813094832479853	-0.009092913139276551
X950410	0.021666166851891402	0.015478479910142775	-0.007086581226007072
X950415	0.05128992695325993	0.09058804973581246	0.0779310385763063
X950417	0.0014643670105624362	0.0008736873452979655	-0.006885227413929731
X950422	-0.032851781707675304	-0.03580916687529581	-0.021180653169973602
X950425	0.029858010335866384	0.029862184031469473	-0.021121403907399004
X950428	0.030862922121064087	-0.04325215209208156	-0.020856497531782685
X950430	-0.02013006748858586	0.014875360301966114	-0.002281384982479403
X950432	-6.888791826716071e-05	0.007058156939455233	0.020296412055861197
X950434	-0.011948590170760033	-0.0009366218848495215	0.0016540356502596255
X950439	-0.0021068836550621637	-0.003633252300665994	0.01079415546290307
X950449	0.012248830448447167	-0.01243958839969124	-0.007973634311849036
X950466	-0.006778948645123771	-0.0004313041000127743	-0.008548140524891007
X950474	0.010768443108342496	-0.008367392585690612	0.01666749110663498
X950477	-0.009626076432755154	0.01849674296988295	-0.008122423902665077
X950478	0.0008364379345162352	0.002072203411864848	0.004139661920875456
X950483	-0.016314660431877074	-0.030474642653849023	-0.005352463569400876
X950484	-0.018334756604471227	-0.0011816583491810041	0.005401934586840473
X950485	-0.044856011952587906	0.012662857583384405	-0.0035800772415324382
X950490	-0.014609522163499861	0.01221656362871518	0.002355865198322348
X950491	-0.010636104631821032	0.012823386839226897	-0.0023177661846592048
X950503	0.004090921400860472	0.004593677140470654	-0.008241969571316534
X950504	-0.015683012620829075	0.0006775199323325301	-0.0005085591182899521
X950509	0.017038972640195035	0.024401882574867976	-0.00673420620970686
X950512	-0.008854150589997297	0.0008150601213345638	-0.0015021239012155587
X950513	-0.005161890029193076	-0.011512790710350633	-0.008084599364888848
X950516	0.006189786765396518	-5.029111649816777e-05	0.007404364418742835
X950517	0.004005754563734711	0.00418312299705261	0.001731029513617243
X950521	-0.04545619866639256	-0.010780338965510661	0.012097769299125224
X950525	-0.01171997396384978	0.0053011122669732935	0.011420174848475718
X950528	-0.013614825794530355	0.013594379498070108	-0.0030350431178837083
X950535	0.00038178814244572095	0.013372751728690395	0.008725856349553328
X950536	0.0058245582558862485	0.0009414694576394907	-0.008073556841175104
X950545	-0.0048016069985880455	0.0016652411155292388	-0.002944769113618474
X950548	-0.025357552866772236	0.02774742486230889	0.0022815753141179926
X950550	-0.00886290867264061	-0.006986477118048857	-0.0163895823861476
X950554	-0.004290620804350247	-0.05340919712237089	-0.0011454741615662396
X950557	-0.006391643093499172	0.02148642365445716	0.0010090980022141932
X950559	-0.009040419547495517	0.0032481448968974657	0.008542472883139892
X950563	-0.011030278796598758	0.013039442019254702	-0.0003532879697213809
X950564	-0.017358845146372714	0.011730086227788695	-0.004273994694712626
X950570	-0.018277195766646326	0.0036130786469398875	-0.003072895905002175
X950571	0.02893940154268074	0.046990832998370625	0.08153142008702574
X950572	-0.006870741811526054	0.010776312421927394	0.009227832023085627
X950577	0.002000530539336191	-0.005182995131117629	-0.009529780383085636
X950579	-0.014914139937965547	0.005221848283736694	0.006927837427202313
X950584	-0.06429020179132984	-0.03370264806197307	-0.04342799833787703
X950592	-0.01335516746749937	0.005014656967642361	-0.001854114812375115
X950593	0.0052629023219982	0.008440418736956149	0.002780817173551351
X950594	-0.0062759380995423926	0.028377098049391297	-0.01929116959919557
X950598	-0.005335758321197664	0.015988018312449278	-0.0029254483905675845
X950602	0.0016655339698543837	-0.013606979378432436	-0.004254504014200547
X950606	0.02117362168856803	-0.006945139188040326	-0.008400717915548915
X950607	-0.06663944353396585	-0.018373983922454613	0.030067220166149832
X950611	-0.00018049587109501952	0.022126240650536515	-0.0052426206728148515
X950613	-0.0027870307230165	0.013803801895206944	-0.006919522353331766
X950618	-0.014049463381148757	0.016002566570308182	0.021007764703872497
X950632	-0.004203217903212248	-0.014054759760577762	0.0006619334907181466
X950633	0.04529786549870997	0.00454378425972261	-0.03973848946735226
X950637	-0.013049647569165239	0.015613506172344083	0.0012944747677378465
X950638	0.004115374332445634	0.022586312769445487	-0.016074976134440328
X950641	0.011714174698813208	0.0034239795422935848	-0.006859951763704438
X950642	0.006449654241278709	0.009939593454358311	0.0031189152641045415
X950645	-0.01245669634241121	0.008850732206110823	0.0028099660773346397
X950649	-0.003474895946039159	0.007779487354777231	0.012817777203925714
X950653	0.014783887378490977	0.015550614704357755	-0.010007712282967885
X950655	-0.018695873874601084	-0.010352610015786908	0.007344096673975047
X950657	-0.036007441180785714	-0.009644521165224566	-0.010830852731458798
X950661	0.019256667365603837	-0.009667270814617119	-0.06013096460526192
X950662	-0.015985435547252295	-0.07751959578403471	-0.015045025614972195
X950665	-0.013855260463721942	-0.006892531036543107	0.007974147300269022
X950668	0.009465576706088368	0.006545894907830196	-0.014402983438835518
X950675	-0.00465584460055148	-0.0013813463994852282	-0.0016934235828980184
X950677	-0.0014153941798660016	0.014401334958927847	-0.0019350801483640605
X950680	-0.01519157357627773	0.018222120637411934	0.021194823199296605
X950687	-0.01688203885526612	-0.0138468702363195	0.02069800264878466
X950693	-0.00797338497489942	0.0107586261775391	-0.0008059872287569484
X950695	-0.003983882647183043	-0.004169076053429934	0.007489749827296507
X950696	0.007156301708287362	0.008954984258487644	-0.01087286483811042
X950705	-0.0022599505430301544	0.003352499667517528	-0.010340851498048503
X950714	0.03241827795434218	-0.04230476550690612	0.0038342195603066776
X950726	-0.022553739519048925	0.04158565669308645	-0.014490143743320943
X950728	-0.017173329495003584	-0.0490498515776576	-0.02731079457655384
X950732	0.006845276650399968	-0.004372477216204988	-0.012431083744278345
X950736	-0.01757163575694356	-0.0007130446402052079	0.006499928189445302
X950746	-0.025057682453900564	-0.014643522225251776	0.01148560614598819
X950747	-0.009170248635727222	0.012904627443985904	-0.006116577797689981
X950752	-0.021639343089424137	0.0023887753004845787	0.0032584643868910587
X950757	0.022898914131666927	0.03399006183385937	0.000240787126980892
X950758	-0.021577440292055085	-0.008901922753937497	-0.0038835303154889575
X950759	0.009046891916913088	-0.0004472537508531409	-0.017020106805447605
X950766	0.002884097291163011	0.01002392240570044	0.0005048635495436293
X950769	0.02036701645405094	0.005657579234558957	0.052077036111234876
X950782	0.011701191846186154	0.0009807733209793838	-0.009149830939497512
X950784	-0.011755896793728494	0.008195616112068965	-0.0019234897495414096
X950789	0.01940624176351237	0.004329578029928618	0.0002238385402367216
X950796	-0.019939660890648553	0.023229893421008403	-0.010128013473993294
X950798	-0.0104567674379283	0.020987358313316648	-0.004148817067986347
X950799	-0.02497723172304867	0.01528827295529226	0.010787273347261785
X950803	-0.009236516997997478	0.026629305547022072	-0.004864359450889451
X950804	0.0017506986111040955	0.015441729194443792	-0.008302920650967213
X950809	-0.01053635227146024	0.01910850991452978	-0.008709680389448672
X950810	0.011310647614210516	0.011652721974538748	-0.016465871949311928
X950813	-0.01207138197863775	0.006541520157360932	-0.026598286485443733
X950816	0.0021872760167153784	0.04361459907335917	0.03382986805232282
X950827	0.009957653376507428	0.03658676246756564	0.007018551203682196
X950838	-0.012988195083152566	0.02204470958312317	-0.009624187546440541
X950841	-0.0023992541622090903	0.02729112738679784	-0.022264196501549732
X950845	0.02088012277480044	0.034185824057363125	-0.042209899871632955
X950846	0.005179264216977596	-0.007505298235187264	0.002316354138006056
X950851	-0.03854069030667214	0.001342532032134746	0.007082697011192676
X950859	-0.027163894503289807	-0.016525214255480453	-0.0009859612216593743
X950860	0.00638915776811141	-0.0021064746248353025	0.0248283246083795
X950869	0.00456534223777127	0.010353038916796418	0.016843368810373936
X950873	-0.016951954619588958	-0.032778522296820094	-0.02551968782484025
X950900	-0.02642756139360346	-0.02149899591997134	0.01280083124077232
X950904	0.012424609205252271	0.013926881869860668	-0.01538501996549991
X950906	0.02982628510767858	0.02528307391272894	-0.00020685820918681273
X950911	0.0011604155918062522	0.009590794704980882	-0.009330217321501081
X950914	-0.009194353671015485	0.011550384803973109	0.03255601126108003
X950921	0.016169676432914205	-0.04818566615852508	-0.013656774491207202
X950925	-0.013176795116246792	0.028588170371197433	-0.006834136361551212
X950926	-0.02858742013470832	-0.007550548307570618	0.021312502801256468
X950929	0.0072677104819439215	-0.0071827148107599294	0.009258530453345343
X950963	0.011000860461214772	0.013131993017650067	-0.013076754778017416
X950966	-0.012664146217178419	-0.007270830193087819	-0.015558005224561192
X950968	-0.015999977402081998	0.03907126219070573	-0.013062202901513316
X950987	-0.0037911684591631152	-0.010728033464423314	-0.00023920646593828793
X950995	0.03705443991759445	0.019818256589105212	0.01026887887266188
X950996	0.010141534798287825	-0.014350693824240875	0.0015566205117613083
X950999	-0.030389893260532885	0.019854376417991548	0.023998364952324797
X951002	0.005864431349478659	-0.0031524947476802346	0.015748937014133275
X951018	-0.004677056853076911	0.0013232527579826521	-0.013682146701869709
X951019	0.021083971156429897	0.02135712735101214	-0.03630358359087601
X951027	-0.014430248606261251	0.023603838799602057	-0.009080469379293552
X951030	-0.0037131838260648265	0.001935762098620954	0.01683625387880485
X951041	0.0032075623628223236	-0.014389850871037191	-0.016379387409546278
X951051	0.01970168204657777	-0.00031320418702429935	-0.005040605813741692
X951054	-0.00020996097343326325	-0.0031007828605107983	0.006591185105467594
X951055	-0.00976611988205299	0.0006945147344015291	0.0037569549994764958
X951067	-0.0023156307040007843	0.010636977415621984	0.002406112114293004
X951071	-0.005774890827782773	0.006491773266772941	-0.011093609473491105
X951083	0.021363428182815385	-0.011249659892528475	0.010196470296950286
X951085	0.0301508574299969	0.0370105627495395	0.011381541372633266
X951115	-0.015726200792720513	0.009284568348642368	-0.0010867057686873092
X951141	0.005756918510192863	-0.020744232158061534	-0.008580130788556035
X951144	-0.021932319203279496	-0.03063058201814196	0.019033651642710137
X951150	0.007515693682587537	-0.004716792163113394	-0.02949452651148682
X951151	0.011011173784636124	0.0028190170667272054	0.014058280214971087
X951154	0.013866616689310001	-0.0022135338220861727	-0.012612544568005
X951156	-0.002203506077583005	0.009112287568265248	-0.007270584230808303
X951162	-0.003711181634028742	-0.01730793523794975	-0.001688543636191948
X951171	0.005677589177576156	-0.019658823334999145	-0.015485048364807009
X951174	0.02736475085439533	0.020957604721191944	0.007086087167933001
X951242	-0.005257364526264286	0.013432754506691217	-0.004365636933794251
X951273	-0.0009643897674845659	-0.007927792241176556	-0.015498677971618673
X951284	-0.008494335996809703	0.009891356174580986	0.002037507483864209
X951317	-0.011460546228978298	0.01887273490678904	-0.009787754558084996
X951318	-0.017850449253216313	0.004103004136756404	-0.004658210097706134
X951322	-0.023401270781232972	0.00624527365971072	0.003323122349982574
X951337	-0.014432766699641693	0.01186229161891604	0.0063404520867732005
X951365	0.004103628487203059	0.030559225572166393	0.010023308625814251
X951409	0.011145648190988275	0.016480891155874193	0.03364274672333194
X951429	-0.007354134405137079	0.02151111989364195	0.007111515597683329
X951457	-0.011599157333712251	-0.008548057151278278	0.00591495093527092
X960001	0.03555157036902198	-0.05048282238433902	0.03480801617700457
X960003	0.007143966317425695	-0.0026191866924754692	-0.013113613791486813
X960004	-0.001351910920109489	0.011333603176519918	0.03412119441048351
X960005	0.009268996914084084	-0.0003073373860762587	-0.009068001267313979
X960009	0.02701935714328198	-0.0015670097737519977	-0.03218438921910357
X960012	-0.03215447412686841	-0.014734891018950102	0.006208496041983205
X960016	-0.0238415922393429	-0.06416977702614278	0.004977590804706079
X960018	-0.017793416970584515	0.023302969030009398	-0.025502560143924505
X960019	0.014057098403078281	-0.032822381540428665	0.10733146611325493
X960020	-0.0074913328407193586	-0.018656849496546727	-0.01109714141450239
X960021	0.028824494561791782	0.01774467808634558	-0.008964255060928749
X960022	0.006778234522972919	0.0077451564010389395	-0.004630090359116313
X960023	-0.03228009530266725	0.024565034793089233	0.02491243123588941
X960025	-0.015878345424851146	0.012376426415644485	5.456424024927672e-05
X960026	-0.021635727168534416	0.0050334895023714625	0.008406753156333963
X960027	-0.014166992951206636	0.018481670488134292	0.006900121434740769
X960028	-0.024996455505124564	0.012352326792630479	0.012239078037477416
X960029	-0.01991731812244141	-0.009610346441130553	-0.004663165904471978
X960030	0.014057078060597557	-0.007520145026217444	-0.023833388919375337
X960033	0.00044346556049497615	-0.030051176817589162	0.0005135238179003395
X960035	-0.014133590451513477	0.005840716542941897	0.006484404815600885
X960037	-0.015520165199545332	0.03551213531064036	-0.006494176777858584
X960039	0.007059693310487444	0.010905677606513222	-0.012078289524299046
X960040	-0.016988176909711907	-0.009080543173494908	0.004411653257260275
X960044	0.0006946656011853204	-0.013472807420380501	0.015888328134961615
X960046	-0.05732295542675683	-0.045277970224740186	0.07726209325645798
X960048	-0.06189558948489547	-0.061006953923613445	-0.062446905560817785
X960049	0.02973844921236629	0.0328788162217569	-0.006374827726268986
X960050	0.008508051888159977	-0.0030813413250066098	-6.055016793189916e-05
X960051	0.004718467550913288	0.0109992526429613	-0.01238081358435398
X960055	0.017202114646188205	0.0012428257982362346	0.014648246946529445
X960058	-0.02097168279221725	0.010357654008332594	0.002424088782748189
X960059	0.016520986813519132	0.014164145711399194	0.0064172630365728804
X960061	0.04206400929285788	0.017789927966738513	-0.011338518927078538
X960064	-0.006788727301363478	0.007208571569948927	-0.003204205080784188
X960069	-0.010964498893720176	0.007983799434631643	-0.013725400001115823
X960070	-0.005192548071365063	-0.011339500940280044	-0.003339526550340525
X960071	0.0011915709482251675	-0.008748030374475132	0.011297095536466078
X960072	0.03225388890519358	-0.016671582673217927	0.0002760875212332504
X960073	-0.021355227601701006	0.006150535558963798	-0.006226164768719876
X960074	0.008085513287131727	0.0029463341345254738	-0.0006864388823814932
X960083	-0.0005477108153542552	-0.009148622964333341	-0.0004246180211736099
X960086	-0.04440164701379077	-0.027338383668798778	0.08434921511160376
X960090	0.0211932233213738	-0.008812446134655573	-0.0050608561079454415
X960091	-0.005754339706701769	0.01904984178342762	-0.004705654251166663
X960092	0.025893025776371554	0.005214524175431114	-0.00017690476516286975
X960093	-0.005918389695320648	-0.007714768950326309	-0.016844272941296822
X960096	0.016384690951578438	0.02411566365739729	0.004119538569003588
X960097	-0.0068327872992183245	0.007749951984376584	0.010273247162916088
X960098	0.002453776092392874	-0.008713652791293098	0.013028287204040074
X960099	0.003701051031812103	0.015203755638723577	-0.013969558079868273
X960102	0.03422419972974954	0.017399301369342212	-0.01915090225983994
X960104	0.04448192050649173	0.03201038314644702	-0.015232136652669441
X960106	-0.00888748421875523	-0.003147172447097224	0.005741454385158081
X960108	0.022828715270862214	0.005042363236834756	-0.004667479822839389
X960112	-0.025797898743763276	0.003757685750847763	-0.012035005192651759
X960113	0.02568053540956004	0.014450329832146341	0.015083670084623814
X960114	-0.015940922289102377	0.009935285424836947	0.014995402711028004
X960115	-0.017473666510169263	-0.0008987594861749709	0.014375872289908737
X960118	0.03941503210900842	-0.018616832792432775	0.0018987519697623526
X960120	0.004396098513291342	-0.006170438789159046	-0.002423425227323856
X960122	0.0498617521863065	-0.01541628029761501	-0.011835783534328629
X960125	0.024776409922271616	-0.00810637269814247	0.01785364192994225
X960126	-0.02323520872717483	-0.033483782862090646	-0.006834002179625578
X960129	-0.00023512216974302513	-0.017406009523971897	-0.000676437837622917
X960130	-0.008701888589060097	0.0011144495482015022	-0.019118776220115218
X960131	0.013406096248094974	-0.010627283748036447	0.010309088503091207
X960136	0.04835695323009399	0.04429317397534423	-0.0022465276124223757
X960137	0.0013765698376506706	0.0041460251189553874	-0.016090045014790482
X960140	0.015553689842270272	0.005210959996203154	0.01276517459266793
X960146	0.09379050921426083	-0.06520636757433237	-0.045794992963904976
X960148	-0.030949926672521673	-0.013319650833789267	0.017326091674134028
X960149	0.005724720538444947	-0.014891943281054434	-0.010711802246764716
X960152	-0.021836110457563906	-0.002553814663853832	-0.010388847013832298
X960153	-0.015699993306874677	-0.05560891515273776	-0.032621558117638304
X960154	0.008243541178871404	-0.003450547248751693	0.015755583759686116
X960158	0.07445915228051034	-0.06375451359195725	-0.004058293204399191
X960160	-0.027150733699143288	-0.0295377639400463	-0.0022700521214861517
X960162	-0.002044859049432073	-0.006595046654106635	-0.012546841719128074
X960164	-0.0025909936388445174	-0.01288844309305461	-0.002729589406821933
X960165	-0.03527011804575694	0.02171779516217824	0.02990952108891255
X960169	0.002112721391800939	-0.0006818774866013486	-0.006615663169098946
X960171	-0.00892428207662388	-0.042158245722124954	0.027326167896247717
X960174	-0.02652551278825928	-0.031127651103435107	-0.013013505044704745
X960175	-0.005738269308718047	-0.002334240066067379	-0.003983904317682141
X960176	-0.024860861537606287	0.00965850341361305	0.020203759772606415
X960177	-0.03580241875515979	0.04698935725517727	0.024724875997477625
X960178	-0.015589408886790468	0.006928370488153524	-0.004211210052549204
X960179	-0.008519101211693742	-0.013104464854035401	0.0035838136867262557
X960180	0.0038002744447781364	0.011022091036376015	-0.03733304264579758
X960181	0.014364372300792537	-0.008682344527309219	-0.017416249087877984
X960183	-0.04514102543328326	0.017083942020013256	0.007556722073511204
X960184	0.016789195113928134	0.014792496408948261	-0.011941613811935013
X960187	-0.0029884324041125543	-0.07139209251893316	0.0021099012631189146
X960189	0.029790932586135934	0.020541719137307547	-0.09378244162293324
X960193	0.06817183735811981	0.08552744249165893	0.020516719333614184
X960194	0.035531043988161655	0.040457994803865	0.03829962567443585
X960197	-0.000962635352613166	0.004010554850511596	0.01231863823037563
X960199	-0.004121623748171936	0.003882444186250355	-0.0016121411922661703
X960203	0.014101290873568876	0.05088233203396663	0.002185452952658757
X960206	0.0711818731608281	-0.006605242451082476	0.08315022905797753
X960208	0.03170310943024748	0.04379985494559595	-0.11570398807251663
X960212	-0.03820510634671356	0.0016431313332557977	-0.005234273142239697
X960214	0.04189159671959447	0.023966678076775938	-0.019736331195253518
X960216	-0.002693496878569097	-0.0034902947310588533	0.009847879154197764
X960219	0.001985883406054855	-0.0424005251571441	0.009908993684800456
X960220	-0.025111274380368004	0.014251356307888133	0.011785239558959664
X960221	0.00535751687251857	-0.030053372277273976	0.026490391352471342
X960222	0.011280145610185682	-0.004341391063353619	0.0054269655512906665
X960224	0.0017422502600413046	-0.011164839389529842	-0.00910573299498329
X960226	-0.007951177385551981	-0.1274636497030653	-0.10040147135343709
X960229	0.014980906549698953	-0.011992194591862232	-0.010250619202707043
X960231	0.018804521288286486	-0.01887379878094511	0.015253586461603746
X960235	-0.06273758811522297	-0.04069384233933826	-0.03233367484770414
X960238	-0.0144163553609101	0.022379282426573135	0.035268373236649914
X960239	0.04204613466364016	0.005463128401457399	0.030037406397645725
X960241	0.018667797873213047	0.009093482797541923	-0.012166547294307387
X960242	-0.027432744685183662	0.03267942195278854	0.03427344632498277
X960244	-0.0030473201076831147	-0.004443234812591207	0.015485928075719914
X960245	-0.01953628405773745	-0.03239913202106255	-0.0035391144674526663
X960249	0.020097957003066144	0.02979096451524108	-0.018642830971046787
X960250	-0.0025778033432516034	-0.012631870663986454	-0.012975164327388749
X960252	-0.02123785551110457	-0.02917920102967628	0.01164947123788773
X960254	-0.007694049955614815	-0.004647648511724668	0.013548530346189488
X960255	0.0032267911116579872	0.004343632577231561	-0.007789363487576592
X960263	0.0033708452844713067	-0.0037172273300351212	0.00427373752227569
X960264	0.002353405226567918	-0.00529880789691998	0.008378495756943011
X960266	-0.010427667040431661	-0.03544017154834501	0.006972721442783842
X960267	-0.01611980541193575	-0.008521130035800998	0.0024847206258544413
X960268	0.004927023214775032	-0.011914291407317366	-0.00411395924946939
X960274	0.016957935988387275	-0.010461227922405853	-0.006116347725033801
X960276	0.034160390703454405	0.04779232506226434	-0.020664720857246015
X960277	-0.013543191143898691	-0.0005197881674352719	0.007230272457761739
X960279	-0.014390156796867108	-0.043806507221255155	-0.022938637766227343
X960288	-0.0037203535632454963	0.003969550144498117	0.0011758383440936323
X960290	-0.0008071637026096883	0.01347930212370131	0.020395970243392667
X960297	0.002946153285318653	0.007706600640034002	-0.015617068741522354
X960302	-0.03530263956177275	0.043705274190087684	0.004828961412562521
X960303	-0.007992477354350856	-0.0047194642952480634	-0.015691687172664132
X960304	-0.04308728452180029	0.03697199204018794	0.004214766554408553
X960306	-0.03347070279877009	-0.027599394758109772	-0.022953680141264005
X960309	-0.027493189527527342	-0.053737488892448636	-0.02180006462706925
X960312	0.014517496517668363	-0.046034240272363164	0.03885727273759014
X960315	0.00772881880090071	-0.006387471260907045	0.006291077573560737
X960318	0.034755792871714694	0.05665404430185851	0.024977890484586596
X960319	0.03384526368782665	0.014683728467848715	-0.025186825643151674
X960322	-0.015177184181549765	0.00949655295016265	0.016360687558885593
X960327	-0.008042693236805933	0.021898711639468285	0.009326405200919161
X960331	0.009258216270708608	0.020263020046103353	-0.01844706858582342
X960336	-0.0589398511502359	-0.053324459485708145	-0.038598572152801165
X960338	-0.009902576932112482	-0.051564855910472863	0.004076247179470297
X960339	-0.008186816024405562	0.001722173597870507	0.010468316194344355
X960341	-0.009945557251616296	-0.03804405109982552	-0.029670438045594636
X960342	-0.020534606533491387	-0.009916782783637725	-0.00402183960451118
X960344	-0.01016522733781245	0.030455095233987477	0.03850547481023199
X960347	-0.0003145958457272014	-0.003181980817685208	0.007914930413122979
X960348	0.0019281425848339383	-0.002426563012069737	-0.006583773541522758
X960350	0.018874066254827244	0.024906842685885337	-0.004760959431813456
X960351	0.0061032683995591195	0.015466288284549264	-0.002074819146432616
X960352	0.00479764540801479	0.03937923477918511	0.012861818650506899
X960353	0.038591766420886645	-0.03984777989327317	0.03577421366124944
X960354	-0.010350840013474756	-0.0007943212215255675	-0.013941807961155198
X960357	-0.03434048415229301	0.02080545221919117	0.020860077876604294
X960360	0.043558293744549545	-0.06798986148258535	0.032052071765526054
X960362	0.02800340181929104	0.003997835113284903	-0.008432003879312273
X960363	0.015287505661287386	-0.01230441395557848	0.0490723973790067
X960365	-0.01873034887001195	0.01666086974180423	0.02219133312640012
X960368	0.012078364330357505	0.016142147556840583	-0.0030664920327441356
X960372	0.0030304669798011715	0.00017540865823181408	0.027891431464544068
X960373	0.022151200116814016	0.00953737803023432	-0.00040828157913034354
X960374	0.02145657211504569	-0.0690566425256635	0.04213844795937603
X960376	-0.02437641683915735	0.055748461638285673	0.004995324679993142
X960377	-0.03221472392834938	-0.053658417151872535	0.024321679388261307
X960379	-0.00795584398046067	-0.012204961020742507	-0.0041169227976203425
X960381	0.024495159432337876	-0.03930316086659628	0.016935280336671667
X960383	0.010278461497098589	-0.009660664530410668	0.028672823001642266
X960385	0.03078952398474363	-0.054007501263424226	-0.020443924771152575
X960386	-0.0074637576961259396	0.007598948838075598	0.062145758244166564
X960387	-0.03198888254477229	-0.006271977578462867	0.008065880771870728
X960390	-0.04435165965849895	-0.0027678991982443544	-0.002249357162601811
X960394	-0.04349310658363378	0.018525733164005544	-0.01922729588012105
X960398	0.029415155860327953	-0.030226794349929042	0.0001750435961433952
X960401	0.00264682979028717	0.002239199238289718	-0.0407649643118555
X960403	0.001696392798954426	0.002021905187453156	0.007625266773223584
X960404	-0.0075179893671474445	-0.01296785780753758	-0.014087897847947067
X960408	-0.0362125823066997	0.060900085589804226	-0.022096322543837775
X960410	0.06506769959375024	0.03656780708545727	-0.0018567481859056185
X960411	-0.04356249481802483	0.026561593130017547	0.004811974192150553
X960412	0.02441187443769622	-0.016584189040128546	-0.007256588156310783
X960414	0.004850201531823513	-0.02011328396446369	-0.005893206738627623
X960419	-0.003612430764448134	-0.015866509928098113	0.005350847948630334
X960421	-0.14733870514837433	-0.008719911560569343	0.07117980477448013
X960423	0.018110413240998203	0.01728438287204901	-0.02892008114416137
X960425	-0.0136666053184742	0.007450618303360702	0.017224674815114263
X960426	0.0013183670078146543	0.006190319330743251	-0.007452776604536172
X960427	-0.007041338833450932	-0.008701330588351635	0.0107369212019752
X960428	0.0038491124963137436	0.0007146137214197142	-0.03155179339254243
X960430	0.01050667347689833	-0.013196114414530629	0.008551440928608083
X960431	-0.005956369989917147	-0.043491570548402	0.0018414516524789114
X960434	0.02517991110302291	0.018212258370903425	-0.022304845470384242
X960435	-0.0007542817005792743	-0.028892061082394917	0.0029059063318070573
X960439	0.004423734575721443	-0.01806153562536558	-0.012522174263408545
X960443	-0.016010733381065873	0.008325434597928144	0.03536163143799906
X960445	0.006013162620513503	0.008623257890426091	-0.0030577365237169393
X960446	-0.0038245596546636457	0.002639096320955524	-0.010881769966359083
X960447	0.05525110629859406	0.052363929182025024	-0.004664411696954597
X960452	-0.005329806863028205	0.028865005372783387	-0.005608922687878563
X960463	-0.006245571129631221	0.00844673838201486	0.06731172958736735
X960465	-0.1865823650140384	-0.09235195913381945	-0.048781024010453485
X960478	-0.019849408880913983	-0.02362090886181934	0.01457081940626449
X960480	-0.026138803744755884	-0.00042408993098600606	-0.016454353350384403
X960481	0.009120981698040556	-0.015140179496304454	0.00425945375515869
X960483	0.04065374100568228	0.0022686269078993986	-0.030037326013720923
X960485	0.011135160268712635	0.07622564421875343	-0.11996816633089755
X960490	-0.044087600554509554	-0.008714156320339946	-0.00689132877915171
X960493	0.03619283233040736	0.003016302338553476	0.02932773007419023
X960494	-0.06760200772921734	-0.08623377100007776	-0.08766577424889589
X960496	0.004256775267380682	-0.0003721257098965184	-0.009456233273834908
X960501	-0.0032153108700934407	0.022379698141679415	0.021975469116964658
X960513	-0.003703869949675058	-0.009300098211676279	-0.007274822093798717
X960516	0.011231677080134835	0.0015238599135047068	0.02066082935940323
X960529	0.017072628153165733	0.008190274742561846	-0.009619228711221773
X960538	-0.01393399670293166	0.02920343152539315	-0.014557711814904834
X960542	-0.05738508120985532	0.09916461825647643	-0.045101612752538656
X960544	0.08913742693303783	-0.10283178084473932	0.06735982794862613
X960550	-0.00991282387366765	-0.007318849986538558	-0.0007251120682255486
X960551	0.009768076179577671	-0.011139808575018745	-0.008375871236217655
X960553	0.009158440585481127	0.01026848430992635	-0.02174237207365216
X960557	0.01152076349785588	-0.021394544253406114	-0.0077199601124601685
X960575	-0.007442270071303661	0.028867676584588685	0.14401817754673857
X960577	0.0012348639283352334	-0.010433007508998216	0.00729318532820664
X960589	0.022013087516680168	-0.049785373954245454	0.0393356969955505
X960591	0.05329044777964028	-0.009780060997105731	0.05794215010140853
X960592	0.05642388400433483	-0.06571305873396384	0.1424840700826133
X960596	-0.011115010698366781	-0.08166822651533487	-0.0236285911786804
X960611	-0.014328463914584224	-0.004294397027835318	-0.019453472403755525
X960612	-0.08814035053690078	-0.048837958146271544	0.016392628953385478
X960616	0.013631781594762325	0.0155905574879536	-0.01365441166752127
X960632	0.011523655211883973	0.012475399836880246	-0.006421435382451188
X960635	0.01010520538007599	-0.00401026628592143	0.006505981976236387
X960636	-0.005782186901652149	0.005954164504771665	0.0031550473422183815
X960639	0.01620127623724717	0.0014638093144878463	0.0068136338062958325
X960643	0.0040231168107131695	0.010211952313760823	-0.005573667136970292
X960651	0.006723802013358062	-0.022507913468238383	0.013649381505271643
X960658	-0.018172007014205706	-0.025942470481315878	-0.0003687727194406218
X960659	0.0204322682653943	0.05091841527023795	0.01489876360503603
X960666	0.01334816532724942	0.004865826455003196	-0.05152308859857029
X960667	-0.005435597097636303	0.0005139888726617737	-0.002935293153615458
X960672	-0.017853390038027172	-0.03250799413640903	-1.0212966962913758e-05
X960673	-0.01994918218472952	-0.009679792097386923	0.01539558369962878
X960683	-0.00020125479622169743	-0.1017930943624488	-0.002431587065000266
X960684	0.030348320951286936	0.031880543865971896	-0.009728186403163173
X960692	-0.044271974900760146	-0.058338023675206026	-0.02684663290159664
X960693	0.0044697833978134096	-0.01143835759278799	0.010191534345228102
X960712	-0.0804535702212832	-0.13829199336510645	-0.12104425416505761
X960719	0.028041106888919847	0.031109137193848144	-0.031219330744153583
X960720	0.08366877381604235	0.11043361444022452	0.06501463892926004
X960726	-0.018111937003557486	0.05240482165578348	-0.055892570341556314
X960743	0.06712957423342564	0.09941708303514994	0.09322696478011405
X960748	-0.010449961052079388	-0.034527803793725456	-0.03148473054920898
X960751	0.025430235337339253	-0.041715570874851726	-0.055998489075836426
X960760	0.019097748161567302	-0.01689270515185072	0.017538441461158873
X960764	-0.002208871378275937	-0.09048440441175466	-0.07587160319931877
X960788	-0.0028525958901111635	0.022896782143996333	0.038831784774834954
X960792	-0.03725791417076833	0.009605504463402763	0.0491351700630289
X960793	0.11431237927979884	-0.08177495371350765	0.10172732881896122
X960795	0.03273462146722359	0.03280061924378441	-0.022547717538752426
X960796	-0.014091913560497351	-0.011348719283886219	-0.01736339780063695
X960803	0.00038051063072037407	0.009011497866577869	0.008946667118182731
X960807	0.000814158043684004	0.006704220181678966	0.03443421512906319
X960837	-0.0058028338772299235	-0.011382235644132448	0.0014657320133715992
X960841	0.0532862196274779	0.07549637763061584	0.053458746641752895
X960843	-0.01597852527698211	-0.027140088052276076	-0.019440911261557857
X960848	0.04523604790046214	0.0009811656331670789	-0.09613989911151292
X960850	-0.017116349370926945	-0.021651470942270375	0.09590123608489912
X960851	-0.055749793701341956	-0.07758918716652542	-0.006383049622925232
X960857	0.027929991590457476	-0.015095447611871756	-0.008920618083322828
X960865	-0.02533962886596921	0.03946351390994923	0.02946160884866278
X960870	-0.01478255057233339	0.010885192659722584	-0.016104518279413973
X960875	-0.0033130868171342585	0.004698919469291966	0.04157038302064511
X960883	-0.01751973203308221	0.03681587894870087	-0.0005649657256320403
X960884	-0.0020096609429274995	-0.007489670922104553	0.013192512178562498
X960892	-0.016529955100416487	-0.012914843313250688	-0.0032177291605582515
X960894	-0.006421815621876935	0.012962303614416238	-0.023601506978909212
X960910	0.026497329554887702	-0.007192846343961432	-0.009171845311711928
X960911	0.006926805507817786	-0.008576999663810547	-0.012025424087746317
X960920	-0.012483979053378532	-0.02126653333408421	-0.002099447362178788
X960934	-0.1032613459084782	-0.07482517041194262	-0.08779957157276277
X960939	-0.005022163343157106	0.010225506650308957	-0.0008253796236214016
X960943	0.028418429840593562	0.01843737347265395	0.014015115806184104
X960944	0.09441279071719531	-0.08693168801248628	0.0952329695188494
X960969	-0.007414125232708955	-0.020858897014127416	0.008547102573103286
X960972	-0.03796814349008283	0.023425910391523048	-0.003641882638084026
X960974	0.002486029147137569	-0.011509120871760805	0.006080489057072316
X960981	-0.003026019465923554	0.01862149384690559	0.0054246401838040454
X960991	0.03717707767734883	0.014479958667241255	-0.05976228338138795
X960998	0.0023712039232224296	-0.007414426033617296	0.005095677604778718
X961012	-0.009838388275420225	-0.009123542184911697	0.039960675219878436
X961035	-0.06023244899797218	0.03747498348031429	0.05349411352640122
X961077	0.04605729928163484	0.042326125855148146	-0.015337540142322338
X961092	-0.027602403011405256	0.020410363911210722	0.02273598312850934
X961096	-0.02599416678737186	-0.027686587665477123	-0.013911769378759672
X961105	0.002093431038428203	0.010881696880299814	-0.0074671587181974345
X961124	0.03957049767666553	-0.038715877582350594	0.021200695103355847
X961128	-0.024658950379282108	-0.009614076084795286	0.00797651099672631
X961151	0.021635414664378367	-0.032114555662741566	-0.12418018178636796
X961177	-0.0117110006731244	0.011670993029199704	0.03179070131215476
X961180	-0.09762221351117772	0.012507026537604202	0.052938628156807756
X961193	0.02645132374151417	-0.0154757040513604	0.058039367766446054
X961214	0.007235705909987707	0.0050034951999570615	-0.01690403222359967
X961221	0.019540694226031902	0.008128379521874193	-0.002571796948859921
X961226	-0.03222751410676291	0.04352979315551894	0.00970656217074451
X961240	-0.02957675650199352	-0.007763730363648433	0.029078281188881828
X961242	-0.033498341209993614	0.02374478832111189	-0.018599439800524406
X961243	0.059280345525138035	-0.033226998365697896	-0.27018248737201117
X961246	-0.002154048147070543	0.007978248144771171	-0.003126260038626257
X961263	-0.031369815440100556	0.012852479659333551	0.004045031439157842
X961282	0.008677248201704827	-0.011071515162900307	0.011891322653373853
X961321	-0.0017739321622889492	-0.0019833041775116802	0.0038605382645850537
X961325	0.06747994415919288	-0.034745225473616484	-0.17339182081616358
X961339	-0.027040872819454654	0.015284799196046644	0.04588095202017386
X961365	0.04524624210358115	0.022180914839988825	-0.01965447180604546
X961417	-0.005580739673154014	-0.004169121219824404	-0.0071999475758306765
X961423	0.04209162415391963	0.0189956287197958	-0.011430501061935177
X961434	-0.005626281943207598	-0.028977398067451646	0.0030115731350877912
X961485	0.013515095918979722	-0.02036442079351702	0.023918884842637857
X961553	0.024218976195898915	-0.01230992737206809	-0.005426898398426767
X961577	-0.0013126430282956096	-0.004139453591709208	0.03055729136901094
X961634	-0.030252378764810108	-0.02832984940401657	-0.018489063582451618
X961684	0.02229091162594863	0.010208516603915052	-0.00817994699523863
X961686	0.0018907388899064657	-0.01675177285593716	0.016684519081871473
X961738	-0.005590087864302306	0.027482940241284573	0.010012949043185823
X961809	-0.003160549189810849	0.013485003619705385	-0.005860857545778366
X970002	-0.020349410562806865	0.005619217307882019	0.008067491099373391
X970003	0.008792283457589823	0.005147446769180697	-0.004635412961026576
X970007	-0.015873136759166896	-0.0024164816973272344	0.02438039977330454
X970008	-0.006256206283623728	-0.022686146201426026	-0.00560836529310586
X970010	0.007931224991714867	-0.0005687599801902414	-0.0061955651582107545
X970011	-0.0017576109250373659	-0.011286828683771637	0.023019728316272196
X970013	-0.008243123707118825	0.006655956871349427	-0.0113673205510424
X970015	-0.015511087642534265	-0.04851821020138435	0.021744798793987948
X970016	0.0020130269470506833	0.0009215163768675395	0.0037289846166923845
X970017	0.050043269212768755	0.0017292896888382295	-0.02722085551007323
X970018	-0.07033779016977933	-0.05889832817466364	-0.01716779315084527
X970022	-0.009411726138631744	0.026134225173952894	0.015107038555591347
X970024	0.0020084989745088994	0.0007097236169503956	0.0027201106105281567
X970026	0.003770236817247953	-0.0013746748885264395	0.010916752749648652
X970027	-0.012143201856134841	0.011976087315428024	0.0054166125349534786
X970029	-0.016004698146106083	0.014182373697497514	0.0021853512014809494
X970030	-0.05085427000542488	0.05179344937710141	-0.0185033674709547
X970031	-0.04277277638248114	-0.05558497596987716	0.04973983069602508
X970032	0.03938449882013477	-0.08215552976153548	0.04684932207063597
X970033	0.03236231580733007	0.030256844800662566	-0.1180602537828307
X970034	0.01319081610831202	-0.00010738087215376919	-0.006211234428730733
X970035	1.9866308922413748e-05	-0.0029963267621971406	-0.007177687059858339
X970037	-0.015342844292618191	-0.005519907376384773	0.007090923337896371
X970038	0.025757079292109235	0.011569454707642757	-0.01619861916084876
X970039	-0.00033008894627599525	0.004462398988264577	0.003283821224889754
X970040	0.03306852847932464	-0.009975102441827104	-0.01273116972574855
X970041	-0.0016989165749022477	0.01051702305648972	-0.00041073236452768275
X970042	-0.03192162597936534	0.00022120613339679155	-0.010081716632697553
X970044	0.0002861018282029948	0.011594361230716733	-0.004865173011169232
X970045	-0.04081982403925757	-0.045363690088649614	-0.018484671863593313
X970050	-0.007411285587985238	0.011091354571295104	-0.0071001261060153805
X970051	-0.017565720308066267	-0.0038441053667257847	0.010820497572488758
X970052	0.001793983683144205	0.013437880137256083	-0.00668499562122606
X970055	-0.005959455080922007	-0.017926267776317225	0.01453612377777281
X970057	0.009209503568717494	-0.02594309122231235	0.005759621418399484
X970065	-0.0007210957551533781	-0.0007688771684378538	-0.0023684513620766236
X970067	0.01569813065538629	0.018525781395213922	-0.012448876867005692
X970069	0.10641975016074644	-0.09568927589230672	-0.01978100397414885
X970071	-0.0003786477533372425	0.01055990996315363	0.0043746406253504806
X970072	-0.0023398810169715663	-0.0005827451773030781	0.013932846294464628
X970075	0.048342488041345506	0.018413540694040494	0.028298395986264217
X970078	-0.006767179342308753	0.012771436942086116	0.009021587947593872
X970079	0.0039907736729907555	-0.007398316548705775	0.01138190619110213
X970082	-0.008794315166218574	0.052200594546693686	0.010152670126882533
X970084	0.01351919010389048	-0.006923379272227418	-0.02259115948680957
X970085	0.04523525038580609	-0.005873052404488777	0.005914999849484859
X970086	-0.011133274594821356	0.008900123800957675	-0.012843429758467658
X970088	-0.0013623754800664927	0.011041249547108039	0.0005947836055737391
X970089	-0.03160688132942296	0.06143680312848862	-0.02957521506198298
X970091	-0.02993462698798303	0.0482462563255196	-0.02001941054276242
X970092	0.013780019846415581	-0.009462776601858264	0.050185093729727716
X970093	-0.016364987702134678	0.0002728566237156684	0.0026411695593393444
X970094	0.029076551878191782	0.002377429843497902	0.007246658434872847
X970095	0.025113443584332845	0.005011221762715529	-0.028674569142495186
X970097	-0.02904583957880755	-0.030789254071818328	0.00841331331845053
X970099	-0.00032980611213544566	-0.015586146176785292	0.020737839461020174
X970100	0.061027206727818424	-0.04210633932347787	-0.020920787535873106
X970102	-0.07122812042546822	0.051023540913327954	-0.01742231415266179
X970106	0.015745183766600855	0.017940145901654575	-0.01114825511859715
X970109	-0.008345714917285037	-0.0022435774701825475	-0.002173330695517776
X970112	0.040038498697378924	0.005900516168298908	-0.017044593638911122
X970113	-0.034484849173046755	0.049730460046175436	0.026073859629186145
X970116	0.02237543114315056	-0.007823730518715629	-0.004751810240944567
X970118	0.0010644298933073324	0.0033987741305171897	-0.0053515292201628505
X970120	-0.005799948200471812	0.011554779054978662	0.010098840146508165
X970121	-0.0006522026478518211	0.0033901947679085545	-0.007558480061609845
X970124	0.0028457214561858736	0.01248330751684066	0.006876347684636178
X970125	0.0031702624645958276	-0.00386195820419684	0.005748913976444226
X970128	-0.036629163035009966	0.060631425420729315	-0.027481476511910546
X970129	0.007253708043545422	0.01798951380134332	-0.003134902367141574
X970130	-0.012755563025632837	0.01642966900207837	0.005457350393984822
X970131	-0.025764967408518386	0.05108869305116598	-0.02043718428946941
X970134	-0.010800180783249225	-0.0038267939135904873	-0.0011999512249937262
X970135	-0.01031992645215315	0.030180694230660218	0.028908761153479817
X970140	-0.00023537281582568315	-0.010619438014078962	0.01400720114989595
X970141	-0.038505251572702	0.05392263171401505	-0.020818216129548307
X970146	-0.01814162826398743	-0.00028743409513842387	0.00037024396962875963
X970152	-0.023541629979740856	-0.01746325398358676	0.03796780208663239
X970154	0.025850900812060772	0.03596565588629299	-0.022295413721295017
X970156	-0.022364865225500484	-0.0027858643604675394	-0.00018858805237359478
X970157	0.006190500448556102	0.01997848891484152	0.007063074041639742
X970158	-0.018248993912125346	0.002671032179227996	-0.003114606630753161
X970160	-0.017235646920153936	0.007876400034479347	0.011245483043450894
X970161	0.025583446372843096	0.0009221969577385042	-0.009190278521840574
X970165	-0.01349855445282657	0.0026027624263652758	0.007871153813816903
X970166	0.047195910416735994	-0.029925563889039105	-0.0043771007885964105
X970168	0.008489617380399266	0.00843792081127567	-0.00797836903310808
X970177	0.028844435073636213	0.01903730128794508	-0.013961724356407036
X970179	0.031827700011319834	0.05769906417381045	0.02010656203323679
X970180	0.0025216993931204993	-0.003998190242342284	0.0025925404748892737
X970181	-0.00766941016564209	-0.0036384432405121513	0.006093587286348547
X970185	0.008578709967751941	-0.04458949499686918	0.039388070669581665
X970194	-0.006883823298421545	0.010873313826916937	0.016154533523733767
X970197	-0.014218363795739857	0.005528692135402704	0.01863589965227933
X970199	-0.0038569501390313603	-0.004245342481302472	0.009005644939489582
X970206	0.023554593421483222	-0.01832497938753099	-0.017608093421873222
X970207	0.0026812580527288085	-0.015700361148046578	0.03933051309377899
X970209	-0.013331626488495067	-0.00836957259662946	-0.0032883685413116204
X970216	-0.03487584348764082	0.011752141660172582	0.0039935432438444295
X970221	-0.02875828800316477	-0.018700745362768792	-0.0036659149764511445
X970225	0.004425173082044332	0.0009817817349510316	0.0021643199142766523
X970226	0.04217250638400376	-0.023315592176268628	-0.015461440384614503
X970227	0.02583945494649147	0.034541920945930914	-0.005005547291608597
X970228	-0.0052147812810130895	0.01607641952122494	0.006136788242515366
X970232	-0.01219173746949221	-0.021090431291036243	-0.02184292141488187
X970236	0.004934134798969054	0.043888209805755335	-0.045091663233269505
X970237	-0.0028923511731747936	-0.01544231156869333	-0.002566741639401351
X970240	-0.0003028945844407498	-0.02356646251630051	0.13422720166747848
X970250	0.027303280866492835	0.017456628701197484	-0.004450044781883198
X970251	0.007894522051095917	-0.019612153317969745	-0.02699727439625675
X970254	-0.058923457453446085	0.06927300324317598	0.036600953214567016
X970255	0.004699672355837307	0.00915168494515703	-0.0056908401804900074
X970257	-0.02022208318874813	0.059654809449211525	-0.036502072141998805
X970268	-0.02176866144469412	0.008135029519596514	0.016606019449823917
X970269	0.023096870987710717	-0.053004176026613725	0.035941184346565624
X970271	0.04048654207302522	0.029267857808844264	-0.07799169204094597
X970277	0.02570520737952378	-0.019357594021104586	0.00435790222592519
X970283	-0.0066905276394791146	0.009455720533264857	-0.023738339191020967
X970288	-0.004392869680037963	0.0022034684289274505	0.001040852746518454
X970296	-0.06485060457883325	0.0154436087809978	-0.0009272425535164112
X970299	0.02320847702769053	0.00863706385788778	-0.0013322624109438738
X970307	0.007610217060201616	0.018376515319430808	-0.0031138181104189656
X970312	-0.01876871117487989	0.018626658723914842	0.006095932168396526
X970323	0.024339659847319443	0.010368629232072133	-0.014873380532007457
X970325	-0.017017628485166757	0.007198663459883402	0.024191503967408136
X970327	-0.02967513656487202	-0.005589744504251299	0.025385860739779647
X970338	0.02507957628576262	0.013285305239900956	-0.08078074703763925
X970342	-0.05548391345142128	-0.030686477249108723	-0.022265644407095362
X970343	-0.04433208235136426	0.03167624295018393	0.014619023836445765
X970345	0.007933517900097827	0.014904500465539035	0.00012678001058180876
X970346	-0.026627026294499197	0.04680803400021882	0.013252269166171577
X970349	0.007797080265795089	-0.022741501462774878	0.007507097704117884
X970350	0.025159662926635382	-0.020205045588281383	-0.003016068182780769
X970358	0.00911593809448604	-0.01620629802902283	0.014224048843976095
X970359	0.0007832806769993303	0.025937733116017523	-0.018699347996079647
X970361	0.03103788761928231	0.0070858612594192055	0.005697368996023235
X970366	0.06695266281597526	-0.016512192319380958	-0.10524996081594967
X970375	0.0018568834959812024	-0.004041519357889518	-0.014450127848868706
X970380	0.017314591531735472	-0.015672436812888952	0.08496324057051056
X970381	-0.017083703905076866	0.00834873170177778	0.0020137440067120854
X970389	0.023337884206721168	-0.024193699005598042	-0.004897808330164825
X970393	0.03355630913376252	0.009013105600006812	-0.0810941364299115
X970411	-0.011793231396595393	0.055867058134010605	-0.032492547745267206
X970412	0.01747607378195313	-0.008964606876393375	-0.03417654106759738
X970414	-0.007324682733779565	0.03529879165601837	-0.019911466309022265
X970425	0.009301830956155156	0.008928655664269342	-6.545010378184811e-05
X970428	0.07324945524912241	0.022529504162148235	0.025025718441361162
X970432	0.004501582292455861	-0.011000222925100491	0.0017035121231560877
X970454	0.008483638210577907	-0.003171685216823357	0.0012632952696695792
X970472	0.014147921812804424	0.005213791945811995	-0.009669810415203171
X970474	-0.017742597118911296	0.0040546584136627066	0.002246968456795309
X970480	-0.0044072711222716355	-0.011466180097512773	-0.005119804271640994
X970482	-0.012278567596228189	-0.007275412149654758	0.027715253233267574
X970497	0.025362670921252155	-0.037247039138246174	-0.030747298179547838
X970502	-0.020938823257584508	-0.04531434718521603	-0.007873454440440117
X970504	0.0584182419615944	-0.0032482597251823437	-0.03135708498539215
X970509	0.00011414222103864817	0.04842200069958609	-0.03492769481904052
X970512	0.006158014823565681	0.010839697299728984	-0.004279542078250525
X970515	0.02138015765774165	-0.0013163511252465	0.005051109836519552
X970517	-0.0028087208755443217	0.03418660875402048	0.009994441764267618
X970519	0.021435031779074007	0.012153997900094742	-0.003733464207576713
X970522	0.009617360500945641	0.018327952925431358	-0.018131365300399632
X970524	0.005234221202301875	-0.003568280669330365	-0.01021172745084972
X970533	-0.024225752199694542	-0.014496212259399338	-0.0010440763731869997
X970536	-0.01796136871973421	0.006638304214945197	0.016296409193360624
X970538	0.018094700703560836	0.00590389680676616	-0.0047624115899477446
X970543	-0.003307564582130261	0.012429688454643694	-0.006420621909421789
X970544	0.008846884327610261	0.024296126910573014	0.018822040546940585
X970549	0.030177181321222917	-0.07443238044407924	0.02624981863681081
X970563	0.008521329585617531	0.023245917473370282	0.02176366920777892
X970564	-0.004197827121725489	0.014089099201301093	0.0035239772595995014
X970573	0.01916707790425718	0.03411383096011841	-0.04043558629223317
X970577	0.04892309483733032	0.026166992844030856	-0.010769153653894172
X970587	-0.004758742858254396	0.009816436965481174	0.005467881467324829
X970599	-0.002526861647077867	-0.03751476136810665	0.039333322244274466
X970614	0.002460783978771014	0.0021218043936580304	-0.010953716598136366
X970625	-0.003710876752834655	0.0033858501286222007	0.01133383329659869
X970633	-0.008105593627612297	0.04452896253750294	-0.03834501670389418
X970638	0.022014397668876185	-0.030997940480743762	0.036450047819195315
X970649	-0.05480783811372887	0.07067830831818468	-0.02964296701726757
X970659	-0.01103404203705492	0.0024025840607330624	0.02122925948398961
X970663	0.02797432337184294	0.021525217249959108	-0.005107239835033609
X970664	-0.04549980920019518	0.07831150180942802	-0.030662940956097607
X970677	0.00562922208197785	0.0043470167139398105	-0.007406581082787457
X970680	-0.01428663536073565	0.036264151059711563	-0.03627703524362176
X970687	-0.018238702409358144	0.01477258474702628	0.00246141316354527
X970688	0.01747066346330675	-0.014292248002313438	0.03434611554370494
X970692	0.007590572258842428	-0.020337391868187265	0.0315997118633939
X970706	-0.07153760757859742	0.1022601891950285	-0.06572341782733754
X970707	0.00990952420382266	0.026895425496984118	-0.0023706819263589595
X970717	-0.031034014514905756	-0.022908661992173833	0.003333574848098406
X970718	0.0015416829855719914	0.004746998385022124	0.002694845324705966
X970731	0.003090853455632873	0.02181451869114105	-0.014964437620957475
X970732	0.002063664439685252	0.00962229699367097	0.02339712461509497
X970737	0.015490425446522776	0.017520680346977856	-0.003392363873421922
X970745	-0.0053929559608378195	0.02958570534748802	-0.009602293931672229
X970784	0.025037714785956473	0.0290397158127514	-0.013630963734663498
X970791	-0.028126539616021396	-0.007855094472084226	0.010878961823091027
X970813	0.0011590869577114667	-0.012839738303007484	-0.02525985189805919
X970860	0.0028770373441886154	0.016583144318591158	-0.0007181194026448433
X970932	0.03218651841496548	0.0009643001792514666	-0.017933046713653443
X970960	0.018617787208480334	0.00875711954800868	0.020801617041357825

Biplot	0	0

Site constraints	0	0
