Eigvals	3
27.462941553065082	23.780995683164956	11.519108983283463

Proportion explained	3
0.5192736285438	0.3893697696980976	0.09135660175810244

Species	12	3
Propionibacteriaceae	8.892501900364437	-3.1135427267743054	2.582670885097401
Staphylococcus caprae or capitis	7.523001117841028	-2.3916839886289902	-8.968907363227542
Staphylococcus epidermidis	-6.825039809866277	13.134327876279318	0.5238372737090352
Staphylococcus hominis	12.465680204180053	7.413628683736954	4.704462009900841
Other Staphylococci	1.9596279698136703	-6.193875324012556	1.2040277527009047
Polyomavirus HPyV6	-12.419862626639725	-14.192720171252363	3.0872520991628636
Polyomavirus HPyV7	-9.821115491354224	3.212893123491562	-1.6090084621942784
Merkel Cell Polyomavirus	-7.458068259334167	3.0716666268081827	-1.3540723440626543
Malasseziaceae	7.183828024321761	-6.803895138690823	-1.2005219890837127
Corynebacteriaceae	5.456119744916528	0.4165898330897578	1.082283540502884
Micrococcaceae	-4.119497296320859	3.6705272264648587	-1.6314466677025747
Other families	-2.837175477922211	1.7760839794883894	1.579423265196851

Site	1225	3
X940001	0.0025354252997626756	-0.002046050853031012	0.004689233573608938
X940002	0.006949143547139716	-0.0065831159418320425	0.011834419219817819
X940005	-0.008143646911478102	-0.02278046026487299	0.015134708438108905
X940007	0.015127728327338089	0.003431335828378152	0.010400616828850018
X940010	-0.013937302862811378	0.016151175756737357	0.03730113297303394
X940013	-0.0008421217381745381	-0.00811943939414439	0.002659207138792679
X940014	-0.043278927371018225	-0.12014385084274201	0.047654008329681904
X940015	-0.011854661432571604	0.012902321812128293	0.0014149845204195005
X940019	0.030787762392345003	-0.06973347863617793	0.028442376496284612
X940021	0.04839360182709393	0.010615814445424962	-0.003511201936655547
X940022	0.0034996497097205107	0.02366761492406315	0.016047972064517756
X940024	-0.016422350849461313	-0.020311439797135723	-0.014793825756707147
X940025	0.018210607488810503	-0.0007907800682408598	0.018196635015473153
X940026	-0.03364035399873702	-0.01693105134305024	-0.0034437854561364446
X940027	-0.009519903807308196	-0.006881455551837616	0.015031889304651701
X940028	0.008223443361072535	-0.01375152351799919	0.010779399606433631
X940029	-0.005482391067092349	0.0035128711515077216	0.0034096008117894152
X940031	0.005825905460031047	-0.01039137042016593	0.0042546286157444475
X940032	-0.01718639728991932	-0.006076574689148553	-0.011410306646730605
X940034	-0.015222254763977682	-0.008712577965441486	-0.0013476385750308632
X940040	0.03157336787446517	0.008881624216695024	-0.001440748123657636
X940043	0.0038686925727281557	-0.008292686950627742	0.009626142468836326
X940045	0.031930219558328865	0.010907658449013723	0.07982348555692718
X940047	0.06646452197283703	0.043413775801638715	-0.01638403597382796
X940048	0.024283672523375096	-0.000510335584490042	0.00875580085502121
X940049	-0.0070533102425587605	-0.013994507007170571	0.0066727123623811025
X940050	-0.008435343655992357	0.04415818558349169	-0.007067009421630067
X940053	0.012331742916774321	0.005186404677396849	-0.0005948973456790062
X940054	0.06748018717643896	0.030766108973336134	-0.019152001142857922
X940055	-0.010464403460686916	-0.016144540654130724	0.04162767153857526
X940056	-0.03690424947592156	0.02017480434684668	0.01610856558287365
X940058	0.005212696019397815	-0.016996129283309375	0.015888820046450546
X940059	-0.0013049440227417863	-0.017040483591845665	0.0002952556085004021
X940062	-0.009009153390558198	0.03790940004031658	-0.005877872598514797
X940069	-0.0066023706052109115	-0.010528994631457768	-0.01819345513335419
X940071	0.015903799583636996	0.01740817082382103	-0.06181942462899246
X940072	-0.011431459784617862	-0.006400841703680312	-0.01196739832784585
X940073	0.056814408948048574	-0.020554311393788327	0.005305307925900634
X940074	0.005200256359182247	0.006565280783196177	-0.028528866497189338
X940079	0.048251559770435715	-0.018840203430675773	-0.057695494174504675
X940080	0.017358265675564397	0.0012910318304027826	-0.009426994079462729
X940082	-0.009622750767892345	0.035445725741797544	-0.013874032504714397
X940084	0.001896860074974992	0.04133687834647231	-0.003311870265659946
X940086	-0.029776053792674506	-0.027250481743481728	0.02395946973521257
X940089	-0.030755081204631066	0.007676304526659316	0.0026785691437369997
X940091	0.06528010591017767	0.057587242177076975	0.06630438672835669
X940092	-0.028454685227924274	0.024408726672204388	0.01583305975300432
X940093	0.004568904720237096	-0.007374937909091531	0.004793453380808252
X940094	-0.0354588626580651	-0.06266826792015091	0.110750291087069
X940097	0.009186852308415334	0.0036066248294788655	0.0073566841662236855
X940102	0.015286524568740335	0.02762085109687988	-0.005470223532473302
X940104	-0.00830399074593757	-0.0031677524522685436	0.010580357426461153
X940108	-0.0021937936130664777	-0.008602235251179117	0.012059818047239506
X940110	0.028852747811561674	0.008832184898535943	-0.01771139964145752
X940112	0.07509773350491705	-0.02917192818317993	0.04307521039824407
X940115	-0.010252684268277992	0.000592076436204548	0.0191282822017766
X940120	0.002161210386067813	-0.025513509769757414	0.006919825103649932
X940121	0.009001318624560564	0.03190258836646007	-0.01936547316489093
X940126	-0.017243571119622277	-0.007767555866068789	-0.021804532218908226
X940127	0.024127595690849123	0.005094641265783671	0.004838391128210186
X940129	-0.01774340899871063	-0.03997934806814224	0.010511795274600617
X940130	0.04494528762797323	-0.003962535882907775	0.02688304395442298
X940133	0.005979380704484937	-0.016040922468431994	0.002853609121274322
X940136	-0.01523640663788318	-0.009579637620921563	-0.003368153568685412
X940143	0.0037866708975840854	0.006845258567333346	0.006896603122293585
X940145	-0.0028853921436195035	-0.006434801060822966	-0.003777177845478005
X940147	-0.01603583597998513	0.02026779630821342	0.006484279388628378
X940148	-0.007777926549275995	-0.004131488607539613	-0.01469249081572606
X940152	-0.002894921278998921	0.016170041421275642	0.005845698424934337
X940154	-0.013642697440642003	-0.04100212112535596	-0.02098876206532828
X940156	-0.017850117071897095	-0.01094922840375218	-0.04299114617819307
X940158	-0.013204725092945098	-0.0044582924396895296	-0.03739954944816631
X940163	0.003345111665933258	0.010061305533944442	-0.038073240510707804
X940168	0.03618226379626009	0.047055468383726186	-0.017190137969624677
X940174	0.07337316439785409	-0.03388616266131243	0.052903596873793715
X940176	-0.012498708644173075	0.02346079727090552	-0.019853473518216758
X940178	-0.0023573551975064103	0.0029179211584246835	0.0018565186598679267
X940179	0.019328335256864632	-0.0027966996539303397	0.00596964226236807
X940182	0.0019727001035146374	-0.02623130807623003	-0.02295712223704875
X940184	0.03785634052915821	-0.02219762717250077	0.019984607252613574
X940185	-0.012636137059196816	-0.03504096532021176	-0.0327306416609188
X940186	-0.023160137691400257	-0.000729491589799159	-0.023241887387842875
X940189	-0.02029199789160588	0.033605841977187696	0.0007117804112589781
X940193	-0.0002881431563440856	0.00031665237945367454	0.029760008755696205
X940203	-0.0322354296663505	0.06842250480443088	-0.0043927183008526
X940211	-0.0036949281809937093	-0.013060363448274612	-0.002644889577288416
X940213	-0.004685208018021061	0.028434433024541843	-0.030841137100346618
X940214	0.03238768776068942	0.010735150098540414	0.010223923204170043
X940217	-0.01237192453714044	-0.008046498619102223	-0.01735509845947611
X940222	0.00030107330219955483	-0.01273116575625468	0.019316554295394108
X940223	0.03738302546691469	0.008970044263757493	0.00992668851696048
X940227	0.01201474044688675	-0.029089215318405668	-0.022393885831536325
X940230	-0.019011647650410912	0.008785681767092	-0.016046070691424493
X940232	-0.015616855387736975	-0.006416998390809789	0.015682117912587924
X940233	-0.010267556040962765	-0.006880844680114467	-0.01769252230871506
X940237	-0.0035212930640566554	-0.010631826698873892	0.02090262419546717
X940239	0.10771498313934988	0.08198850847482743	0.04960611921120251
X940244	0.019357059220575828	-0.0013889242710174927	-0.009759908325762479
X940248	0.0060339704260438465	-0.018866545854832672	-0.011910455670830265
X940251	-0.010789705284422206	-0.03651053454325359	-0.032817880294018206
X940256	0.00816391922978119	-0.032082072153951396	-0.026764191474415635
X940259	-0.025842011700778003	0.002163638189361634	-0.0022894378604947766
X940261	0.021252679304522022	0.027418563901432998	0.026007729728864705
X940264	-0.05385856042377846	-0.00665899066177481	-0.053293144917043275
X940270	-0.017791895213784558	0.010206384210167598	-0.013091201474615026
X940271	0.018490402585130038	-0.008740624008163533	0.0018535095558412154
X940278	0.002533924534000631	0.014867687660277618	0.013843211024215806
X940281	0.03125441993045955	0.010576668674707574	-0.013117124590062118
X940284	-0.029735902276486304	-0.01928281459989793	-0.025941465874000563
X940286	0.04765644932716957	-0.046334943782743374	0.03332087470012403
X940287	-0.011638466264262707	0.018013409375978236	0.002692477213698277
X940288	-0.00294559756774204	-0.02896172885929303	0.022935229769569652
X940291	-0.000951540226041112	-0.004736601766863913	0.008388228273231544
X940297	-0.016386556350988145	-0.012734390178995152	-0.006173541450176056
X940301	-0.003045895444199196	-0.018466186110771648	-0.007676193648825093
X940302	-0.0013794627602244135	-0.028914797201114652	0.00041288030852429765
X940303	-0.02977210138649801	-0.0013558741357271732	-0.021948002795778663
X940305	0.0003025719540410323	-0.013919246046961408	0.00866678021547557
X940306	0.0408798918954899	0.0004257901595686656	0.00024559203970986836
X940309	-0.006152574067259711	-0.004191698866689357	0.007133449516727022
X940312	0.0012122155575091558	-0.009973501843702347	0.01823357576986866
X940314	0.00015090947518246829	-0.006234118080731251	0.005693956469316495
X940322	0.028901485717037205	-0.014925982276090276	0.055837795009304185
X940324	0.022124653653702527	-0.007772149041612826	0.008153681315263735
X940325	-0.02665698372488516	0.00751996599053271	0.02022638566345616
X940329	0.04749210941856338	-0.009384558266995512	-0.04082958039634808
X940332	0.010939045818949599	0.022969280380340767	-0.005890623046039825
X940335	0.019347227135545236	-0.02224540248443553	0.0010641227967902497
X940338	0.003799732258137092	-0.00842682908920667	-0.0078018374188633674
X940339	-0.01987160338783295	0.009559350950139075	0.024733514818050292
X940347	-0.012885174161884094	-0.007639152966081093	-0.011128518062055535
X940349	0.006356476404236668	-0.006613552315352751	0.002632058911050219
X940351	-0.00566097407438257	-0.0026432066335130575	-0.016232638884468794
X940353	-0.013871384606232781	0.017362575024968102	0.017208653472968058
X940354	-0.004704010886540371	-0.002530060048847925	0.0011701190338437727
X940355	0.0017763226175848015	0.020521909874475677	-0.04933580339809299
X940364	0.024553354604175726	0.02623991840542545	-0.002815971493285219
X940368	-0.018318421146941006	0.023651819289202226	0.007084489932574663
X940374	-0.03185265884510852	0.035178736568627696	-0.003566814846376662
X940375	-0.011831089342753492	-0.019843903649652852	-0.020554198628427837
X940379	0.0010124305572583132	-0.016500228596432256	-0.0044277249050961075
X940383	0.042687524652986086	0.04602116497888124	-0.014632956948951073
X940391	0.0016785018729664565	-0.023194238648878176	-0.03418872575486376
X940404	-0.009775503715770842	0.011960833254382503	-0.0006958437776336285
X940411	0.029412385534295732	0.015610425473783256	0.02875967384514568
X940413	-0.05347299069672426	0.005748440216983706	-0.042065732423366385
X940420	0.010042664096343976	0.017377616061455468	-0.007306676929778631
X940443	0.013568672948373594	0.0359720274700464	-0.006148112020505262
X940444	0.03847289307594277	0.01208865874053424	0.001715437086506117
X940445	0.0007870385320170051	-0.0070054386276635445	-0.009594332187365816
X940450	0.006132021231414165	-0.00197639692064777	-0.025449231415420312
X940451	0.1564032695563713	-0.12044501038270049	0.0776313069349701
X940456	0.0029011049594565535	-0.0069990812278980805	-0.0026588605902433072
X940465	0.005686906417128136	-0.0037075097239684593	0.008913973976795667
X940466	-0.002943255262526886	-0.022416668858917355	-0.023675232793244714
X940474	0.03252714960758123	0.01641699196627303	0.010980244189760605
X940481	-0.03513476642996809	-0.009619340283223367	-0.014495121994328872
X940483	0.007514167170953294	-0.002846626604834682	-0.005923343694426064
X940484	-0.00898742921821493	0.04078048862315756	0.013996515758945205
X940487	0.005365322035996654	-0.023493229201479462	-0.005944287908762673
X940488	0.03622032688720677	-0.01988150527289795	-0.06026012563895362
X940497	0.02438089007824551	0.055681469176805026	-0.015023585176485605
X940498	0.03259966119628646	0.027817825136288134	-0.03546632874488324
X940501	-0.007884710154157572	0.05487548787453638	-0.010195357322695744
X940506	0.01139453762966276	0.058592203438789604	-0.013260172171271341
X940526	0.031760141831657276	0.010455723198744653	0.009079737852255592
X940529	0.04565987264425718	0.007544719560818417	-0.016695522754769404
X940532	0.009994808707258647	-0.007924152477764417	0.0038804240192807176
X940534	-0.025023622563645154	-0.011672283773575204	0.022135426162326447
X940535	0.01673612444950201	-0.0012773993750225345	0.001450424408984509
X940540	-0.01769510946455015	0.009740549566608312	-0.005924109183113977
X940547	-0.0035114871469059928	-0.020206964160046276	-0.022134398198789935
X940550	-0.03884716084014191	0.01848695956535751	-0.008275195576947501
X940551	0.018782446501898246	0.004709894980563535	-0.016141064880402813
X940555	-0.003259793240738302	0.009542857127815062	-0.014711670650501479
X940558	-0.006019873742541456	-0.009651713282891598	-0.010656158137235323
X940560	0.07445211743895103	-0.05514770583393044	0.027700567090338184
X940562	0.040256826372074055	0.025691280027811063	0.0026048349008770183
X940570	-0.030078359218823725	0.008902038434611946	0.0007010311305502394
X940571	-0.04986091061110491	0.013558100726127058	-0.051367655059798144
X940580	-0.009496176662630411	-0.019904192982016698	-0.028769856833987247
X940584	-0.0008345953408164596	0.03383222952522473	-0.015414576933559932
X940589	-0.03940872064041467	0.12137768036455802	0.017653620829941253
X940598	-0.0002337790397364793	-0.003008552216881656	-0.007721674446730338
X940602	0.05595749222451769	0.0051309168942334825	-0.016246952317213917
X940606	-0.0019176830801003464	0.014968169672124824	0.015152319705941556
X940612	0.014413531234063557	0.0754959117891628	-0.001563566004605265
X940623	-0.01019986064041895	-0.0025897363813457584	0.00702934977620386
X940625	-0.04381846803202923	0.04550730258133882	0.011328418600892566
X940641	0.01740817289297916	0.005009693831211723	-0.0018711050860911647
X940642	-0.02272190540158292	0.009991126196831629	0.00782284126278988
X940648	-0.017913111057421962	-0.04386578165464897	0.034357000397548645
X940649	0.005814937282881784	-0.009760521630686091	0.010840052830592875
X940652	-0.008125292571562094	-0.01947490164187759	-0.011589626722887028
X940662	0.0055015832618863884	-0.00567934495666099	0.0074207480210120745
X940665	-0.018135382716966752	0.01984148402397171	-0.01447914075922821
X940674	-0.003403868254984053	-0.010084045307338111	-0.006196934572091037
X940689	0.05639574616795053	-0.028725823820640515	-0.0011368606344816044
X940690	-0.020384922535096564	-0.026054091531625568	-0.020461668821782415
X940692	-0.0160923400078606	0.03063478274840701	-0.010637747664293934
X940696	-0.022316153512249946	-0.007251063934294554	0.022719113326540162
X940700	-0.03179227207179008	-0.0001982939606542935	-0.021659991824481667
X940714	-0.0217600888573302	0.022503762613019212	0.00964665117269615
X940721	0.05697472130977376	-0.04533352584122506	0.05019018904542409
X940727	-0.03939838319305215	0.009056196160328003	-0.025911170679966015
X940748	0.01903954148417624	-0.02664004146550323	0.021083535097357272
X940756	0.0003655910557543451	0.004574235485891033	0.02059902581078542
X940761	-0.018959052380911542	0.019815106556509265	0.02028580070845061
X940763	-0.007009827971371853	-0.02952319593919147	-0.024454560225418812
X940766	-0.012389829226500981	-0.013072932509521145	0.03906678071795674
X940769	0.04905537078368996	0.03632130401203583	-0.00047781229601248697
X940775	-0.02751875110641051	0.005613565039052494	0.016875795594571277
X940778	0.006337034382869843	-0.021852142071150583	-0.005821700967065422
X940786	-0.017464386862631742	-0.010976764092780531	-0.021624993693604766
X940796	0.0009868843435909002	0.018207705240428227	-0.006513048441530871
X940816	-0.0065588104877553986	-0.01347700559962406	-0.03355134790816712
X940819	-0.014124343702716308	0.024256695998545155	-0.011998449428391268
X940820	-0.013182526025185836	-0.007705777290755123	-0.00025266589260757304
X940826	0.0038980949121121457	0.026910981690473297	0.07722472817249926
X940827	0.03325463685200275	-0.03805843454323751	-0.022693174438808868
X940833	-0.013651224641692244	-0.03725422902682231	0.03905613292117142
X940843	-0.008818742721313036	-0.009795430152559657	0.0026177831228649875
X940844	0.02642212458341507	0.012483504589318368	0.014431678740779816
X940845	-0.011050129991871984	-0.04488801518924919	-0.01544346844030218
X940847	-0.020840518523870623	-0.033373918892076804	0.03669457770653937
X940852	-0.008974982433097828	0.019408835051540705	-0.0058262349549887404
X940863	-0.017413001025917692	-0.016046085851579836	-0.007192936449498563
X940871	0.003821470715245318	0.02104634121438841	0.05622624583522667
X940875	-0.023377273431390212	-0.022055489066820127	0.006040267493856386
X940882	-0.008516028961287074	0.03199764943691794	-0.024223144575399747
X940889	-0.011687382568601619	-0.0011538997656418406	-0.010245666886089091
X940892	-0.0275657434997153	-0.04495821765469595	0.00811577288765409
X940895	-0.002661957520526313	0.004693026988908915	0.0163508191046778
X940907	-0.013012772751053711	-0.023071981645156107	0.03176223530397624
X940912	0.02481616222936058	0.001823240145030485	0.00931786354604448
X940917	-0.008677508250555518	0.017383086327659576	0.019398043850889748
X940925	-0.06053207410175338	0.061070756452960506	-0.04178463655693362
X940936	-0.027453324202260765	0.07702293331370252	0.04367463529015891
X940941	-0.024667819142552488	0.02794173304328984	-0.011264136893493546
X940946	-0.0030171099119418497	0.012714709476206893	-0.03228743991981864
X940961	0.007669154513429027	-0.0029190734265661833	0.002250318064253998
X940966	0.0020186471200788684	-0.006172596365097534	-0.0052730880932461656
X940968	0.01577818630998379	-0.027485250542688307	-0.005513845122219678
X940984	0.00028787367969423776	0.0032539497413801885	0.03799785436438741
X941001	-0.03800400735860063	0.018064057795698137	-0.0295867563022687
X941014	0.08905278376378031	-0.07928989982178308	0.017265316813232342
X941019	-0.014660321021096559	-0.010325445853553534	0.018786161911320057
X941024	0.0034739379983184777	-0.011388890791860002	0.019901955388638235
X941028	0.0046812606802477934	0.007299116134316398	-0.013344967538232413
X941037	0.05079326865923024	-0.008212506589177701	-0.014492158929322251
X941043	0.02900064987763728	-0.009143335784266918	-0.030953914370176715
X941046	0.0009516249088190367	-0.022367054684429306	-0.0273182774091012
X941049	0.008511291332090956	0.014560895668485141	0.03210835770681969
X941051	-0.01401849423412783	0.025704632890774928	-0.019624502420728253
X941066	0.009149145447154589	0.016717245306264592	0.01850333535905933
X941074	-0.03206289284817372	-0.007406217411776059	0.016991212306662513
X941079	0.0056549258204651705	-0.004382543992365921	0.0042202422332403
X941080	0.00035181966684770825	-0.024793104794438508	0.06984679347697965
X941091	-0.01362129883444669	-0.017818980981704032	-0.07124624862954552
X941095	0.023611356920689202	0.013942459094855341	0.006337965130788489
X941106	0.01092869491525505	-0.021680846712207043	0.0013356491363970375
X941118	0.014680675111940995	0.007704301474648647	-0.016876987046622088
X941124	-0.0630733983931991	0.006524727452832172	0.017727841620675554
X941134	-0.010009173113536973	-0.004358624986841155	0.002627426423778012
X941144	0.012795242056222513	-0.008491319764749523	-0.01827843053265306
X941153	0.00590738564748542	0.0041809973643315524	-0.0029185589111763895
X941154	-0.0008550129149895927	0.020650046023936195	0.002168775171143366
X941192	0.006759303657305608	0.03851381363098979	0.058988787917479524
X941202	0.002470276993234587	0.012704920125670212	0.01042908760725595
X941204	0.005718324942915665	-0.009536492508644289	-0.02641851460285411
X941208	0.028703203703045563	0.02448247386752664	-0.002341353644662408
X941241	0.0029753132525000173	0.05034660872258196	-0.07668526840898289
X941250	-0.0013407020623234657	-0.015793763422545244	-0.02655464064855177
X941253	-0.015324022064134326	0.015689244591083708	-0.0012340116452606085
X941257	-0.020504790145256982	0.028738943161111932	0.010622929107890302
X941259	0.0038778675836897815	-0.01371349070429676	-0.024625209493942247
X941265	-0.005173172057041012	0.030737909826128666	0.029965167520946044
X941274	0.006014826474601201	0.01171838264466085	0.024071510559320608
X941308	0.01280505857492654	-0.00885567575994109	-0.018296011493435516
X941315	0.030292145454341696	-0.021519653906347556	0.044628773002663415
X941320	-0.003776548057122583	0.0016854882978118212	-0.005433060620937952
X941321	0.016467609271952934	0.0005078656343200092	-0.009505824582599874
X941367	0.006628591933934781	0.04365408244942806	-0.004112829152065541
X941373	0.029346473657464373	-0.0004993421779170677	0.009532850226724615
X941384	0.05079389208050984	-0.014176246093587695	0.0532001491007143
X941385	0.014639363133725344	-0.005273623308559025	0.013769540738309443
X941392	0.15308370993301318	-0.09113172734061718	0.06405661195596808
X941398	0.009468455194505438	0.0026160229983079424	0.050295788530615435
X941404	-0.000102856633885674	-0.0008704101223470893	0.016753707939409876
X941408	-0.009986905441647992	-0.009087773335790444	-0.021370738045400624
X941422	0.004075763762243836	-0.011439666259959864	-0.01379717133099003
X941439	0.007175934317763711	0.006067487404929567	0.004060373755266394
X941445	0.08332588136929854	0.045327837097042335	-0.028685247630469403
X941454	0.010766463172373883	-5.5412112922818425e-05	-0.007994280661538823
X941460	-0.0023112738033280052	0.07012569848228321	0.0002466944015028981
X941462	0.03889266000179594	0.009627035990438964	-0.012759728486653667
X941464	-0.0004358065071626577	0.002037111961355625	-0.0209041653022656
X941503	-0.003647664412268213	0.016955418896543333	-0.012974973598805613
X941519	0.001793272993630114	-0.007634015702850501	0.0061378889276641575
X941530	-0.008001642195906723	0.027811032618373675	0.0009734456364654602
X941547	-0.01014286315276498	-0.014928850421058466	-0.014418856153741604
X941582	0.0861814150995435	-0.0019329970053291359	-0.036755854947208975
X941617	0.005853600163311874	-0.010358837483419174	-0.0014169852674250413
X941623	-0.0044452908056092115	0.06304866089941041	-0.002340969649108977
X941624	-0.004082383977704626	-0.00015822812060260432	-0.019057298532880834
X941639	-0.025294829270125937	0.010276595497428811	-0.009130059661239438
X941680	-0.01364935553327309	-0.03803909512346209	0.02367222212110856
X941684	-0.033424872208363404	0.005002667645793918	0.013785870978136494
X941709	-0.0373502622715112	-0.026666370245175288	-0.017318611298135087
X941714	0.013963845101041778	0.006669910855470158	-0.01622150604894726
X941715	-0.017207041228529733	-0.0152606838000594	0.003827384608597582
X941738	0.016068445492415057	0.0018855927942799573	0.012179553595970968
X941759	0.003422207621975499	0.005989287174258382	0.0019212135452317048
X941772	0.08003180037738937	-0.026318674019535002	0.036246940090747144
X941774	-0.011435830504047477	-0.019246745534530926	-0.0301099396193294
X941807	-0.025982705767843846	-0.04328892505145118	0.00889677136442204
X941813	-0.03749504894746769	0.03028841278190724	-0.010559476133981146
X941817	-0.01623197678204809	-0.03318478381738905	-0.02267625263572856
X941887	0.036219241029015026	-0.011988364367224454	-0.003489847649202217
X941902	0.020694130969987977	-0.01943882356278866	0.019985872476461233
X942011	0.0123919075174066	-0.003628410712416123	0.006215588207785695
X942026	0.04390348781060139	0.026283746176931355	0.0795342783574656
X942039	-0.013490604448002055	-0.008758651714326068	-0.015488713726377982
X942075	-0.01546881493605337	0.01650374471710495	-0.0015444151907688572
X942094	-0.015641290659146316	-0.011489247851317478	-0.010818044474335866
X942128	0.003236586799947595	-0.0038237039887655568	0.00825425847710873
X942191	-0.05456217802490164	0.09722273520751082	0.07423352404946332
X942237	-0.03174666543568963	0.050212623264003234	-0.03397770026771278
X942303	0.003078104882101843	-0.020736936849576452	-0.02903523984063882
X942319	-0.02674382817898915	0.08226463402659105	0.0008727784857648215
X942359	-0.003390468895142578	-0.01990255070690146	0.0009697126587284035
X942398	-0.010619485437967646	-0.006501287953046754	-0.016867701086301447
X942402	0.00012667876755368632	-0.0573306416890229	0.04054474073286663
X942429	0.017082068978042972	-0.020992299899914333	0.021635683551650218
X942467	0.02958281511716897	0.025571720516135276	0.003916184808649462
X942487	-0.027181869537068245	0.03482587375789591	0.0005467360194884362
X942489	-0.012446332769296232	0.04585308286119383	0.0015137141851113884
X942490	0.024983782449822304	0.000980936715424183	-0.027423489898180574
X942504	0.004997281268447936	-0.01617944013900197	-0.027296023296797384
X950002	-0.00515066134681562	0.007511003489934195	-0.009902787437513614
X950003	0.034564490508142615	0.00975138060066521	0.013669921596192026
X950005	0.004078908883002769	-0.008588963606984329	-0.012791698529072151
X950006	0.01117085315241552	0.002529702625034542	0.013954847536690296
X950007	-0.0491233698094189	-0.06664112446066836	0.017513711782964982
X950008	-0.002379939455093313	-0.01865795075662659	0.024431784287616682
X950010	-0.00029125279593104073	-0.01133544452257196	-0.017306499447751394
X950012	-0.052949664930624245	-0.03865995754238603	0.013870329366493296
X950015	-0.0008583944664596366	-0.0062315774021345135	0.01611652167884893
X950016	0.0013412410000736038	-0.013279236000715604	-0.0009414584014786436
X950017	-0.006932302459904855	-0.00704001234092162	-0.0038883709612270497
X950018	-0.005362242514656623	-0.014416610013545652	0.0032104297696099932
X950020	-0.0048927158219486165	-0.0042552461474324255	0.008218318617463112
X950023	-0.056826830914772156	0.09638108801548784	0.053333998303370087
X950027	-0.001535280258059345	-0.006013559173069135	0.008764137002060293
X950028	-0.069833740239655	0.10719871370358075	0.06765725938567432
X950032	0.008016764014699721	0.006487568326408912	0.010239801929414092
X950034	0.007580334679278197	-0.009073416808103515	-0.004079515735646465
X950035	-0.012427577021699037	-0.007961040287198209	-0.009551740494140162
X950036	0.009699532840744159	-0.014519594735007703	0.001963984299585328
X950037	-0.004510586990819305	-0.019296831633374756	-0.002526529142070006
X950040	0.00774918482135131	0.0023626219997149108	0.008957289917372633
X950041	-0.0009033899167276926	-0.009263018696769347	-0.0051216571502256105
X950042	0.016054913938378046	-0.038088641385881895	0.020015014724577066
X950044	0.0069313248342881256	-0.007543079821164376	0.019598351294544986
X950045	-0.0017363727918135881	-0.008207788570348202	-0.0048023345044096374
X950046	-0.015664644661185112	-0.010387294874863196	0.0022489856586607984
X950048	0.024981140647640895	-0.0009543362744556058	0.012911379605386707
X950052	0.07007048566597861	-0.029403602061772723	0.06604545884147
X950053	0.011328868995050288	-0.0027026232016568136	0.020478220021266196
X950054	-0.00942351265552036	-0.013591833557458518	-0.012661743982733556
X950055	0.015610003993929051	0.009488613370493197	0.007319544724745782
X950056	-0.04892040285108886	0.0975915987433201	0.08123673251896568
X950058	0.0740061579382868	-0.03559318677721246	-0.053048200335162096
X950061	0.0012689562610881848	-0.01236056312303189	0.014343561094790631
X950065	0.012740296334088241	0.0051598196878353325	0.006130920307350648
X950069	-0.011261540429044804	-0.011811769250407665	0.0024328734271802563
X950070	0.006690090112542278	-0.0002475153427137445	0.0014732434989742928
X950071	0.003954563678256793	-0.004865855394533188	0.02068981553971804
X950073	-0.03212455656244267	-0.05020359226766592	-0.01818885074465616
X950074	-0.000927325303210338	-0.0018238371163672288	0.0010889160958631131
X950077	-0.0012645212808793094	0.003274590037391534	0.0030786942997448213
X950078	0.0106101469465781	-0.0038004146643303314	0.014814682479688878
X950079	0.003735907204278625	-0.00010772489833859789	0.001804756668351667
X950080	0.016140108516080155	0.00365520614009235	0.0129893586666211
X950083	-0.02795503843335974	1.8901118979277877e-05	-0.01330399691451961
X950085	0.005786850045025465	-0.006446038307953215	0.006998775223826826
X950086	0.011909420635433064	-0.004165142907160917	0.01469247528083897
X950088	0.0161555664805857	0.004128408749992487	0.010874201406862053
X950089	-0.016518137149791074	-0.028470500361511174	-0.020613461462454796
X950091	-0.0023614107958112884	0.023387065174585595	-0.011070727346992893
X950094	0.06110381858905231	-0.02361147672964229	-0.04088157369355365
X950095	0.055428148418362175	0.012673470957497325	-0.007530359473045673
X950096	-0.0007227146329461248	-0.001380797734910157	-0.0014139655243137475
X950099	0.037080171638037146	0.049574713606350296	0.0388102582362206
X950101	0.013815740024304109	-0.010016554517592056	-0.00043858853501015907
X950102	-0.003276409007066986	0.017008570740349484	0.01696467471898096
X950105	-0.01036698826455116	-0.02531706647932603	-0.004883927639737643
X950110	0.018443426397940832	0.001422923797304339	0.01404343026593054
X950112	0.011085554912913777	0.007654985018911801	-0.005788140446321971
X950117	-0.010914688381772009	-0.015278149661361146	-0.009692210696825873
X950119	-0.003298504658109404	-0.0051435842537987065	-0.009909852847736097
X950121	-0.01519614009358682	-0.005413363544693976	0.004819471741152521
X950123	0.049177206889033494	0.003151071931677957	-0.0013734610420234154
X950125	-0.018437761851349002	-0.005396996154365172	-0.0171854145999154
X950126	-0.01885752108747823	-0.017799525684354757	-0.011579282935616487
X950127	0.04366741157609492	-0.0004086413147682572	-0.012508760486463785
X950130	0.007129836748835901	0.025737760845612363	-0.03073231465763001
X950132	0.012459969624847852	-0.009895304497147218	-0.00560724499983581
X950135	0.0118688784147695	-0.009770437050646626	0.008150301449516166
X950136	-0.0032789626456711765	0.07163529690662021	0.023542632151288136
X950137	-0.019984492991539784	-0.00930575996189438	-0.027662311246352596
X950138	-0.005710684345259833	-0.00604514307825378	0.0025892018290190086
X950139	-0.008685065278158134	-0.027662793054071773	0.03193394645355102
X950141	-0.008445516597279342	-0.03137737527140993	0.008806603098462902
X950142	0.0402518738603377	0.01084347603338185	-0.007777698195524237
X950143	-0.017965377463583104	-0.011404456654097414	-0.0006141758068533704
X950145	-0.00944338787803642	0.009945353860862646	0.00464435118717345
X950146	-0.005181960570586556	-0.006463122537494313	-0.004596641091161138
X950147	0.01605220877958188	0.012966580952779012	-0.021300678352491696
X950148	0.052400922750627785	0.0054949324963063755	-0.02187158854048248
X950149	0.005628817483624306	-0.011652992466746866	0.018887581776307394
X950154	0.001777389484188526	-0.005775909642018661	0.0031611379811682587
X950155	-0.015128450686766787	-0.007426916750541219	-0.004530094098989495
X950157	-0.09958116078210391	0.11433785224139287	0.06336806249148212
X950158	-0.0019527927071119682	-0.008102799601239693	0.0013120383584244281
X950162	-0.004738930132951629	-0.007438304326075519	-0.02204882738633281
X950164	0.010305172048425086	-0.00425176588346045	0.011810187697485989
X950167	0.04609251628449717	0.0038541288087781474	0.018498152577060865
X950169	0.0069487584509324045	0.0011752339669571861	0.02133660400845128
X950173	-0.049080341246577994	0.06619924981709797	0.05375906157889982
X950176	0.010008634000983207	-0.005879592419710681	0.00523260503347893
X950179	0.05735175166581334	0.005018621030976778	0.037052385671122935
X950182	0.004459340127840618	0.0026056411832073357	0.0025219491831268035
X950183	-0.015399248583717414	-0.014664095683884024	-0.020064275757197134
X950186	-0.013503196652669141	-0.03169386953536455	-0.006688135324251065
X950187	0.0029898527540206925	-0.005437323479051746	-0.0010363309433536172
X950189	0.03235059493748428	-0.005846207967141615	-0.014000112737931017
X950190	-0.014147903159287293	0.06902410614648544	-0.011709155017375919
X950191	-0.0011274351084431397	-0.004219682208983373	0.006525243548036733
X950192	-0.025739966686440893	0.05824216093622682	0.03608892081899212
X950193	-0.03445606111952067	0.08851811893202746	0.04580431320899935
X950196	-0.02661112451736412	0.0028415944239042726	0.007397875613385144
X950198	0.008508997410802119	4.416055571693044e-05	-0.0003871622234030788
X950200	0.009201971124855948	-0.012204038269160503	0.01789883834314434
X950201	-0.007537503801755891	0.004279208531320024	0.008047924686660643
X950202	-0.008235535052163255	-0.004050726501614365	-0.0028492508452424388
X950209	0.007424133975122636	-0.006626468456492565	0.005567084813269464
X950212	0.04660572790634849	0.0827893285224278	-0.0042405745003760015
X950214	0.0006476050437331547	0.005011213621606301	0.00421433868713841
X950217	0.0009285501206796955	-0.01083376344742329	-0.01790314394972468
X950218	0.0007552626773253792	-0.00789687718952396	-0.002610576320811785
X950219	0.006444677981015465	-0.0024746690797670637	0.014885062525286616
X950220	0.01846583882005295	0.004304608162131524	0.018289002461294352
X950223	0.013758867557423999	0.021467873528131197	0.01125866593642706
X950225	-0.0684967396111433	0.11849902730741273	0.07497132896957118
X950226	-0.006061118917357753	-0.01335214596956816	-0.009870154866336665
X950228	-0.0529955811016357	0.11595201082015635	0.0377418444125452
X950231	-0.0058655040937299055	-0.02190441109470478	0.0060022791264285206
X950233	-0.024148561160504643	0.06614250249079175	0.007856543278316232
X950241	-0.01321643732576209	0.000782311008865639	-0.009248127408832919
X950242	-0.00590288387971868	0.01516038889817657	0.00614425789135906
X950245	0.047222127950168585	-0.0002740980197535846	0.04859194156970366
X950247	0.009802485401449519	0.00033052877563572483	0.013060395008044996
X950248	0.0049657194678033615	-0.004843215047785073	-0.0026925180552029916
X950249	0.028806814827116823	0.012582716299550566	-0.005071009291058577
X950250	0.0005097880907479167	-0.017779630654996277	0.04436156090731597
X950251	-0.00621524828356481	-0.00011242473238690699	0.0024002573073024303
X950252	-0.015651502452802765	-0.0066801033105816756	0.012678810840789452
X950254	-0.04853347619536832	0.04316699584199035	-0.008730649840120607
X950256	0.009619086234822388	-0.011221446171917176	-0.01674237322842745
X950259	0.005012734197813685	0.0016205169630610515	0.0008295413054043346
X950260	0.007029674931071722	0.0033870491841484604	-0.006816717487595482
X950262	-0.023727043229931744	-0.04237300449949088	0.008854744435829436
X950264	-0.01483578230135176	-0.010160802191199783	0.0029166297468499807
X950267	-0.006685321413028596	-0.014720914306082217	-0.00021151756057162134
X950268	-0.002949352449099745	-0.021495151129768627	0.002178652467970234
X950270	-0.005332633943070553	-0.012377812597879047	0.0006501835370467689
X950271	-0.015416926353244329	-0.012479547004533282	-0.004853946225202028
X950274	0.006518129066843615	-0.006861846856657652	0.018202989892560813
X950275	-0.0064525060154734795	0.037602914024744416	0.026261465520265773
X950279	-0.0030318330770113784	0.02815424561638945	0.010733218657584366
X950280	-0.005411341752163296	0.0019242158583345742	0.0019071282980793857
X950281	-0.015830998901806736	-0.0018494476995177533	0.007826503199195964
X950283	-0.007236906570846182	-0.014836275843592324	-0.008793519149365978
X950285	0.008665395326207598	-0.01377762613706894	0.011271861104137443
X950287	-0.018091276219981536	-0.0013780122847534648	-0.01344233887580742
X950288	0.017324771815856524	0.0036212731932006234	0.01505773729679651
X950296	0.014633229508014304	-0.005020955110720778	0.009339722916646212
X950297	0.030131269549539142	0.002278964105802935	0.01704138949648463
X950300	-0.002237241625093268	-0.0203866439913388	0.0051442604386627
X950302	0.02796702193497781	-0.005766955125585084	0.01940021949047273
X950304	0.0061952493970687614	-0.003042039055351003	-0.01642791805302396
X950305	-0.008033993724305398	-0.01814324379824019	-0.010944238292576071
X950306	-0.006223513714297627	-0.020943121691541333	0.001669640649618317
X950313	0.009104743301283807	-0.009650427153783607	-0.002438832619520078
X950314	0.0020934868567336487	0.031759396713318545	0.0014181541829216293
X950316	-0.012746178593892226	0.014670365759228848	0.003021803329249443
X950319	0.002746995470633215	-0.007702825581877887	-0.007988772739904202
X950321	-0.015135566971379457	0.005792764106139995	0.006771750850467064
X950322	0.00929896372045175	-0.01241781608080296	-0.0144156771571216
X950329	0.02824651838000739	0.0077443062342745575	0.022345716691459884
X950330	-0.014761552214753339	-0.008402443541919246	-0.0016418560356198755
X950331	0.001963770110706164	-0.014093576547796423	0.015892219154518383
X950333	-0.019808514348668853	0.003960532008933685	-0.0013627924280346212
X950340	-0.000998070189683317	-0.019727348299341328	-0.012537254800193293
X950343	0.0055723047374255435	0.0013776560513647056	0.008765486014545321
X950345	-0.009899733731512737	0.016820212976396794	0.019422186499948212
X950348	-0.016287986599428785	-0.01057243043961026	-0.024261516392438447
X950353	-0.0023478007528656805	-0.014996157505244108	0.006370842598822557
X950355	-0.0046847380168617584	-0.012139756546890791	0.010938446620471897
X950356	-0.006312468943473813	0.04250992934843886	-0.010119072399740388
X950358	0.010375039474080456	0.05088816813371837	0.0024055353266003803
X950359	-0.005571694961235264	-0.013036355306803691	0.003172185288126082
X950360	-0.010962070913288295	-0.008004794207836872	0.000344911056390053
X950361	-0.005444020586158885	-0.009042286379612288	-0.0006036044884531154
X950375	0.00939108498619023	0.013236288974294212	0.00029846091311732216
X950383	-0.005584683739659532	-0.030952586008679017	0.005727152961921659
X950389	-0.008561965167210576	0.014622431283899078	0.012207957392357055
X950390	-0.01096182336282221	0.0018856645821058162	-0.0009037309441016282
X950391	0.009513807904128686	-0.0059463566599847716	0.0112181346694007
X950392	-0.00511464572130074	-0.012014645336257786	-0.0017403173920089174
X950396	-0.08702038860029318	0.13599151930041092	0.0816102896326603
X950400	-0.012057893791745588	-0.017343620268327187	0.0018752075388411558
X950402	-0.0005726400677282397	-0.017745917554739348	0.019972274938771226
X950406	-0.012000185308073123	0.002331437490429077	-0.1714758487038617
X950409	-0.00048384420885755764	-0.019582538431579147	-0.009153072861242546
X950410	0.01726557148575662	0.02222598911615981	0.0007966113332968105
X950415	0.06914906261474213	0.10566854539773445	0.06448873886767215
X950417	0.0033739243440949864	-0.016439395667578918	-0.0024867444943152393
X950422	-0.004940428393357064	0.011547699009697618	-0.016300171423662545
X950425	0.0019211264097807857	-0.0027854891029344287	-0.01741081338932413
X950428	0.008078613218412375	-0.011608929314877604	-0.037884865032697224
X950430	-0.023327067404671793	-0.00840705525781207	-0.00833536029983376
X950432	0.011776595164588214	-0.003999263436252185	0.017094526851025735
X950434	-0.002736865676088599	0.0036496668377920508	0.00011881428544839645
X950439	0.0036218183438930652	-0.01236639354315645	0.014768623212592006
X950449	0.004441312912478497	0.012886129844555299	-0.005795791451059253
X950466	-0.012617116033243114	-0.0035431076418157882	-0.008872171180758169
X950474	-0.0018054540490043726	0.010451833831497535	-0.01329127480187833
X950477	-0.025664299010396525	0.022217199933486628	-0.013759171366910763
X950478	0.0012779319274139926	0.0005493808101877572	-0.00590511000140837
X950483	0.00022325275055045058	0.005158616836602738	-0.0004677100449234316
X950484	-0.01565621179326423	-0.001565557327944814	-0.002756471236759884
X950485	-0.08355425585651997	0.033723747674813405	0.03217717654134518
X950490	-0.01654592436860702	-0.004919018017501891	-0.0004515911469795988
X950491	-0.0067903433779617885	-0.013739319704384714	-0.00035756302641723144
X950503	-0.007487853224771018	-0.012078755970424628	-0.012018149008419118
X950504	-0.004376391032994643	-0.019078870558543563	-0.0022467630553675627
X950509	0.011391402301102532	-0.0006436044956144087	0.006103222360155826
X950512	-0.015771607112807152	-0.004367148564524032	-0.002063354889156526
X950513	0.0021959048299886996	-0.007702893505741765	-0.007965112037361695
X950516	0.009318407983923116	-0.004604546136664958	0.010027005900590582
X950517	0.009366252100194032	0.016052015712654334	-0.008167909443414115
X950521	-0.021151397143799138	0.008110259849154772	0.016592053619851964
X950525	0.0005053463743443885	-0.010542093059944798	0.009486442256497725
X950528	-0.0058933104184019525	-0.013815962549619278	0.008091364220808993
X950535	0.00171940881278651	0.010247897745800287	0.00897979055182337
X950536	-0.0024996716804506327	-0.01726786382647918	-0.014358965480519865
X950545	-0.01511670138657754	-0.007839790656646336	-0.005035188262766751
X950548	-0.018981896780592793	-0.024732102673096917	0.0092298814330473
X950550	-0.005167617281788786	-0.010446822210961871	-0.01393400373669553
X950554	0.03975443968379817	0.027804360941096475	-0.002696629586272499
X950557	-0.016197483400826003	-0.010729687161880637	-0.0021328497622858057
X950559	-1.610053278453455e-05	-0.0002508388161803201	0.011376984639553521
X950563	-0.001507246846062187	-0.005469723770589735	0.002305082114370388
X950564	-0.016244136456856798	0.0039263163601789206	-0.0007105006751653764
X950570	-0.018735771634697678	-0.005485755716381009	-0.00483624895914171
X950571	0.03918069383684203	0.03636641957268552	0.07173504495324884
X950572	-1.8096429921139122e-05	-0.014508386152104551	0.00536553329837118
X950577	0.005569487275734901	-0.0011335223607895958	-0.00030318675532085056
X950579	-0.02259046499719181	0.029395865291458358	0.010623695759354809
X950584	-0.0580833832463857	0.05431016677019342	-0.030870758295025544
X950592	-0.008261482846555535	-0.005953344072180662	-0.006603972902216712
X950593	0.002068049621664489	-0.004527789788261399	-0.0026986518825369656
X950594	-0.02235033936936287	-0.01853991644828903	-0.020085379347563083
X950598	-0.011783511791760785	-0.008166739780877843	-0.0022975375398335885
X950602	0.0015081412668688627	-0.005453387380253662	-0.010060984800057874
X950606	0.024142207626940655	0.01144483971746259	0.0023385495713311136
X950607	-0.029108933519263476	0.004608134611977118	0.02188556171193246
X950611	-0.0001104882126711284	-0.0222723118715155	0.009570166471587547
X950613	-0.002534907818905676	-0.024912615907776107	-0.008292223522185217
X950618	-0.00019810041749616247	-0.013956753520457808	0.0191569564061049
X950632	0.00018932688311056902	-0.004597886839848169	-0.0064997386062208605
X950633	0.04677902980004047	0.005934538468877304	-0.03609574254533091
X950637	-0.005905274140155034	-0.018553294898376944	0.005841374685214622
X950638	4.653864431456122e-05	-0.021601734419771625	-0.00863845346855945
X950641	-0.0029303686785132396	-0.01917649537260098	-0.015414391571098933
X950642	0.004762037451273005	0.0007682878840192729	-0.0011302564265660087
X950645	-0.01127185720881033	0.0028139320799656503	0.006497239017849512
X950649	0.004714278160581	-0.003362297390027848	0.014294999214752488
X950653	0.0007896658619040037	-0.012820232485222424	-0.025071133943083215
X950655	-0.01610775085917902	-0.010729915180987927	-0.0020038605405378524
X950657	-0.0262631236049105	0.0244268811616188	0.0015908891884998879
X950661	-0.06302378303259051	0.08578095606023182	0.030647310596034847
X950662	0.00501671209360136	0.024954632805152723	-0.020799428557653606
X950665	-0.004628216208441937	0.007763120888485681	0.0014896110774734659
X950668	0.012265076270271132	0.006217487632291012	-0.0015365984692279502
X950675	0.0078116124424176805	0.0027137307844599177	0.006893250260595942
X950677	-0.002994448237142369	-0.001557912027038907	0.005695611461482918
X950680	0.003808237985956896	-0.010293266839997468	0.020115019094094997
X950687	-0.007440715515710857	0.021823150781277435	0.024664687761242948
X950693	-0.016085704336982833	-0.0016700336922146665	0.0026343547363935206
X950695	-0.00604857654909393	-0.005222263038027836	0.002508561892913949
X950696	0.004051839866949225	-0.012386085236087968	0.007219247699034592
X950705	-0.0015958022913776413	0.009649045726709053	0.002127905742840842
X950714	0.05075665409325549	0.025972393172532755	-0.016486399106847616
X950726	-0.05695440369587523	-0.05964071321119301	0.010461807878172018
X950728	0.0026332583857422444	0.03173280715294292	0.0025386587694762337
X950732	-0.005729033017622289	-0.002867578466326521	-0.020935857706997952
X950736	-0.020568444217881537	-0.010506207139155673	0.015977837419867767
X950746	-0.00440780912133368	0.0024773583674797405	0.0060515339379887895
X950747	-0.01642946952149586	-0.010183069769410049	-0.004111959682804161
X950752	-0.010591295132625994	-0.016608918805170996	0.006036357863209634
X950757	0.02738503945506359	0.0034255911900462977	0.010709128720923907
X950758	-0.009456405492046455	-0.004555249666513272	-0.00224763500760692
X950759	-0.00967208218096404	-0.008385263757476159	-0.024462868065659893
X950766	-0.007629337211864735	-0.003513976786281686	-0.0013780806495869106
X950769	0.057387061261165315	-0.006460557818526557	0.05027362796166644
X950782	0.01527314693605703	0.005327716950374147	0.0023615237982256955
X950784	-0.013476523569838774	-0.00744146427322548	-0.004593476239407323
X950789	0.0034299309527114877	-0.008736765476811337	-0.005526360493452768
X950796	-0.025225401163991995	-0.013177204442174833	-0.010399175787154026
X950798	-0.0018622406019121933	-0.027784792249574194	-0.002889938720030803
X950799	-0.01688080092583143	0.0009106514112375243	0.0121779695022297
X950803	-0.01203617470502806	-0.022091696915473122	0.0019613084959513314
X950804	-0.00034511809172128627	-0.018550449893857006	-0.007193784545675866
X950809	-0.00798584894013458	-0.017704526736210396	0.00043899020230419276
X950810	0.008830798614394718	-7.929259065324014e-05	-0.02150988792026606
X950813	-0.023079923788871037	-0.004811236045496518	-0.01898996960563966
X950816	0.013450646867707404	0.022483572048940244	0.026437141479585903
X950827	-0.030187120253503157	0.006602640531090272	0.015382713019322057
X950838	-0.016679063385739226	-0.01165997935459282	-0.007179770955815719
X950841	-0.005179309164332751	-0.015432968292012907	0.004414469123836837
X950845	-0.021421051289727575	-0.00825325978057818	-0.06728793522261131
X950846	0.012092500897266642	-0.0009156303130392435	0.0019796869460976764
X950851	-0.03542439523549612	0.010969208248245555	0.01969940249797292
X950859	-0.0017609111809685789	0.015236536096361069	0.006510403972122942
X950860	-0.017097852446925136	0.04316728267160284	0.03598182438814939
X950869	0.0007436487801597741	0.01254184009869194	0.009267094321491871
X950873	5.1306813295530944e-05	0.0064380205412835085	0.000710309122145117
X950900	-0.013686945903699796	0.04223736166037942	-0.016952957222869994
X950904	0.004835334561201873	-0.00874952938142973	-0.01332072860923825
X950906	0.026497679709303036	0.01315420663567954	0.00746502455482688
X950911	-0.01846673378705783	-0.0175323284912373	-0.017810240472272747
X950914	0.009876204053676885	-0.005810036478890093	0.02218465742826255
X950921	0.04117125079604695	0.008487941521193757	-0.013179269469989851
X950925	-0.018705275641566644	-0.031625522621328436	-0.0017651676405139318
X950926	-0.013491294957842391	0.01984615386376421	0.027302501929740167
X950929	0.015780158679256345	0.0035916479701698194	0.0049035649426901525
X950963	0.011610785577274671	-0.007916540659443225	-0.01460754271438635
X950966	-0.011044865831561754	-0.0012346624622139805	-0.01604874060475274
X950968	-0.024249307734935645	-0.032785886732948466	0.0014249229585948802
X950987	-0.008892329475468308	0.00043845286284229304	0.002636344672301687
X950995	0.0424826704950342	-0.0010069244285936436	-0.004797092243456521
X950996	0.010808911544850782	-0.009028112027886644	0.00017286015277823795
X950999	-0.05113244233709958	0.05301569799088265	0.04417418124181992
X951002	0.009449297455699479	0.005251652934767889	0.018870938042406443
X951018	0.007764778050716585	0.01229235082334613	-0.004452441040868348
X951019	0.0031623458231274364	-0.014973796980877046	-0.03361559843752499
X951027	-0.021379584740597184	-0.007902180268967334	-0.01090218534721613
X951030	-0.008919665837313172	-0.019207888543317383	0.02512946072789832
X951041	-0.006725901551791667	-0.010146338075520633	-0.028892940216406135
X951051	0.021126136739378326	0.006107002316511396	0.01290050365038721
X951054	0.00030729727923900415	-0.005455610372518869	0.007729642361066216
X951055	-0.005719040716931385	-0.005317115448647188	-0.005323775643956746
X951067	-0.0050856386904463355	-0.008110392789723279	0.0019018486126859422
X951071	-0.0032576665642122405	-0.017631496929006125	-0.011570954887124398
X951083	0.019538197636157627	0.005896685242790882	0.003835420525647267
X951085	0.030773163286445568	0.0032666464579688775	0.013651248919366511
X951115	-0.007025010592428887	-0.00623012043458274	0.005741350117503015
X951141	0.011267638011857142	0.02712910741401192	-0.004228328276096989
X951144	0.009243686993367172	0.014199902458761455	0.022076995474010208
X951150	0.017422517849565326	0.004467485111975578	-0.0019280560039734026
X951151	0.019299913203685237	0.0031189342712442153	0.01618404662912158
X951154	-0.0063711057428386215	-0.007183375423065115	-0.015065174279102398
X951156	-0.010448792540475997	-0.016480971606752177	-0.01055690336652938
X951162	0.0007337943032444305	0.014943318446932315	-0.004436649303803915
X951171	-0.016741946515464474	0.0071238802541069715	-0.02791792665520091
X951174	0.02230632984018787	0.010695086635202515	0.00352238428444902
X951242	-0.015937884541865198	-0.008244331776581033	-0.007189406541224003
X951273	-0.010715824033043981	0.00019372429807593364	-0.012362244498805162
X951284	-0.007780007448949839	-0.009781672488697893	-0.0031404053456451425
X951317	-0.021663783813235485	-0.014423136753970181	-0.01843495587963606
X951318	-0.023349049260642147	-0.0006767660949888481	-0.004372378509557546
X951322	-0.004138344984603014	-0.012791649034325647	0.02627079966739217
X951337	-0.010953148901178595	0.004341801004746808	0.010116289981863119
X951365	0.012405176581066957	-0.02986639287866596	0.014091065929403656
X951409	0.0013128607039468274	0.05304413668708442	0.02480405376209335
X951429	-0.001393596440235233	-0.01508301378805179	0.012519321248675533
X951457	-0.025107453793555144	0.022685102760681822	0.005658760349261411
X960001	0.03767084535647987	-0.009879558119239476	0.015748645930330048
X960003	-0.005685069068792426	0.0038811889349925485	-0.02328730299275849
X960004	0.0055322470858365745	0.014315807158887911	0.018750037402482822
X960005	-0.005465991304904784	0.002144205651854204	-0.019510007167502157
X960009	0.00963855649111832	-0.001558166870767834	-0.04211518374580466
X960012	-0.013028573030241299	-0.0029147699822283423	-0.0002909800340480979
X960016	0.03605054668628226	-0.031063928959244654	0.03365499151675837
X960018	-0.028011644170948407	-0.022779442490694416	-0.005205071451237066
X960019	0.046258007447466	-0.023387878476902803	0.0434315645406368
X960020	0.004693765858769586	0.017711990151822215	-0.019346222703448133
X960021	0.006558212596503865	-0.017061703690998638	-0.023926904070405305
X960022	-0.0035507706746381613	-0.006756631334899966	-0.012789487756213967
X960023	-0.016733065856110837	-0.030291872024498324	0.04115689173157244
X960025	-0.0020134362760418313	0.0076551404464370015	0.007209800187507256
X960026	-0.010606393420833232	-0.016271480369007687	0.028102158657347557
X960027	-0.017689375530597795	-0.008207213055243833	0.013561434100690321
X960028	0.008147909365082777	-0.023295201410744124	0.04152674064652128
X960029	-0.01436727373969522	-0.0037217468979945318	-0.0028551316912255407
X960030	0.015937000623274303	-0.006134117843967742	-0.030739011597181117
X960033	0.05266419131054808	-5.4004504506927296e-05	0.015339508707214998
X960035	-0.04497157046304029	0.09187265026986574	0.023756139540562243
X960037	-0.042818621057300485	-0.014876971277526234	0.006689238632653446
X960039	0.000655698379943598	-0.00440698671473519	-0.01812052805323226
X960040	-0.015825807940977585	0.03281655555407575	-0.012792574975225186
X960044	0.016335854890181172	0.010742194345281895	0.009620911690578587
X960046	-0.04316091939369773	-0.0336225363011723	0.0844362746742418
X960048	-0.025373076548390026	0.0199895054325552	-0.05473673947009599
X960049	0.03020412821992488	0.03246681371376733	-0.00012371320966395307
X960050	0.010458490015343795	0.0031814164857003045	-0.01298596735641022
X960051	-0.0021499215453048373	-0.02236722132082153	-0.015154153289674739
X960055	0.02261951637712187	0.004215338762374094	0.008330450862840517
X960058	0.00014861456703775015	-0.0044129103698760915	0.007731126981911332
X960059	0.035591390543752585	0.00856246113701569	0.017574800340928984
X960061	0.059331344054555014	0.014059504207276908	0.0011004600101036828
X960064	-0.0059275812356769	-0.015553172205546067	0.0008080169723116281
X960069	-0.013422195056860816	-0.022538926136950882	-0.0177103738653626
X960070	-0.002022765577614041	0.002496053185076229	-0.003946669067809084
X960071	0.015993715679265188	-8.871720073182626e-05	0.004058170025485293
X960072	0.01922619843408777	0.008496445968745958	-0.02162780833765893
X960073	-0.01787024217713108	-0.018545707292017724	0.004999980857263489
X960074	0.04659435287835046	0.0037253078571030888	0.022951571503822838
X960083	-0.003315641672428862	-0.0055246187184714675	-0.006486965172248533
X960086	0.020483719509886804	0.0035987856231037	0.07873273457929911
X960090	0.008261221153709522	0.005863746599516988	-0.020006664271434032
X960091	-0.03231432860286638	-0.005441118178956335	-0.012411296208406327
X960092	0.03943707677081655	0.006200647303162486	0.0056313164483027455
X960093	-0.013035923728030642	0.003110450118268706	-0.018877054446634
X960096	0.025545064451021893	0.027875182626949685	0.011702697996903103
X960097	0.0004976454629229303	-0.004260227262061536	-0.003556499641309919
X960098	-0.0014090849793809467	-0.0065397265415561324	0.0005660067710988033
X960099	-0.011742904277516305	-0.0046606953414088	-0.01882299751557024
X960102	0.015767947996154465	0.013034800308353144	-0.024687475015219625
X960104	0.015406757621848701	0.00425658942660282	-0.01894225320839496
X960106	-0.00284830201300154	-0.012267671056647004	0.0087168743617169
X960108	-0.004015350754900449	0.0029431915459005695	-0.024971832166477255
X960112	-0.0035444514576855107	-0.03752269662751228	0.03265213401037424
X960113	0.0236930090634106	0.014063108876736192	0.00224115476236697
X960114	-0.009707549246337628	-0.005941080639715332	0.01732303948966952
X960115	0.006540108436618182	-0.0038548609751351244	0.012172777632600797
X960118	-0.033311120186653206	-0.06809040382313819	0.007361168062651631
X960120	0.003854128507942761	-0.0067087004365470725	-0.009430253081761424
X960122	0.026342985214835846	-0.008443892978359463	-0.02171641284792662
X960125	0.028360822037936367	0.0152857832724411	0.01624132377827191
X960126	-0.03857165076512963	0.00339347027186431	-0.033239137848315954
X960129	0.0012060469238072485	0.03957189377166904	0.0005344448598140705
X960130	-0.019921976905820638	-0.004180079731944089	-0.025704462825027176
X960131	0.026693511997810965	0.014329529488364004	0.0040492872136983025
X960136	0.025465883847326766	0.01059473778237948	-0.009050735832792185
X960137	-0.014047377279129672	-0.008773011510589958	-0.020848690971625384
X960140	0.019900208716278962	0.0022224981946067047	-0.001649878821029804
X960146	0.11820750149199359	0.027064847451562624	-0.0751943785334986
X960148	-0.011738580825708689	-0.010762460928669148	0.023077797448561643
X960149	0.00059106800654345	-0.006408775901740267	-0.009340596576200115
X960152	-0.027256724951015655	0.005319940375822706	-0.003456407872245746
X960153	0.03721224407518792	0.047309311014020174	-0.02001215184597531
X960154	-0.009383960187001045	0.05240279437778035	0.00036924539524637494
X960158	0.046609109528733976	-0.04522611324401228	-0.0325102177671162
X960160	-0.010555391388402864	0.02502080932365298	-0.00626210546938544
X960162	-0.01088627371701583	-0.0052015974292098175	-0.014266331287737953
X960164	0.005979962061889974	0.011040335233362852	-0.006367400565894378
X960165	-0.013097866312144235	-0.025294397167358124	0.029034136300594
X960169	-0.007292618477336025	-0.005288975213602694	-0.012164028173586626
X960171	0.0010921083476007805	0.0066990486320129775	-0.0007021149664323559
X960174	-0.023688426650427655	0.016463900288006542	-0.0317111702116675
X960175	-0.008787618145842415	-0.0059690784844008546	-0.004545083937715581
X960176	-0.010983842062525492	0.011031424912033351	0.020922293796886655
X960177	-0.018714345679827278	-0.050120621692076796	0.03908079236754232
X960178	-0.020932166592229216	-0.0044815116987321005	-0.005132646214931483
X960179	-0.0074567312661179145	0.003245234584339761	-0.004697150915962114
X960180	-0.02887743131471051	-0.01008959426457147	-0.04519100713809824
X960181	0.003954362999102593	-0.011394661382629059	-0.015227951975510873
X960183	-0.028822174668559453	-0.016923369160009468	0.01888276017461232
X960184	0.0009490231768075366	-0.016342806523335706	-0.0261907892728835
X960187	0.028490729010530732	0.0028050168198838236	-0.014511874715505316
X960189	-0.023905298473662583	-0.025830808594017075	-0.107521045040803
X960193	0.08716873727082922	0.08116374608930894	0.037049141036805414
X960194	0.0282290613812373	0.0004828426679964577	0.06747870114186122
X960197	-0.0007556619078533949	0.011463064723425488	0.0025485673658866993
X960199	-0.004433625108956209	-0.0026193034141306407	-0.0028995372004018576
X960203	0.010186704481978575	0.012743241715639989	0.006573302029043553
X960206	0.07357674699085646	-0.039281544188583546	0.07007557056445539
X960208	-0.033503396877709465	-0.05296813770313701	-0.12402165566047665
X960212	-0.002503657390539228	0.00869307733790957	-0.004092862745945229
X960214	0.01608528603827104	0.011846055493952422	-0.05212710954169248
X960216	0.014862023452608482	0.00795959940294604	0.005540948298908402
X960219	-0.02104762513170499	-0.041057367249137264	0.028471108673297853
X960220	-0.0008371811642419959	-0.024102631742734117	0.032610412124096065
X960221	0.012517351945750252	0.01137763303570742	0.024952628583393324
X960222	0.06298673590234152	-0.006636759554559215	0.047336144111132926
X960224	-0.00111423961936502	-0.012648510254681415	-0.010977982224094402
X960226	0.10213781590814226	0.04151723987867261	-0.09380835762865537
X960229	0.003553810102398687	-0.012651384585136184	-0.012216684639215583
X960231	0.035567425213997965	0.02292593872232933	0.005546756320345154
X960235	-0.026496523847532958	0.012168642405010638	-0.027186787398140063
X960238	-0.0068405030758945645	0.02060701726795892	0.029523071496838783
X960239	0.06761201931703575	0.01590568838248395	0.017985944246538987
X960241	-0.001552797010838484	-0.01141636106245559	-0.024276923469024204
X960242	-0.08106624621880267	0.1278924360244274	0.07264655744347262
X960244	0.012566215686995914	-0.0007358830934701503	0.010883419242820564
X960245	0.006794463742604756	0.03853281692131661	0.0017866245647707006
X960249	-0.0061969578332374525	-0.015070601109418125	-0.03407283606658498
X960250	-0.008465743198369048	0.004400078792227063	-0.015868825300776504
X960252	-0.007606202493636821	-0.0035621152581541255	0.02269065867350775
X960254	0.012623344450637087	0.008767781396773923	0.00929396596982319
X960255	-0.006279281831579266	-0.005210337141976156	-0.01674751300351677
X960263	0.013467190104785202	0.004057113244337221	8.869065767996555e-05
X960264	0.01113685220601357	-0.006714729238833791	0.0015057619660259697
X960266	-0.005104430336220861	-0.003127567607595116	0.01714368285701092
X960267	0.0033779186372654476	-0.00488351359888856	0.010769414822317951
X960268	-0.01499582868507591	0.03758779867933249	-0.01971503070524123
X960274	0.0113795894429127	0.002205885673859736	-0.023350949147750544
X960276	-0.0013235955875839265	-0.007537512298258651	-0.02088283826386643
X960277	0.016540213594025726	-0.033849205679919225	0.024556178967386398
X960279	-0.004689199560495743	-0.002414989169898047	-0.021100943194243257
X960288	0.0037137802256928276	0.002051786565936807	0.006946613069774653
X960290	0.003554910567817657	-0.004150785155563949	0.0033651345508199254
X960297	-0.0085377357943579	-0.006227758123427527	-0.01075062733539722
X960302	-0.03147578213283143	-0.04168205196954958	0.0009188812763694363
X960303	-0.005118893426243514	0.006259152148552626	-0.007160088533235155
X960304	-0.051413817136307396	-0.011340335279855677	0.013712583523945708
X960306	-0.041421246171547015	0.040574139519049965	-0.02497422734058289
X960309	0.018885901416063264	0.049478726706331994	-0.01675155972507322
X960312	-0.0029836867173892055	0.023628933585813534	0.0001849837605685188
X960315	0.003957516420270382	0.006850891554725239	-0.01816798692704751
X960318	0.03889107620663485	0.016919957382171155	0.040728013407287524
X960319	0.00979401034228173	-0.0075799956268827766	-0.05232302843099036
X960322	-0.013098957751657463	-0.011262788397632728	0.012316764066277163
X960327	0.0002164830621851506	-0.007189529689860185	0.024994307911539535
X960331	0.014491497727340485	0.010285043659054182	0.0018029771144568382
X960336	0.020731175190642843	-0.005341104638349484	0.03200728638206315
X960338	-0.04349370569087913	-0.0571806685327238	0.012774233478657783
X960339	-0.005006309397129119	0.01202531988689347	0.006992942232663182
X960341	-0.026869244846075703	-0.004516730497691271	-0.04044699850159455
X960342	-0.006355696111308978	0.022294632860122288	0.005998775849554427
X960344	-0.01130763918057189	0.02189466201051549	0.036577733147810744
X960347	-0.004981042522619163	-0.0054253844661646166	-0.007951449444208777
X960348	-0.007793661481654765	-0.008830301070339937	-0.013781270053359364
X960350	0.004120595061427193	-0.011799084485561922	-0.010130663765971193
X960351	0.0007829342162912578	-0.017017436006185337	-0.00858969557585521
X960352	-0.015330024191600525	0.03509594097338648	-0.00022781310709230372
X960353	0.03132834290092648	-0.0013883551376988002	0.007309895464516211
X960354	-0.05829289767526045	-0.0628423963650424	0.0020837285102273616
X960357	-0.030645699215506188	-0.04179700313928941	0.031090141880689287
X960360	-0.06445588688229054	0.011997859414899233	0.0700469045439603
X960362	0.0072726029689859865	0.0008736483402845675	-0.027505510482729846
X960363	0.024527587274552953	-0.010636888002521749	0.03137135184406424
X960365	-0.010508184495565264	-0.007684795293294344	0.009010806144241476
X960368	0.003311327423060843	-0.004801915066526268	-0.0023757010689898247
X960372	0.006630019615475718	-0.024348650683381476	0.01906054742358994
X960373	0.012035187468562632	0.0047114305658202005	-0.01290708212766373
X960374	-0.0383802891550286	0.015943728088629008	0.03868976517453054
X960376	-0.055985446670271784	0.005973066817645672	0.016661689258143098
X960377	0.021295923193462154	0.009625617144722343	0.022434291983658032
X960379	0.004560196601052197	0.0012614609196417003	-0.010322359103566303
X960381	0.030136939971551386	-0.007262911439291083	-0.0015361512232992714
X960383	0.013244845392575765	-0.027689948440891732	0.010581153216656819
X960385	0.05464996095028105	0.014085147415549046	-0.03026977389723828
X960386	0.009137780090422746	0.009815416198452696	0.030533651153433167
X960387	0.01096668157736226	0.02782242741274361	0.0209030619848285
X960390	-0.011926928357248881	-0.011430521824904038	0.013115776796908247
X960394	-0.033107202924206415	-0.011926016780003565	0.0002705586855335172
X960398	0.02057731607351589	-0.02140550312260411	-0.01810453081009136
X960401	0.0020209448348541027	0.0009863481350344916	-0.03405845891361441
X960403	0.004259908162428516	-0.011227539920518895	0.01085517655817859
X960404	-0.017533974117694005	0.004642716832557375	-0.017387265563807427
X960408	-0.06779777907912066	-0.09535259458983897	0.007186857554112502
X960410	0.03955112602348963	0.03221397209573677	-0.019702656499542667
X960411	-0.033259982622202054	-0.021334429338238297	0.0017368555165529257
X960412	0.008943059699244726	-0.02280183516337947	-0.006158669876662866
X960414	-0.010492678508233847	0.03089160482447039	-0.006992266964711526
X960419	0.01253191833968078	-0.0034682840880960685	-0.0027568072261390042
X960421	-0.05807989767390758	0.02958603698287251	0.02127402671881184
X960423	-0.008712999866803135	-0.011678308251638776	-0.038002335488810664
X960425	-0.0035889212062242314	-0.012223956093520762	0.019439090845190212
X960426	-0.0029755539512040866	-0.006714085645122489	-0.010558933250276226
X960427	-0.01216861459601233	0.026186976388923883	0.006950069437036243
X960428	-0.0044481017880657935	0.0007597534398031733	-0.02918320127785069
X960430	0.00068432040648859	0.002574153482865099	-0.010926049010744366
X960431	0.0010959132761697108	0.004577109106773868	-0.0023077721628140405
X960434	0.0005246976157901959	0.009961332846345742	-0.03898782056245834
X960435	-0.03669871957440071	0.02599281516311645	0.029260539042511604
X960439	-0.010049805870808025	-0.0014007257607157634	-0.026954133829181243
X960443	0.006131390932477188	-0.03786129423202067	0.05385876904101185
X960445	-0.0030264707840602224	-0.007841620532441543	-0.012637795985280309
X960446	-0.007816237765813687	-0.002353078679465912	-0.008823941996558175
X960447	0.023309347946658572	0.03205383236771879	-0.00478220674421113
X960452	-0.012772070023872678	0.006372259339627509	-5.346636895557358e-05
X960463	-0.040472643914425635	0.09156338878434771	0.07513138877266028
X960465	-0.09282373553571314	0.016642971735140136	-0.046849945991631635
X960478	-0.004528463244929613	-0.002627242805562588	0.013594508709188666
X960480	-0.006326974130557304	-0.03134121648125787	-0.01295412106004431
X960481	-0.04393626485230747	-0.09595375275652061	0.004199601533106901
X960483	0.008371164779620629	-0.01798463516409912	-0.04917725542126251
X960485	-0.0708189423411574	-0.08964157961983144	-0.13406539790740027
X960490	-0.022494739383349338	-0.005084811792531374	0.012222650052059695
X960493	0.03380677136169138	0.017535885673375957	0.019165031110115097
X960494	-0.004822378331260561	0.04999446026620556	-0.06732663860049512
X960496	-0.006694609105686801	-0.007618076507241194	-0.017608581870162517
X960501	-0.0038752590009266804	0.0006123492287651453	0.024838431233754444
X960513	-0.018636174431832818	0.004926708085971644	-0.0031593249184858107
X960516	0.012545302571764956	0.017635596126962406	0.002485053575369784
X960529	0.00041262609509108884	-0.010566316630538544	-0.022731116921261483
X960538	-0.024892526720000425	-0.03184218370745861	-0.011574575468855885
X960542	-0.10381283290604276	-0.07826841672718136	0.020340814694130935
X960544	0.07379213493250965	-0.05311698064357833	0.041107510410476125
X960550	-0.015727050417186188	0.02096008554805567	-0.011184664937958754
X960551	-0.009329183791426032	-0.0004094294599596812	-0.01746051545609217
X960553	-0.007635669924442916	-0.013111121811007036	-0.02813815758038725
X960557	0.06576046029296327	0.009405791911611715	0.025079031951475487
X960575	0.010160149062920513	0.048228985181092886	0.11045406063451024
X960577	-0.008936376379233455	-0.012392712768835636	-0.0021752604821018606
X960589	0.01926527297151336	-0.021654646855806703	0.024247602335869867
X960591	0.06738228161943094	-0.03127099459571252	0.042991823221915845
X960592	0.05543998836667836	0.017385774394727466	0.04563959755729462
X960596	0.06075568059344641	0.006014785681682338	-0.002926193718448333
X960611	0.00458021165880908	-0.01646861980148838	-0.014198107496215232
X960612	-0.04198100681370721	0.011508948446511213	0.02271117788257804
X960616	-0.004254847155917093	-0.0015990188760800525	-0.017943466219707164
X960632	-0.0018200898350067317	-0.0020142325774894503	-0.020030955144972842
X960635	0.0004955556825974598	-0.0010402234518769615	-0.003274572817847136
X960636	-0.0025318428757477533	-0.002653254755224167	-0.0011914413634955977
X960639	0.019113612448245155	-0.006123161456478392	0.020280081243096933
X960643	-0.005645887771395642	-0.005597025026181042	-0.006178273876683163
X960651	-0.027841353029672188	-0.03888505028317433	0.0179989987442867
X960658	-0.028446490357472504	-0.05305810739498905	0.04062319903603066
X960659	0.013983817092834088	0.05306569489060659	0.010594889116380821
X960666	-0.004072523520468155	-0.00824200028304486	-0.05025352785581285
X960667	-0.002169694127879483	-0.007334314061533922	-0.007077930836345157
X960672	-0.005365392026788293	0.024177097984676262	-0.004831916563424866
X960673	0.016919122488956398	-0.02733525529645677	0.04668366746821016
X960683	0.01627683690573841	0.04012397060825507	-0.03887476359419622
X960684	0.011533109342209075	0.00025019777696923755	-0.01394827786096051
X960692	0.02960843851135674	-0.0322267838292219	0.022179497023901932
X960693	0.013362927119673424	0.011815619193082437	0.000747728547382591
X960712	-0.007534860520025077	0.08215253556126703	-0.11103618325542537
X960719	-0.0020265363061962843	-0.0035191420801592337	-0.03749864910353981
X960720	0.08927631828090597	0.08475341212458305	0.06310570970901588
X960726	-0.08754470675049121	0.053754424047771567	-0.01114365530903538
X960743	0.03944801650697602	0.02770613001423799	0.11016851766966076
X960748	-0.009796068586587775	0.0012845030383393731	-0.031420601505979674
X960751	0.018107201787060774	-0.0006503835714748945	-0.05842427036422227
X960760	0.03221817957254828	-0.00649078597059504	0.012999911662029802
X960764	0.032671762662411445	0.056022515724959226	-0.07335880920033744
X960788	0.02690872682505322	0.011929479410319898	0.03920004905693487
X960792	-0.0015951221058608047	-0.013460828316920715	0.07092111231257843
X960793	0.17834651922572128	-0.092476052266901	0.052613388720383694
X960795	0.0013961253319514733	-0.004812234419206566	-0.033827323062097
X960796	-0.035793863034322415	-0.03995071935101191	-0.0019239889610155932
X960803	0.006688275445537124	-0.003667107626409993	0.007339391216831486
X960807	0.027190811613148978	0.03359763537011941	0.013842606078000636
X960837	9.213337109708293e-05	0.008857891775814728	0.010158962692274214
X960841	-0.005653852084065822	-0.017243179227554164	0.08358022052394187
X960843	-0.017285511476126413	-0.009390244133642636	-0.023363576449646668
X960848	0.055541265285269766	0.06988232234863634	-0.0998136570833635
X960850	0.008209943080657289	0.011903536595130918	0.08067242135677725
X960851	-0.03854841831692934	0.02473511727833886	-0.0341054967967206
X960857	0.023405594310644904	-0.00015505626474874622	-0.016108992051807915
X960865	-0.00458113803650416	-0.051122469254497545	0.037188235800710054
X960870	-0.021730114803444465	-0.013372827378879883	-0.011557133834606369
X960875	0.020952805228466726	-0.025144478434984505	0.03175669367881512
X960883	-0.024242435440184593	-0.02516501514945486	-0.0023512054861245706
X960884	0.023317408390557987	0.0020299867807980266	-0.0026990928448682944
X960892	0.005973345351548832	0.024593006544204977	-0.016810847771741643
X960894	-0.014211799885154032	-0.021632557242155268	-0.015164944403462641
X960910	0.012971931464913343	-0.011585805056740244	-0.0330812487004897
X960911	-0.004295505194662028	-0.02318514271225623	-0.025175585260915418
X960920	0.014370205638207378	0.041473324456600055	-0.004935243461327699
X960934	-0.06606751146021268	0.07095046122357714	-0.06140291923610082
X960939	-0.0077727084140812586	-0.005333058661864417	0.002879416903182969
X960943	0.036905633481565184	0.012250711811059228	0.01731636459849648
X960944	0.12889400221013053	-0.008803314196484517	0.06428915836003853
X960969	-0.013017763156833858	0.03179546587546337	0.009773139159677924
X960972	-0.0183570433747193	-0.028897377891469803	0.016543588703890322
X960974	-0.0007799498748616221	-0.0032426010914960056	-0.0014301564803965558
X960981	-0.016118826347927696	0.03206694384957377	-0.006851207912595822
X960991	0.022989450127241455	0.006373966487995875	-0.06427415778272304
X960998	-0.016106715203773173	-0.010427519115104412	0.006711327170178149
X961012	0.010459610302581138	-0.009455744346151103	0.03583668776822647
X961035	-0.023336093687612816	-0.040696867981778725	0.08600099114242021
X961077	0.008621481337197612	0.0130782195603557	-0.024151366921834106
X961092	-0.04508915390703615	0.006341609776623091	0.034232220391930086
X961096	-0.034498107412030056	0.017548401964391305	-0.034715547927608816
X961105	-0.008436157521033905	-0.003039947876917578	-0.010496904738353791
X961124	0.021126859731175274	-0.011345364435390862	-0.003305917076769501
X961128	-0.004128499527302767	0.006642636026334369	0.021882188666706347
X961151	-0.010647451367357733	-0.005687543263279825	-0.12464670789609114
X961177	-0.021640404097186795	0.05056459236560015	0.032256328903364405
X961180	-0.043424082039058995	0.021890937123393732	0.042933758038956694
X961193	0.031006992892330283	-0.03649393605152311	0.04338701065656834
X961214	0.002587713176507066	-0.016871604709528792	-0.03221857104197225
X961221	0.008805182136832622	0.002473165433060597	-0.012995332427866902
X961226	-0.03725087692371041	-0.07019128292590199	0.027444540794309608
X961240	0.02433976627507065	0.0002103530679624214	0.03590472788050032
X961242	-0.025926148304533846	-0.02963112902972752	0.010532768751566824
X961243	0.15456651695164167	0.16696626574127602	-0.26425389104099195
X961246	-0.021173890527741282	-0.010970496153946846	-0.002599199480482136
X961263	-0.013159064084759699	-0.011564439775247772	0.0050991427769893774
X961282	0.011789136697425663	0.009660627516895398	0.011472216903416791
X961321	-0.0016316038189256596	-0.020077615215195577	-0.0011790660296095187
X961325	0.05823185752534116	0.037782012756537135	-0.1584024051801698
X961339	-0.0044823483486585314	-0.034781689917414385	0.03423217205545015
X961365	0.006265492953106049	0.015836061361898253	-0.03370772915669487
X961417	-0.01972249826153996	-0.005646176081659007	-0.017199024057255104
X961423	0.02142913959743136	-0.0011417309157228921	-0.017829278164361615
X961434	-0.02508387811713825	0.015819718877314003	0.005461889381085064
X961485	0.04779319415966408	-0.014755985096755493	0.004885785534863202
X961553	-0.01584658314728453	0.10333035902659946	0.00020901195496427757
X961577	0.011674283783734949	-0.00041345920932199607	0.01078859885679099
X961634	-0.017231877964428443	-0.017543019123839588	-0.0190384740298179
X961684	0.001845405565024019	0.005823185912224375	-0.01234791692914011
X961686	-0.04052096984843315	0.11200018719642021	0.015089595895916878
X961738	-0.011452968057921526	-0.0446992475479108	-0.024945386738099384
X961809	-0.007941118252850475	-0.03471986224742291	-0.008776470639741034
X970002	-0.017793381373075057	-0.012038625096954856	0.011070582752106234
X970003	0.005964139264363082	-0.012687399034360098	-0.012244300925210639
X970007	0.009432137152349895	0.0017890055660890291	0.0235535833887964
X970008	-0.005122689010834304	-0.003929378929301123	-0.004620643051089424
X970010	-0.006610877051709596	-0.01435465851702785	-0.01343391755022999
X970011	0.023402372912240454	0.00999522817505491	0.030984820993082876
X970013	-0.015721478091725916	-0.010507892069839882	-0.015674035083696594
X970015	0.01002913636322188	0.052777626256945084	0.028715925967887013
X970016	-0.0015325367848958592	0.013735172369233283	-0.0065003101146781615
X970017	0.054818075670359165	0.01787685423013588	-0.03885409987675692
X970018	-0.05167392330517341	0.0594910976380761	-0.013516155558564754
X970022	-0.013764245628356906	0.015020964411105118	0.005928436924833209
X970024	-0.006041029866787281	-0.0026936404633233096	-0.009021673077382678
X970026	0.008626734507837332	0.007031504991122885	0.0028580154337582223
X970027	-0.005198588588802261	-0.01017623539746237	0.00977674115923877
X970029	-0.0005870954976585909	-0.0021171548691491927	0.006290589668350408
X970030	-0.06973896467416994	-0.037273702665890335	0.0047660076268559014
X970031	0.07090573564570873	-0.03541091098278449	-0.02720501003221236
X970032	0.13079332631359272	0.009285821716441227	0.05270369648148826
X970033	-0.03350030497008154	-0.02027816802390614	-0.11728676396551559
X970034	0.029446742332614215	-0.02299379748884953	-0.0025044450338630652
X970035	-0.0271806308842011	-0.0008979905508350729	-0.01656506488509347
X970037	-0.006858519824981118	-0.01376646819637091	0.007222951502076315
X970038	-0.0047185941298704855	-0.025021915917440695	-0.03817461803488734
X970039	-0.007638032852075065	-0.015627097228678232	-0.005879945243247208
X970040	-0.0031467572185961434	-0.01718065964723394	-0.02343756297831795
X970041	-0.00604960685931969	0.005936630328689598	-0.00828690209087985
X970042	-0.02644716254118453	0.016780972748976847	-0.017226907493242925
X970044	-0.006393801662639301	-0.019155420397431067	-0.011486018105832907
X970045	0.03431385454674586	-0.020513869660490878	0.03707828421040528
X970050	-0.014807266893485462	-0.026070156468086674	-0.00469261387346746
X970051	-0.013266577131546307	0.02923884630764748	-0.01012772756810702
X970052	-0.007368485839195486	-0.023272912044891195	-0.02113363745133426
X970055	0.0009529793472300195	-0.004203364553279387	0.008382744256381155
X970057	0.0016588917397643032	0.008263442469617082	-0.0030774829326539266
X970065	-0.0005065776746551137	-0.00043566563904988604	-0.000906386936723152
X970067	-0.0013665690347859376	-0.009000136529748763	-0.021454390114539527
X970069	0.058482944461289266	-0.013413521693406816	-0.04428265757452409
X970071	0.0023945792890775397	-0.008722804798624945	0.0007594334577128101
X970072	-0.008318872620546513	0.02005514226686743	0.003148795702051383
X970075	0.026915808680822124	-0.03776654861197626	0.019578028862251483
X970078	-0.0006517505962393088	-0.008541634603612479	0.007291130710696628
X970079	-0.012133322795141137	0.03513238166055161	-0.035234498797443455
X970082	-0.02050056811774356	-0.02885639053585092	-0.00680761250687729
X970084	-0.004931957018711504	-0.009072218608772166	-0.030851475650053858
X970085	0.05957545429088318	0.009611623769174873	-0.0023778057356057592
X970086	-0.017055081783671412	0.004328543314342239	-0.0091692726271234
X970088	-0.004187529132586114	-0.011414413578895735	-0.0014230831589231248
X970089	-0.04317569988407361	-0.08072773089283937	0.007989723650005335
X970091	-0.081573875886875	0.08385923818486808	0.03522656245448983
X970092	-0.03897116707610276	0.11910606501397922	0.05787539610735368
X970093	-0.009248187772306014	-0.004001407571415059	-0.0028933662582482107
X970094	0.012291320427888438	-0.04247854010523264	0.011309290065158293
X970095	0.0017217395958396837	-0.014081776320550896	-0.05173729178390848
X970097	-0.04066745285345468	0.003719370253079598	-0.024625641913169134
X970099	0.02127955980539615	0.0011012942552971056	0.01796313105936649
X970100	0.08307016849019488	0.015886442544982324	-0.047540907435093184
X970102	-0.06624711594438733	-0.02330086095460382	0.03378821827284845
X970106	0.007675947604296136	-0.01731715013296441	-0.0031817644852666174
X970109	-0.012885089305053134	0.002964429143436375	-0.00888662659503032
X970112	0.026586768573893513	-0.004363879914143036	-0.024767998215068025
X970113	-0.03184205221467344	-0.04860462703154495	0.0391963924467407
X970116	0.029277657589410484	0.008714186575272799	-0.010034866606436951
X970118	-0.010687100816000814	-0.010324087002921804	-0.018129015969470877
X970120	0.00868890686303379	-0.007074216413728613	0.007150215531031098
X970121	-0.06330953628454382	-0.11856211332867872	0.09042183908859806
X970124	0.014391363848606774	-0.017897989443859067	0.026566222422257542
X970125	0.0011414740101476975	0.0012501804897088265	-0.0007947076342677412
X970128	-0.08035180929824957	-0.05337918992598474	0.01160330948435119
X970129	-0.008482871536469117	-0.013259082427833562	-0.004836369085161399
X970130	-0.014706157633151251	0.007696818184189572	0.0027721862815922407
X970131	-0.07096853237664374	-0.08698365842522368	0.02142848239770654
X970134	-0.004448896689148624	-0.0019436971946121425	-0.005519917466748204
X970135	-0.015010981743092093	0.010115795377362659	0.024994864559673244
X970140	0.008318220857096962	-0.003576709388737105	0.015134633574302173
X970141	-0.0539558326350963	-0.05894563531945502	0.015140450415069064
X970146	-0.008256849479925483	-0.007396092282643771	-0.008485852306053542
X970152	-0.02902601976087422	0.023108417245946075	0.0004851088324004459
X970154	-0.01189384121988053	-0.013557504558473807	-0.02691273304417913
X970156	-0.002168889725115757	0.009311632189971265	-0.0010969634164327568
X970157	-0.0007884980233799202	-0.010233286825442363	-0.003828519899182333
X970158	-0.00010895096152144767	-0.02430278612447473	0.007062928302017167
X970160	-0.004942799428734289	-0.012460330392979037	0.011307815648367803
X970161	0.019777030350373554	-0.016534945963830212	-0.027291792388436154
X970165	-0.009333434737608897	-0.010839049956623678	0.001052152003313627
X970166	0.013778267583779017	-0.032608016418141546	-0.022499925789413167
X970168	0.0029444723248084866	-0.01165656096516346	-0.016109022951514805
X970177	0.011248647908398319	0.002895945763899848	-0.02071723569865597
X970179	0.013172165619527137	0.02333724716333901	0.021108161069164973
X970180	6.59847882642056e-05	-0.015220410373410641	-0.008699525546186375
X970181	-0.0024945072571096925	0.01005445192554009	0.0002613034572767772
X970185	0.021296185651775264	0.013786173936057324	0.03332095802097031
X970194	-0.0035672330642773946	0.0003260893333463368	0.019464694410090192
X970197	0.0008298248744639399	-0.009698088584825898	0.02095217654179648
X970199	0.0014623657549831038	-0.005187874399281728	0.012101893757179103
X970206	0.0032637565054486335	-0.005019629549290692	-0.04276705680639526
X970207	-0.01001547150492523	-0.00735405976660088	0.006832632703150288
X970209	-0.0025263766743550556	-0.007214020730428101	0.006494550029574242
X970216	-0.02697611531536656	-0.0630126235458409	0.04425946644212689
X970221	-0.02963887061330028	0.003422569728420244	-0.02159603331697333
X970225	-0.0012291895661012493	-0.014575375709696357	0.00011051197854331312
X970226	0.005916955899110038	-0.001842796560463553	-0.05560233552345102
X970227	0.003999121525685719	-0.0135602286689547	-0.008875968510625908
X970228	-0.01208082536420216	0.0015095610666440635	0.0017625074556762068
X970232	-0.038610866098491306	0.04444500385759935	-0.02967023317890911
X970236	-0.025581897944645472	-0.05252218911949785	-0.06316744183227725
X970237	-0.018136037659510894	-0.016393041730547966	0.013285866221317806
X970240	0.0011105821763276748	0.04748422249565594	0.11541038547723818
X970250	5.185885819384197e-05	0.021663578986024647	-0.02027308793590301
X970251	-0.004841796852663193	0.01912462462497109	-0.03758632575923101
X970254	-0.06228178938829548	-0.005833624683366192	0.08585337475634888
X970255	0.009585131610685138	-0.01706639702215149	-0.014641212263858686
X970257	-0.037850546891773446	-0.06924897978089008	-0.01249241426944159
X970268	-0.006270291613194219	-0.016531603290509612	0.01668914519611119
X970269	0.033584458205844936	-0.005734723312436194	0.01937342072083456
X970271	-0.01466197483583395	-0.016789570776866044	-0.10586007341997716
X970277	0.013733754242372597	-0.016823320182231715	-0.004031734568861963
X970283	-0.04695476354515578	0.11244073312055411	0.015559342829252833
X970288	-0.020935091211199776	0.02966319999651511	0.010504295536927808
X970296	-0.06629745542899304	0.014226960348606182	0.008536420056515717
X970299	0.009013723211832126	-0.0002977030454350644	-0.00357968072221725
X970307	-0.007546954259425018	-0.004072494272068074	-0.010051055853095152
X970312	-0.020030479395090926	-0.03562435729466655	0.0174202447855018
X970323	0.004882488157858919	-0.006758595653637163	-0.02592621833999435
X970325	-0.0037596124535832004	0.004169567346442844	0.01696745332082201
X970327	-0.03774882185143648	0.04244495554994434	0.00788223025519244
X970338	-0.0068170499876744305	-0.011842992060868208	-0.07681901995249113
X970342	-0.061686727653052616	0.07154400269462097	-0.018306274270030985
X970343	-0.04478648281230729	0.0033971551900448616	0.01569469915005221
X970345	0.003932422077806224	-0.015691024725322793	-0.0031037410401117287
X970346	-0.040364359743655064	-0.07176917425138658	-0.031594931209364616
X970349	0.011960985972238618	-0.002886200684708502	0.0038350531453354092
X970350	0.011749164623076335	-0.004093710371319374	-0.02073586036703351
X970358	0.023606904773422314	0.014497288390239843	-0.0023931808082012455
X970359	-0.015880881716143654	-0.02957552312371358	-0.03412900118413053
X970361	-0.000669405116326872	-0.021997786229011856	-0.033769652844461664
X970366	0.08605134556047905	0.035788885301682366	-0.10029287175635823
X970375	-0.008980821067111535	-0.016766007571683814	-0.02057163393721999
X970380	0.032428376300569696	0.05694029477461134	0.05799728036163161
X970381	-0.019235754942994742	0.006811159919656534	0.013495668626613222
X970389	0.10374792709465776	0.02845029979302995	-0.00512661483879342
X970393	-0.012594906220581138	-0.0003804713556902106	-0.09944643401273279
X970411	-0.06495711033911772	-0.023971645845018263	-0.027440598306692356
X970412	-0.008808641748609854	-0.013644213894836336	-0.04749580056031716
X970414	-0.020917799477214862	-0.039731878427127776	-0.007138818413163524
X970425	-0.002493604994591779	-0.0065385850190960125	-0.018341381255667148
X970428	0.07020311549669914	0.05152805814915095	0.014508694128433086
X970432	0.01116568882283149	-0.013842866895489216	0.0012669491455606144
X970454	0.0016974196387699219	-0.012561966494393631	-0.006897786092324242
X970472	-0.0020336667036528647	-0.01463902066584848	-0.017184824066609337
X970474	-0.011085564125442036	-0.01834156228781945	0.005752141416925311
X970480	-0.00940898581733731	-0.00019036408923571853	-0.004949155440731933
X970482	-0.04674458831548678	-0.03893351301732695	0.02307424184039294
X970497	0.05122381943859959	0.020225416160141816	-0.0380344157618084
X970502	0.02759092207590528	0.05469929704268178	-0.0030283747866265546
X970504	0.04247665689685324	-0.0063712871372113185	-0.03685901684399833
X970509	-0.029696174359486717	-0.06296048914087182	-0.027220417236448004
X970512	-0.0041881908585449925	-0.02150071250722658	-0.01532640938187298
X970515	0.011356559318207202	0.010713935762358495	0.007936809278509403
X970517	-0.012957674202797788	0.01380238109484027	0.01660393154904086
X970519	0.0072823822516063196	0.012191388620466625	-0.009673613970554152
X970522	-0.010005517300315807	-0.010566269394103203	-0.030374404053266742
X970524	-0.004180074163027785	0.007418274173268227	-0.020976825100029156
X970533	-0.01338235897407918	-0.007814408732029826	-0.011798697294445623
X970536	-0.013235986722978163	-0.011661758527706602	0.017610471461481085
X970538	-0.0017751169082340984	0.010953626412151123	-0.0016930465922319715
X970543	-0.002443647826655335	-0.014403827823928399	-0.005333166200085039
X970544	-0.009730045556293254	0.04862761513609129	0.019456419423622796
X970549	0.05998385088740424	0.0129072758656076	0.0030691509337544953
X970563	0.014965461633498798	-0.00787417842012288	0.01708526409385349
X970564	-0.003219870384988909	-0.00531152712532877	-0.0073198011063652065
X970573	-0.023663341701877783	-0.02105414832267038	-0.05803680379326925
X970577	0.030992791689459707	0.03190379528117265	-0.031589554179779114
X970587	-0.00234055314187393	-0.010576470666783022	-0.0019769074897021824
X970599	0.018422875682614172	-0.003795589024980296	0.03795163611580155
X970614	-0.010791833663204017	-0.004651815029916734	-0.0123934947824353
X970625	0.026389219333063266	0.0005187319411731	0.01592245746940036
X970633	-0.05638205607966506	0.03700192971718448	-0.011355267201762846
X970638	0.011734795998585769	0.00943898782910017	0.013343035334167254
X970649	-0.06507149971929944	-0.0658479232885388	0.016892733173041373
X970659	0.017649750917471223	-0.013542590409045601	0.021530795471829005
X970663	0.0016513492609890757	-0.010178067326170007	-0.006463935075240842
X970664	-0.059727342353162086	-0.08579478705772631	-0.010424371933104894
X970677	0.006161367959259828	-0.0209242491722477	-0.004723236747794545
X970680	-0.07186498585673387	0.055325592585962466	-0.021297604471662027
X970687	-0.031042874798104688	-0.01952560725772394	-0.010130736733415031
X970688	0.023796658938270564	0.0055056534728389174	0.01627555492008489
X970692	0.012375998687049488	-0.008559259644484353	0.030386949946772438
X970706	-0.11171831615768629	-0.07503425721344882	0.012157918018768267
X970707	0.02477132770994364	-0.03477408945486511	0.041264535445882364
X970717	-0.01022410456117767	-0.002598426100509273	0.008767155694173964
X970718	0.0034949955589996928	0.0073973382883987205	-0.0010815390505295283
X970731	-0.009511030752781606	-0.019180938983486443	-0.01400343446329692
X970732	0.005064564882964313	-0.011831431969467137	0.00862559930536876
X970737	0.0006982271229210012	-0.009675215434146182	-0.01565077553672851
X970745	-0.013004612858040238	-0.04064537211238028	-0.009647866033236783
X970784	0.0018716196449142114	-0.00434517408031037	-0.01566420215374424
X970791	-0.005525015900176468	0.0034842049681378605	0.013710193913921507
X970813	-0.00851678453133378	0.020730241933909186	-0.036183735771379046
X970860	-0.0037366900028011846	-0.012036601330652695	-0.003913521872684062
X970932	0.007938816851840867	-0.00995201985387643	-0.03893174573413812
X970960	0.044154908782127716	-0.01636194904526112	0.013238693586571733

Biplot	0	0

Site constraints	0	0
