Eigvals	3
27.72216027862207	24.454829795845914	11.30871707000829

Proportion explained	3
0.5142502461619431	0.40017472672198484	0.08557502711607198

Species	12	3
Propionibacteriaceae	6.228669324719622	-3.1643512054591483	5.552095459893963
Staphylococcus caprae or capitis	9.27175728681387	-7.514890930316569	-5.9169254191765255
Staphylococcus epidermidis	-7.855027962846117	11.182142256991275	-3.333574203316474
Staphylococcus hominis	10.223967594898765	9.784099939296812	4.494709919954213
Other Staphylococci	-0.9129687993035935	-4.484753322809221	0.09445715677463251
Polyomavirus HPyV6	-13.345819248633491	-14.834648346691697	2.604567406218963
Polyomavirus HPyV7	-8.325236891356825	2.814877442179459	-1.7212317837455142
Merkel Cell Polyomavirus	-4.459428395891607	2.4035185838416924	0.027310293490377155
Malasseziaceae	12.927256061646831	-4.750153147345179	-2.793993086970527
Corynebacteriaceae	3.7418659318350525	0.3351118549868117	1.341804148705629
Micrococcaceae	-4.048872479325767	3.6855844155072384	2.20365474505414
Other families	-3.446162422556721	4.543462459818517	-2.552874636882859

Site	1225	3
X940001	0.002032144066442338	0.00036322419116942273	0.014213387083957401
X940002	0.006827038278576191	-0.006293706686317889	0.011868391728959288
X940005	-0.013532667228177534	-0.016563498872470613	0.019648811327945326
X940007	0.01492552954327579	0.009539982309714496	0.01422697073673008
X940010	-0.022909572537830127	0.020419009435382284	0.019479029054268526
X940013	-0.003069720256270799	-0.0078120161366547446	0.005797905195149754
X940014	-0.027412760124415677	-0.12899488009340904	0.07555168851281965
X940015	-0.008122728803430707	0.012034477529785006	-0.006566940250639708
X940019	0.017605246232177463	-0.04691453766608735	0.05977857522464095
X940021	0.07740356846093924	-0.0006910426440086431	-0.03863086454244644
X940022	-0.0008421988538824739	0.027591655086604435	0.004524712472781962
X940024	-0.015816563658200194	-0.021113237628111053	-0.013762106913855945
X940025	0.011369612008603	0.008765118840540235	0.02521041276859618
X940026	-0.03349469970584516	-0.018956232141109038	-0.020681729861641525
X940027	-0.013595728807232692	-0.0038150124741574603	0.00997170127116981
X940028	0.0019891509737963264	-0.009457151006810815	0.00884124349353335
X940029	-0.0023795482016006155	0.002777856674769287	-0.0005642527282176943
X940031	0.0037914410009538633	-0.005962870007800147	0.020045380075014115
X940032	-0.013044231556200199	-0.009151841521704965	-0.010355109520923092
X940034	-0.019400270394670478	-0.0014283878979122395	-0.001588323666561541
X940040	0.035550494978419875	0.007713265579537817	-0.00102220716703642
X940043	0.0025301474948334285	-0.0018056953235631435	0.0031879887221535593
X940045	0.02912426286805392	0.008792543167869015	0.0546408487967724
X940047	0.08594722177023686	0.007842368849291757	-0.043643668537140745
X940048	0.019483666857988562	0.00261114188484753	0.018667308285673836
X940049	-0.006829559018034448	-0.010955498796384239	0.0129658696348267
X940050	-0.03164677836364247	0.03484281472911104	-0.025402157633743823
X940053	0.011874948771748007	0.004032578215173615	-0.01152740380576238
X940054	0.07168698584389352	0.012460386922333167	-0.010595437805464786
X940055	-0.02935666092220605	-0.004511606810120865	0.022984930131750358
X940056	-0.04174010526281468	0.023317181504055574	0.012416908747650958
X940058	-0.00059403777213472	-0.012361016409415516	0.015521725295681483
X940059	-0.0032971814325662143	-0.015412743537169064	0.007879518639824591
X940062	-0.04270859866630131	0.04236033428004295	-0.004566222404551416
X940069	0.0004426002540422066	-0.014002225355393265	-0.016519167312019516
X940071	0.01815143665556933	0.0060633062556684995	0.07209014064363012
X940072	-0.006284014569021324	-0.010093638582074002	-0.011513790931006993
X940073	0.06540592924250717	-0.013899285559783026	-0.014535082789715053
X940074	0.023109768125780798	-0.0016066286727256086	-0.029552559422598153
X940079	0.058232900414010344	-0.017065850765598987	-0.02763935577246948
X940080	0.016967804312366486	0.004737215640265916	-0.004996196155532
X940082	-0.042309735040653024	0.037436142775306276	-0.014068422741846812
X940084	0.004270424570502041	0.04252164102808336	-0.001427816553846595
X940086	-0.040438011673851325	-0.02347029379351016	0.017396988081190595
X940089	-0.0306097411167277	0.0027088972851282756	-0.02909258689021077
X940091	0.05657718891774937	0.07984298900527265	0.04174658145936155
X940092	-0.02857291894914492	0.02246224738753824	-0.009242366744399133
X940093	0.0030314433283949636	-0.0046647057922741975	0.008545027086501518
X940094	-0.07635937572832123	-0.012010338406342117	0.10395354550004499
X940097	0.013725299650036804	0.0036828937819577087	0.010130670411444415
X940102	0.009823600790075748	0.027636368467508714	-0.011049739467648614
X940104	-0.009482727998777253	-0.0009168959545910836	0.00397535530582672
X940108	-0.006867726411338993	-0.004113977626947899	0.01373672296593795
X940110	0.025069061373275282	0.01710500428912445	-0.01248302737367968
X940112	0.05722732139769365	-0.03907580111673807	0.06175523683534242
X940115	-0.034048160413207594	-0.0109366759721164	0.02575955157378829
X940120	-0.005705622845491009	-0.019634018085968676	0.0029523743851271205
X940121	-0.029554820879793612	0.04928377821788752	0.0129486903073844
X940126	-0.006744252467888453	-0.011624957629696899	-0.01887051717660397
X940127	0.015545599513454873	0.009027588618941781	-0.0034685651476717766
X940129	-0.014625157020654485	-0.04176505296437068	0.010153433863865292
X940130	0.03616493037182587	0.02128015467482137	0.016598883224058412
X940133	0.007394835625361391	-0.014109100094232723	0.009291543186618033
X940136	-0.014644410760856747	-0.009341734969527237	-0.003610780050519002
X940143	0.0042345138800346524	0.007202062791299075	0.005730256028529485
X940145	0.0020857428647476804	-0.008813491473462443	0.003602639532848602
X940147	-0.0158403613082909	0.014973128464172028	-0.008976264490197082
X940148	-0.0004114581687125922	-0.004704270909639574	-0.008843895201479796
X940152	0.0012402669895131234	0.016835019298561564	-0.003919738347771186
X940154	-0.011040017813536385	-0.045950021894682405	-0.008523849094513652
X940156	-0.003639153889127841	-0.020711753751760032	-0.03640615299915295
X940158	0.000952066009681165	-0.011419616071338429	-0.03871124418997797
X940163	0.016647781763064758	0.011305715818468157	-0.04246342070516753
X940168	-0.005745607511384694	0.029029132592647198	0.01228576878972455
X940174	0.046502159839506584	-0.005059839180535907	0.06455303354430095
X940176	-0.034784861157818224	0.011093959128974915	-0.030068726071691487
X940178	0.0008343740041072387	-0.0026642210640606674	-0.002202366331558438
X940179	0.022570669803366705	0.001729528591383972	0.012019029583989227
X940182	0.005412078719912287	-0.024993048374798627	-0.020519281406249673
X940184	0.04436594713879618	-0.016325177488507123	0.05322294957536179
X940185	0.006522571340064248	-0.047941911881424944	-0.0330673766453016
X940186	-0.012559650272976997	-0.004162557483123925	-0.01981264944587107
X940189	-0.016706435527242956	0.027776062169612297	-0.01489508414149428
X940193	-0.0030050165579452986	0.0051781779600717885	-0.00756070408508549
X940203	-0.02535260750462873	0.051486944692061734	-0.018202693802631082
X940211	-0.0036278324727813237	-0.013290658135841836	-0.005168243057848557
X940213	-0.008697798859489876	0.0034935294576731797	-0.03129606150533339
X940214	0.0359008597905259	0.014730646711588522	0.01996161315758364
X940217	-0.0014804176639528048	-0.010176384194117398	-0.003005476920284964
X940222	-0.006163780871735283	-0.006545096795609823	0.025046084948970843
X940223	0.08344224677786695	0.004973164586359526	-0.057988959354349404
X940227	0.03189086132921452	-0.026802709136869905	0.0025956657080842722
X940230	-0.013128397881610718	0.011974558929506596	-0.01949451138814667
X940232	-0.01684952510723955	-0.002819354289142454	0.010875959370663992
X940233	-0.011609359165287455	0.00011679803579566784	-0.018439966959714758
X940237	-0.010882276728342107	-0.009111801380890754	0.02093143250908641
X940239	0.12351084609335794	0.129650501944921	0.0434052759516407
X940244	0.024796207383354057	0.0011503262028788547	0.0026473813649847532
X940248	0.02171960200272714	-0.011656443825843446	-0.004403483897775462
X940251	-0.002486791658246483	-0.039789117123802155	-0.01278993066970363
X940256	0.01900495136673019	-0.033343335177823064	-0.01074971104379445
X940259	-0.019571760967395938	-0.0009221360598322924	-0.008757825500026082
X940261	0.01879560550781096	0.029894642230543476	0.03077488613697951
X940264	-0.02773222278322495	-0.025087128285470165	-0.050739604174248686
X940270	-0.012454398357214196	0.0041136685468256785	-0.027096533674121428
X940271	0.020637407104215376	-0.013468455950427265	0.0007087369117863941
X940278	0.0001525234502781672	0.016849137029563394	0.00046763699289299813
X940281	0.030410811519256446	0.010283658741238415	0.009534811194982633
X940284	-0.014034237158179202	-0.023863534209892245	-0.02305505237657495
X940286	0.04224090254800383	-0.05015732115160093	0.062064351864976414
X940287	-0.008865786804417936	0.015153475974211284	-0.00026756467263498376
X940288	-0.011377619552222653	-0.026471045314783354	0.00932452754359403
X940291	-0.005365726563138314	-0.0015087043636541754	0.006775301078816004
X940297	-0.013613335555300069	-0.01573414620859931	-0.013069741794766901
X940301	-0.000460699443028116	-0.018033215853540178	-0.003209308373494138
X940302	9.984742149452623e-05	-0.024730758584147597	0.009900759446903475
X940303	-0.022378734423630392	-0.00613099953014773	-0.028489529089152976
X940305	-0.008203278425916097	-0.008340077758181946	0.009723298198797154
X940306	0.05055448731888834	0.022615113854324083	-0.004045574747256506
X940309	-0.0071279901457575665	-0.005460911869839683	-0.001854591574629581
X940312	-0.015486996085197002	-0.006013394598134282	0.016472714355885206
X940314	-0.0002742996043359698	-0.005146084996452981	0.003633908723330917
X940322	0.02034063239958482	-0.008344921979154664	0.07481141976299281
X940324	0.013631554005287797	-0.017953415243425332	0.002270437886814464
X940325	-0.033714253280029964	0.015801265775107376	0.011037696524344021
X940329	0.07210680468717001	0.018292080846865323	-0.04106927312985652
X940332	-0.021458680239127143	-0.004296515126296071	0.006843864660978392
X940335	0.04167464168140362	-0.018592227376663766	-0.02791305954625669
X940338	-0.0003965845449718119	0.005742789021297454	-0.02011808838491246
X940339	-0.022314934432337917	0.011602589729878715	0.010013404212472725
X940347	-0.010068821117080868	-0.00872252295493552	-0.01796608253418529
X940349	0.012738236955703891	-0.0009275777579584215	-0.018896156317786555
X940351	0.0026440633158473807	-0.004377147318463424	-0.017631346023800752
X940353	-0.014151284928718593	0.02317370643735371	0.0035091350828367514
X940354	-0.001708249606522092	-0.0006784013917481435	0.01077116491762647
X940355	0.06343904034984288	0.02654866950823459	-0.008436344512663639
X940364	0.02607407640766168	0.030912156568426843	-0.010145922353118085
X940368	-0.016026798927936046	0.023595060121377107	-0.004650394437022841
X940374	-0.03732973545974501	0.02985621353296508	-0.014784845399802692
X940375	-0.005744008742023992	-0.024538476468936473	-0.014958423298885994
X940379	0.00017079518986907132	-0.017195273211393962	-0.008062466278732609
X940383	0.03322690372784003	0.03668416791417029	-0.022821437559905487
X940391	0.014232035020277716	-0.025761525544580863	-0.023006059939514253
X940404	0.0006563955221230771	0.015417625096097232	-0.006415642978476987
X940411	0.01609136006255876	0.024127169980619197	0.018932886633282395
X940413	-0.04200507023523414	-0.003765197626738967	-0.05835708702967834
X940420	0.012742850079276185	0.016014263818315506	0.00031343263193222155
X940443	-0.023434704851638257	0.033006711392930065	0.04762114532472167
X940444	0.053511364451650244	0.010792605689187934	-0.0297832184249887
X940445	0.0014244560618834625	-0.0019438016929753334	-0.005651196010862904
X940450	0.014440084206512903	-0.012392807959200221	-0.016571621938599436
X940451	0.07018305820430103	-0.05514686816980454	0.1288995343474081
X940456	0.006621075530966395	-0.008940759839438843	0.001486018106062309
X940465	-0.00976054760058126	-0.00023970526446367185	0.01793941107209757
X940466	0.004343673994770914	-0.026290859611249575	-0.021483524416574907
X940474	0.024861545142612334	0.03260822498869706	-0.005287482389313461
X940481	-0.030279579808761857	-0.020597396614124422	0.0018694042175909631
X940483	0.0077444535505468235	0.004261892623252562	0.03457075633068611
X940484	-0.007428530651642884	0.04105247610396809	-0.0014542002376894505
X940487	0.001752679345371565	-0.02505018514113956	0.0007059403657837944
X940488	0.07551950095974216	0.0017739651869191557	-0.04993102965194955
X940497	-0.02360561545468105	0.030406547041474982	-0.0046149744938770365
X940498	0.039290063435083206	0.039148440654170766	-0.047253058870935075
X940501	-0.03384546964628867	0.06574172533172869	-0.026607643057393483
X940506	-0.05449552189350801	0.10714804865732307	-0.006695066492233272
X940526	0.033081651398745235	0.009955722318735101	0.005075726756298338
X940529	0.09187863610342875	-0.03550731126974593	-0.0980796689614606
X940532	0.002849261092733875	-0.0033871191189251584	-0.012403817998785855
X940534	-0.026254140836425337	-0.007374143456473448	0.025061620110113637
X940535	0.022656819389650355	0.005266442502465657	0.026901115317648792
X940540	-0.014282101447092396	0.0028731806764832066	-0.017415941393993568
X940547	0.003059342586734629	-0.02692980332766791	-0.021080193514897438
X940550	-0.0352412106018445	0.013424947758768395	-0.02334571273659031
X940551	0.028220717293211264	0.010643068576261773	-0.010785853953336087
X940555	-0.021618766582474854	-0.017211486987058138	-0.02902257739524227
X940558	-0.005590066158961802	-0.010412925249110621	-0.014061629903545002
X940560	0.0744440616671697	-0.05787328696569963	0.0702974021512225
X940562	0.06088946996690851	0.035096614889041255	-0.028003741289410543
X940570	-0.018813090341024682	0.008239276105253417	0.004679731788596408
X940571	-0.02631915262255725	0.0020943292044490044	-0.05245521993604248
X940580	-0.001441590995680085	-0.024055163213428554	-0.02838053875317539
X940584	-0.0410611444542947	0.04581541149949888	-0.011138404127878287
X940589	-0.05928116283749752	0.10575768727900156	-4.787291942648747e-05
X940598	0.0012670606729350922	-0.0006004654120345894	-0.015927797177589013
X940602	0.11273239074974657	-0.01821610775961943	-0.06194099213656603
X940606	-0.0005326033026253809	0.015079893144635939	0.01967564357886331
X940612	-0.032268250010360995	0.07487869588512817	-0.021228164507477193
X940623	-0.007011709182530245	-0.0008723772290749797	-0.0076102919855485975
X940625	-0.03432662047365992	0.04549360842758736	-0.0015723440082938466
X940641	0.01853918582261654	0.005806664420639667	0.008846382108927868
X940642	-0.02013965253049114	0.009767092501208415	-0.0049154402655278906
X940648	-0.039045085302830594	-0.04191994428436817	-0.009405509220654187
X940649	-0.014179598875666758	-0.03204159019803701	0.01657324620944688
X940652	-0.0019312439487502524	-0.01655257364772333	-0.002073395041612698
X940662	0.003786937921546151	0.00283742629584052	0.02361673346156747
X940665	-0.00655399940187349	0.015235606264676281	-0.015906822762860595
X940674	0.0018353669140429814	-0.010462937955775355	-0.005689010779054547
X940689	0.12634007863153102	-0.011317685246333208	-0.058123703748186296
X940690	-0.012832295508744193	-0.03172953985912012	-0.02176548133303821
X940692	-0.01855656269348578	0.02166805525548617	-0.022899604591786152
X940696	-0.02794175698747745	-0.004674643814626319	0.01864933513877692
X940700	-0.03161513634962073	-0.014492510800132453	-0.03530988571816959
X940714	-0.016063359469741294	0.024549737040140192	-0.007202004445367535
X940721	-0.006472830299641484	0.01320423267599986	-0.013731399729409965
X940727	-0.027984154638162697	0.001729015553848498	-0.03141055980528069
X940748	0.009647025258401899	-0.0217276990924623	0.025510371011858293
X940756	-0.0035497129515476224	0.012788864963143859	0.053426253424637284
X940761	-0.03301847377670828	0.018255672697265052	0.007921312879228062
X940763	-0.002995377610014532	-0.03304669020244426	-0.018926025714270527
X940766	-0.020455646332115805	-0.0051239721874583605	0.04073315973972003
X940769	0.07225119639533259	0.06341903510902679	-0.009773743097822378
X940775	-0.02663086003617759	0.0025641322904243337	-0.00812436414794643
X940778	0.004144590705770953	-0.020582502639132826	0.007073810529457851
X940786	-0.00887447685606194	-0.01633025518415138	-0.02267289215845746
X940796	0.008565061331699098	0.017292709426030357	-0.0024165815434901033
X940816	0.0062792872619698735	-0.01880043290801041	-0.021050947076236382
X940819	-0.02695078222494496	0.015244903363904182	0.04964806934104235
X940820	-0.010409119444479985	-0.008502340215714926	-0.003800963802025758
X940826	-0.014482735672481217	0.0424539457002047	0.06049950549410561
X940827	0.03897873338675561	-0.03764430716962421	0.0032286366939112353
X940833	-0.035226518337111414	-0.04739168953051087	0.015002030426782009
X940843	-0.014574160434513053	-0.0023068289895731703	0.012007196718404466
X940844	0.028932741053540142	0.013832235702959677	-0.020029286258763896
X940845	-0.010171317127646172	-0.044306413325740826	0.016685662046504388
X940847	-0.030261634730324047	-0.024962642279122694	0.03455007917005416
X940852	-7.608734309818886e-05	0.018482683558565336	-0.020647389569317474
X940863	-0.014429581930807966	-0.02245298507707204	-0.005197302866750099
X940871	-0.010228656358508085	0.026816232789821388	0.02493474095661491
X940875	-0.027539573620297384	-0.006269250000082722	-0.023090063093509052
X940882	-0.0012458693241613552	0.016566374039797428	-0.04116618427023241
X940889	-0.0021266668873147028	-0.001552631745345973	-0.005890165091442785
X940892	-0.03590739624825893	-0.03560475474092283	0.011138598207185603
X940895	-0.001913725373544224	0.006067733238551854	0.007941949200001127
X940907	-0.0217003517397092	-0.014297386597216043	0.030730115719727818
X940912	0.023440477609550894	0.005074320034748186	0.02210930923290668
X940917	-0.008216755688497657	0.019619740266920357	0.008995871779674581
X940925	-0.053384402158407035	0.07581266647003296	-0.043836516981472125
X940936	-0.029297297276312525	0.07678380770249912	-0.015415938899584326
X940941	-0.021083569007671166	0.018069897745176797	-0.032963772011684885
X940946	0.008435894443272678	0.004955214847315506	-0.02735246236828919
X940961	0.009862335853621331	-0.0029149092858083113	0.0074714152833868465
X940966	0.010257374014792799	-0.009247547540645313	-0.001163749320510638
X940968	0.011754615261528835	-0.023338485980541106	0.009402313930054862
X940984	-0.01861125596881628	0.020744384473062268	0.01919546732127141
X941001	-0.01997565808138513	0.01413291648690072	-0.044556592306979254
X941014	0.06023288866234755	-0.048985119218305076	0.061435013028723194
X941019	-0.016779465391143538	-0.00836072870653747	0.017607825243773415
X941024	-0.005400578288971423	-0.0017034106722536217	0.02334264470111202
X941028	0.002445844173109205	0.014566096729464103	-0.01449208821676491
X941037	0.11437032656628884	-0.011119555868285622	-0.06603013459335073
X941043	0.03754215220422633	0.004343086257602828	-0.03189816966255988
X941046	0.010476327919998515	-0.026652456648558247	-0.019345242299258072
X941049	0.00814186095204848	0.01879192221089575	-0.009565464145734715
X941051	-0.007648525846474068	0.024030982117980968	-0.015602961465535277
X941066	0.009727556630077362	0.0162698229551617	0.018243948919673004
X941074	-0.023511876697724685	-0.01116973958640276	-0.011931639890863844
X941079	0.0078176693749114	-0.005087062579673651	-0.0010426347653810727
X941080	-0.005230869964294532	-0.00883791874974714	0.08129403646762293
X941091	0.00929099569081109	-0.03532904689754315	-0.06016937771235064
X941095	0.0380979788575994	0.004433683041781476	-0.020147481463630268
X941106	0.008477687013988357	-0.017719066584214935	0.003266498902516379
X941118	0.01282991836782992	0.015413435593378719	-0.009913157785103526
X941124	-0.06446736800032138	0.0019128316908151699	-0.0008621810164422503
X941134	-0.012374081889265058	-0.00047078568275095103	0.010883045295175637
X941144	0.027200205558644334	-0.004126492644627102	-0.01816965634554945
X941153	0.004529701604873829	-0.003683016581312286	-0.009360810717984253
X941154	-0.007651011962361371	0.014915672174458047	-0.01151861062989819
X941192	-0.003722454497321706	0.03759469000282868	0.047679795812235796
X941202	-0.0017814530501617813	0.009981582531777215	-0.002643865770203459
X941204	0.017166615852290203	-0.013807029218950377	-0.020782228272425398
X941208	0.044281114206085895	0.03201834213545339	-0.05074861693185435
X941241	0.008560967832697046	0.013830188581284224	-0.09959640742061195
X941250	0.009689829594594189	-0.02564469834236478	-0.027691443990433905
X941253	-0.01260699717633871	0.013341905731968346	-0.008167068191011389
X941257	-0.014956621572381812	0.026113284190461578	-0.010387896738281678
X941259	0.012302336463157131	-0.019749941566066263	-0.020029587391663384
X941265	-0.009496299827903548	0.034897219824013656	0.021111255078767124
X941274	-0.0016908710332644097	0.017881563655463683	-0.004828651837884585
X941308	0.017694163715537947	-0.012285469405143804	-0.008744649491171073
X941315	-0.0017869840775714054	0.02005461045672348	-0.024486512649291827
X941320	0.0028558928827540978	0.007205249951124222	-0.010793500986792142
X941321	0.027253526690565397	-0.00028394755342031695	-0.00525199444884597
X941367	-0.036229805697683935	0.02144995929952799	0.014279268404655644
X941373	0.02439755193625869	0.007564167613272207	0.03308373239415684
X941384	0.06704608594903246	-0.006518908876124693	0.09259373484791426
X941385	0.011151743992567466	-0.003338754686536046	0.028647468670850457
X941392	0.09550149209328564	-0.0629670434254553	0.1171358471160904
X941398	-0.012225509477159792	0.031823939238755976	0.04967725041885878
X941404	-0.0024106898564122564	0.002405708343449414	0.010632274571122226
X941408	0.006337003190916192	-0.0161940576236995	-0.01687723593251951
X941422	0.006790897594206386	-0.02193677805223762	-0.012378915767076941
X941439	0.005001069389222999	0.008440689032916334	0.008733904337012991
X941445	0.07138147060643539	-0.0011001206162112324	0.010354713078208146
X941454	0.006703853184889215	-0.0021381894792414776	-0.0008036896565805587
X941460	-0.06416133870933155	0.06181625553299203	-0.007379852807845998
X941462	0.046581038220111996	0.004034543007975801	-0.012827851198919932
X941464	0.013274406955126527	0.002356475090039641	-0.009374311827596465
X941503	-0.0015871050013086653	0.009520717804193966	-0.015918888840965196
X941519	0.0005075032295914125	-0.0037930970473200654	0.007877144647210385
X941530	-0.0057742157749971195	0.028507367518160368	-0.015300174792230694
X941547	-0.005534790516037762	-0.015771248708612635	-0.00517801714152433
X941582	0.08808181527121729	-0.022397617085436968	-0.005869387376219158
X941617	0.00805935961939893	-0.013244825086972988	0.0015556092660428027
X941623	-0.027338708624308282	0.05576985387783423	-0.036827891470904914
X941624	0.006760303096476482	-0.005275401149859025	-0.01683351056238622
X941639	-0.014871850110849499	0.009790647849301308	-0.014802811931032566
X941680	-0.027094436557643684	-0.028900623394925537	0.008238383045498716
X941684	-0.02785516197589389	0.0013672765701807548	-0.010532170146911672
X941709	-0.02979696861868209	-0.03318972759461136	-0.032445331977266026
X941714	0.04782533922101719	-0.009276495367040474	-0.06262822406105466
X941715	-0.015543107238122366	-0.013295835354293588	0.007228651551387702
X941738	0.011097976226349988	0.003457160716025532	0.016165314055081887
X941759	-0.0032422592147512853	0.015048703633610976	-0.04832487931739843
X941772	0.024340827129834753	0.03516329185666952	-0.030093781932359336
X941774	-0.003544657315545628	-0.02898241187398233	-0.029755026680333443
X941807	-0.03302401647572594	-0.0390981787606216	0.004908292203289505
X941813	-0.026411068366080637	0.029705210868987753	-0.028703124036727017
X941817	-0.01078502876690491	-0.03824763944706779	-0.012956010152635996
X941887	0.040491324102140104	0.018578073704267218	0.004638738682426046
X941902	0.020591609606883964	-0.013553209160227874	0.04627018618602737
X942011	0.009176094314509317	-0.005483667298448685	0.01798155394430034
X942026	0.03823795125652464	0.021134559304347916	0.03437792541268739
X942039	-0.006458952687745569	-0.013752483860617448	-0.012770429971570423
X942075	-0.02515542060709621	0.012955207494853394	0.006760509319400507
X942094	-0.01436058674243044	-0.015045825584378206	-0.00436072032116737
X942128	-0.0029732244702479487	0.003161518720704638	0.013316035035528495
X942191	-0.07776815513786567	0.08781869851607223	0.000951411631324669
X942237	-0.01903311133863822	0.02936542650977828	-0.06125359935990567
X942303	0.024984106242746683	-0.016399260395431346	-0.018065276250120863
X942319	-0.027382882347441812	0.0809476288635957	-0.022144560014368868
X942359	-0.0043049663417558375	-0.017306510237755358	0.013443899926524505
X942398	-0.005040117732887284	-0.010649555462213278	-0.015666214347723882
X942402	-0.010107906049953796	-0.05680296810330235	0.05912177759215748
X942429	0.01629586689092339	-0.020004700485343977	0.054745521347325916
X942467	0.047454017336177934	0.03243724843827772	-0.01408923754848486
X942487	-0.026318916904288215	0.028191348623596325	-0.010713563655385344
X942489	-0.0357698705552948	0.04174577572902384	-0.009346488975342201
X942490	0.03747112282114957	-0.01433658977718537	-0.019336574666647073
X942504	0.013130330223045151	-0.021040137557932378	-0.016673160414103248
X950002	0.014460055386324177	0.0070677699287183616	0.013647689278856462
X950003	0.03407901800218579	0.012952236933447915	0.026077902394394628
X950005	0.007550994583072378	-0.007644941717775321	-0.006772931241465654
X950006	0.010157656339689678	0.0019348999381713235	-0.0037663445703153033
X950007	-0.06631540079693922	-0.07361350891122838	-7.248817527561438e-05
X950008	-0.013513060137754579	-0.013793355421454268	0.025812605683925013
X950010	0.008575667541095079	-0.013747115522832379	-0.01599681852328584
X950012	-0.06053347345550918	-0.042257495583182474	0.006565429338535985
X950015	-0.002957922741665512	-0.00537213725637296	0.01031466531486061
X950016	0.0016369651321783674	-0.01791652336897123	-0.007987694873703441
X950017	-0.0017920941959800193	-0.0061209513490911825	-0.004802110981507044
X950018	-0.007373712687482854	-0.014952627234891287	0.0022507574978827935
X950020	-0.00792521096699184	3.8136496783331617e-05	0.007889121846043408
X950023	-0.06817639377122316	0.08865426099922949	-0.018100952539888804
X950027	-0.0044129733173602125	-0.003296705925754286	0.009131148634836779
X950028	-0.08251463381804522	0.11531173735632522	0.008596312940280012
X950032	0.005672390534382571	0.0036675638715638987	0.003554699817454144
X950034	0.006849730355259003	-0.01211669426614168	-0.005779316561731462
X950035	-0.006701072866979475	-0.010490386385753189	-0.01184557783371183
X950036	0.006219199954725087	-0.008346573603769296	0.004639732046498325
X950037	-0.0031427881912377154	-0.01794226030979385	0.007864610303435103
X950040	0.008189297126835901	0.005563116126508484	0.013152800696672674
X950041	-6.893240867243317e-05	-0.009239376619485413	-0.006252720621052175
X950042	0.0036480525070466375	-0.016550245383567277	0.010969350729280385
X950044	0.0006532895932204645	-2.293727276077093e-05	0.024829610072975548
X950045	0.003750538641258693	-0.009600719606024996	0.007613127937134222
X950046	-0.013070742436236122	-0.008864282417283677	0.009414268938272163
X950048	0.02248694047148774	0.0020810973650144805	0.015203919910212808
X950052	0.03596380160476022	-0.037381194276969884	0.085059288850269
X950053	0.007264917281560993	0.006781072966979327	0.024362285753217472
X950054	-0.0037799239918979545	-0.014178817282783824	-0.007557819227105356
X950055	0.02020874891987632	0.004558229430117245	0.009724129959053054
X950056	-0.0761340871069957	0.09940490721967596	0.01906604904325893
X950058	0.07607163900082214	-0.03670880759556907	-0.02197455325256338
X950061	-0.003313141609374317	-0.006513352170409413	0.023015037190515755
X950065	0.011772418307875185	0.005116902892033848	0.01168336627328365
X950069	-0.012170926426000128	-0.008709909255966073	0.008121203469776175
X950070	0.011167804935180915	-0.0043061614134091986	-0.006777743110155531
X950071	-0.0025318758396552696	0.005404416885654099	0.022916051481379124
X950073	-0.03417555460054286	-0.05231524940755895	-0.008507189791754586
X950074	-0.00010460823501391359	-0.005752390464742658	-0.010639299349523118
X950077	0.0021032633607846094	0.003226051684083457	0.005291071509325431
X950078	0.005762075188214823	0.0008555707607394601	0.01789608473959907
X950079	0.0065131090262497025	-0.002090840429851566	-0.00034059555604675087
X950080	0.014528157731058939	0.008041068708486372	0.027496752842300694
X950083	-0.020228925043298044	-0.00024466935401304526	-0.01835478763952821
X950085	0.00204610779539728	-0.00047692623089113815	0.01208936913889827
X950086	0.00736535162207324	0.0005393514434670921	0.016650754186313534
X950088	0.010066210019641504	0.0076526342880867725	0.008581849432912712
X950089	-0.011914355631108015	-0.03351007840670456	-0.015144569323634598
X950091	0.013385003188419006	0.019741536753223893	0.011219323435520168
X950094	0.08984255019272783	-0.009760181419528035	-0.016591670656460077
X950095	0.06166975995301409	0.02221174148127347	0.0009006435157014073
X950096	0.003348077374279018	-0.0018700485086089993	0.0010315243416467196
X950099	0.034166300801677596	0.058295561411028186	0.03727988953020857
X950101	0.014644284098364251	-0.005403072204051015	0.013302270091442416
X950102	-0.005604476312441988	0.018696694479243665	0.005170849832243365
X950105	-0.010244255783916602	-0.021679655780624925	-0.0022490625039857355
X950110	0.014488385836852559	0.008321234170163035	0.020022413759720206
X950112	0.015028796956527514	-0.0006525426312591326	-0.006902210470198849
X950117	-0.008488000846940093	-0.017591446889213228	-0.004116851705425126
X950119	-0.005270093546785093	-0.007238504466359018	-0.014637665429476112
X950121	-0.014649206327776538	-0.004036168554214147	0.004910375517661505
X950123	0.04973921445057721	0.01810725365744591	0.012837483974003087
X950125	-0.014093206942049503	-0.011636920558430821	-0.021005269768471477
X950126	-0.01580177696122254	-0.015569944299171605	-0.00766080994697409
X950127	0.04287974839772381	0.003141559709682402	0.005698793191842469
X950130	0.024410643377788924	-0.0021962147447896524	-0.0045374891279301045
X950132	0.006214119226964506	-0.001464263435760801	0.0029028159728799094
X950135	0.012277547365250606	-0.009266165475509878	0.012494648174331253
X950136	-0.011827896578422498	0.07375112917354922	-0.018110887756414503
X950137	-0.010937646427725269	-0.013001947068710558	-0.027301262221767805
X950138	-0.004956000477150187	-0.007256948976671384	0.0036203173247081354
X950139	-0.02128794397697979	-0.01629242183031776	0.04416716481782178
X950141	-0.011736320547363234	-0.02397857600843049	0.030573842567628576
X950142	0.03430561501879725	0.001356141485972651	0.009485964158996326
X950143	-0.019044829917134284	-0.010994501178093906	-0.009430946118133115
X950145	-0.0012976903426720995	0.008696156468948559	-0.002156361801369125
X950146	-0.00564884245146736	-0.010650352577527668	-0.01052447783730099
X950147	0.02396576969248852	0.004554796878775321	-0.02808659877729054
X950148	0.05624305123168424	0.002439603679221123	-0.00044015343411798764
X950149	-0.0021525935177929517	-0.002682989594306434	0.0282241704594923
X950154	0.0015460631646031613	-0.006093185311904208	0.00805718520599014
X950155	-0.016500866497077233	-0.010073647698158116	-0.01674709987623862
X950157	-0.10152425006613329	0.0942837208547116	-0.01878994168549387
X950158	-0.002695217965920486	-0.006837684544004226	0.006237781723175864
X950162	0.001883753627003268	-0.010954449712777497	-0.01631176402391817
X950164	0.007820253109428675	-0.0006470654640651902	0.012668039990554096
X950167	0.04284099742138343	0.03478758654967991	0.007712668207525465
X950169	0.004027795253997122	0.002153257548655451	0.020981852631188597
X950173	-0.06242899632291375	0.05773590483296299	-0.005484651088269847
X950176	-0.00031427974343841656	0.0009606256048428047	0.009733160731283667
X950179	0.04066469635500107	0.031585645482746644	0.02170532249060069
X950182	0.004450455680186797	0.003709508366837527	0.0023673542708495597
X950183	-0.0023169482207671954	-0.01948724932280639	-0.03241305869000335
X950186	-0.01734035297428252	-0.03227793178704203	-0.0054073419219243645
X950187	0.004151345593195982	-0.006631028727748276	-0.002412932122720035
X950189	0.03759051178000644	-0.0013790490510534516	0.006212482784886977
X950190	-0.02842839539401994	0.061228575457396545	-0.04875059596170667
X950191	-0.00433963701250245	-0.00181402318767262	-0.0014012038266531248
X950192	-0.03991750741937353	0.05260487259282122	-0.014343642872249361
X950193	-0.04622460745058477	0.08207595342511587	0.024864203281373704
X950196	-0.030239623172367072	0.002426740177585616	-0.0035415741137233983
X950198	0.009672139613773842	-0.001826928793405438	-0.00845988034986337
X950200	0.00177431757453551	-0.003062004310977572	0.027474574121136287
X950201	-0.006617141321494795	0.00614423305963768	0.0036906797053296862
X950202	-0.005760096510164119	0.0004223543721554501	0.02149043481387165
X950209	0.005936874634867348	-0.008076716415291571	0.004984465175184677
X950212	0.0028411380915131616	0.04480640727118583	-0.014439333493709202
X950214	0.0017006283239920817	0.0028400691443524785	-0.0013414443809344884
X950217	0.00569638975164064	-0.016683652354463584	-0.008976783396373296
X950218	0.0029541959745026367	-0.011883179480676824	-0.0012147779531594077
X950219	0.0077259868803601205	-0.0018104477901033653	0.021688153170576614
X950220	0.016145503481268756	0.005019577567215657	0.01628171465824611
X950223	0.009786135576404382	0.022781842936928063	-0.002791611880130689
X950225	-0.09113133237966702	0.11757167741363722	0.0008562407852696828
X950226	-0.0014446177353127877	-0.01308371047434621	-0.009009150880880014
X950228	-0.06292323506214886	0.10608179392344046	-0.025099777572887
X950231	-0.010284264082582777	-0.01962642821538288	0.0001377960316838274
X950233	-0.027751709296371982	0.05708530160836298	-0.026504315011446723
X950241	-0.008997262604396233	-0.004513413393871457	-0.012050328388141797
X950242	-0.0012943472683781129	0.014315496715346024	-0.0008889693440662177
X950245	0.022176844386587402	-0.003478759313537735	0.029320195433652274
X950247	0.010699573981040975	0.001278869841121421	0.01613062954842314
X950248	0.007421716504010185	-0.005944140044258911	-0.0008583447382917126
X950249	0.02476852763851028	0.02283501803608886	-0.007865085161925965
X950250	-0.018508587982686744	-0.011248902790348585	0.030642509840914673
X950251	0.004202231805747096	0.003971647088257677	0.018225391084487085
X950252	-0.01895348842762358	7.98709146525209e-05	0.011279316739150537
X950254	-0.04416820550704299	0.03237747467434394	-0.02781373054334113
X950256	0.01919896566287431	-0.012988605533515827	-0.006577922577705308
X950259	0.0065418797546552086	0.001039111203339164	-0.0035127431489824935
X950260	0.013317857466370453	0.00010770431197742694	-0.010582946686223206
X950262	-0.022955128771111968	-0.02631740221129684	0.05030288079675611
X950264	-0.012618040612553538	-0.009380124242718044	0.0010177121068776231
X950267	-0.006630902397992932	-0.011158414298851206	0.005362341864834262
X950268	-0.006465538170160591	-0.019156267237156372	0.0012715599601830561
X950270	-0.010443486146024172	-0.01031050463388205	0.013918354599880675
X950271	-0.013561637361203855	-0.010656521867691806	-0.002559014808075121
X950274	0.00242942860509551	0.0014171248731425395	0.025169069989064864
X950275	-0.002400125270974688	0.04669737946657652	0.019722899449753528
X950279	0.0018175470022293472	0.02476230830926656	0.008145094140623376
X950280	-0.006215044084267587	0.006337967396921007	0.004205354517825668
X950281	-0.01706543473949195	0.002267258028969228	0.008260178116663458
X950283	-0.006731517698816913	-0.015089683655685434	-0.01178020106980653
X950285	6.844198817250024e-05	-0.009287079023861514	0.010358669660492035
X950287	-0.00988920274380137	-0.004655782241645128	-0.01140811003588197
X950288	0.015161633397006463	0.0092911896372394	0.022785604184936498
X950296	0.01370493299732131	-0.0029338275348345425	0.0146401682132964
X950297	0.026559757681156065	0.004571145455580925	0.018237143373788577
X950300	-0.0042283090859125735	-0.01767654084667962	0.008494546850740848
X950302	0.030007938216653447	-0.001256026990007188	0.03903301183775405
X950304	0.009052565393804793	-0.008701734657619913	-0.020986894600859483
X950305	-0.00511861478761119	-0.020501837032349746	-0.01570520428050202
X950306	-0.008332954623907735	-0.016616408597886278	0.00013595188120073422
X950313	0.006572205460164256	-0.007156218651981757	-0.004645640395386459
X950314	-0.00950844633970656	0.027414799716061745	0.012418146292796995
X950316	-0.006333698567828809	0.007416936214322043	0.0009349364637431233
X950319	0.002398288479579469	-0.0083819320865263	-0.008446468203084171
X950321	-0.01870857807295987	0.008524895406936538	-0.005352121304757277
X950322	0.020357961239647598	-0.012630953709931572	-0.012550576528729596
X950329	0.02530919675421398	0.011127510464707233	0.02704794033247061
X950330	-0.011696419706007839	-0.005634278254218629	0.0012905940688103074
X950331	-0.004083379183409725	-0.008596639428851473	0.023462145236107602
X950333	-0.01941402970996997	0.00499352941255984	-0.007648031327027152
X950340	0.012911767117224648	-0.019379642009811893	0.00014381893600571492
X950343	0.004677319980499644	-0.00016227324185761696	0.013547677893774417
X950345	-0.010654314498947864	0.018039630385268825	0.005802961969358346
X950348	-0.0071819190541664345	-0.014780062829093787	-0.020098812050519548
X950353	-0.00888348499308199	-0.001475286893208148	0.01121340447908992
X950355	-0.009673010144181022	-0.00569634220736633	0.009195509720565303
X950356	-0.028247430344436622	0.040711828139012134	-0.01845377520916027
X950358	0.00822498936209345	0.04277039735870146	-0.008750133998089408
X950359	-0.00605724289374143	-0.015087253739859956	0.006647097076171695
X950360	-0.010308898462457966	-0.0072951417063019395	-7.508523099173133e-05
X950361	-0.0044028789004360806	-0.007059445627289102	0.0043387032056335295
X950375	0.01960862361328687	0.003170577544859009	-0.008432975934949015
X950383	-0.01129859528113776	-0.027223699631120778	0.013330666612033266
X950389	-0.007379907504063295	0.01607379672433895	0.003715321242854831
X950390	-0.009953364141559704	0.004979658199577821	-0.0015786790305997904
X950391	0.005487117751144547	-0.0018023194068396372	0.016298798449680407
X950392	-0.0028582772308164777	-0.011852211265037608	-0.0030012583819949102
X950396	-0.09382878717537446	0.15526416709323929	0.00887517135791197
X950400	-0.015642408168430016	-0.014452040026434571	-0.007173313070098493
X950402	-0.009105725069963991	-0.015024758164497264	0.016016020378395487
X950406	0.003991378584454075	-0.06892846217397713	-0.16751041383412005
X950409	-0.0019911436105261534	-0.020592248371592715	-0.0093899769498056
X950410	0.022539833134774458	0.02529275996011979	-0.01448343867360959
X950415	0.05954080476868947	0.11652110217864413	0.042628939845104075
X950417	0.002666701571280647	-0.013051523747725346	-0.002433914899825379
X950422	0.00467803818219329	0.015454648770382084	6.890378890392724e-05
X950425	0.013710515656404897	-0.006270827353085863	-0.024188869408859913
X950428	0.02327644815747541	-0.021841802624562007	-0.028030132932737317
X950430	-0.018863285720597558	-0.005018734632728091	-0.004594184130633074
X950432	0.006350835786665907	0.0013703799220305245	0.0192287734869637
X950434	0.0004585587310701884	0.003729092691777732	0.0036405238231386507
X950439	-0.0015076057313721687	-0.0088405719246425	0.004404171507098347
X950449	0.007890500464789752	0.0075099996297906995	-0.014422827514044686
X950466	-0.009955707653054672	-0.0022763598369948367	0.0009356353305344807
X950474	0.018759253830370793	0.011512337524199246	0.016822645140024958
X950477	-0.016544440885034567	0.019033629781616584	-0.015312737436083778
X950478	0.0035978600400121113	-0.0028810723744120015	-0.0022580099345930796
X950483	0.005383820634387645	0.004550368618385112	-0.00829588625205744
X950484	-0.01781451646678336	-0.0010423576603839193	0.007026614980333958
X950485	-0.11056514803041081	0.03707480044194972	0.03785838692101115
X950490	-0.014092070007732792	-0.004668430916490957	0.002057335211636007
X950491	-0.007582805086284041	-0.009040574816765786	0.0014185004130012376
X950503	-0.002709136471248441	-0.01058525486096725	-0.008163170405661481
X950504	-0.006082977892123406	-0.01980854736989885	0.002536099604698217
X950509	0.011132400941842197	0.002871493440298239	-0.0030310292963560987
X950512	-0.013633945588616797	-0.0034178843878048676	-0.0016461828953982802
X950513	0.0009648311091441199	-0.009133817685769865	-0.005846573672606901
X950516	0.006034373876861327	-0.00603233704778265	0.018409798891767207
X950517	0.015531817448528669	0.014010193950208643	-0.010637102180215248
X950521	-0.01979712907927661	0.009497490783632925	0.010193242592209686
X950525	0.0012314029009612456	-0.009589041752038431	0.011022702118155535
X950528	-0.010696954443082319	-0.010846415297201739	0.00916581204987754
X950535	-0.0015760428708193569	0.015256710160829893	0.012161931526540637
X950536	0.0033495971799138344	-0.017613711639343606	-0.008407178607709651
X950545	-0.012104017692502574	-0.005607513940158406	-0.002535608140772649
X950548	-0.024041832524822036	-0.019278833208832464	0.01681606541701297
X950550	0.0010013878043588678	-0.019141281787158383	-0.006146333752951084
X950554	0.021149230051959247	0.020025604182747615	-0.01371400049691235
X950557	-0.012994554049679849	-0.011377545022365619	0.0008535265377182747
X950559	6.112065833816294e-05	0.0027896196925179233	0.009712593417345388
X950563	-0.004652442434092126	-0.0001950898124023107	0.01700234806160293
X950564	-0.014015915245345775	0.005898458475159471	-0.001624108719862957
X950570	-0.014628915699252273	-0.0043808106856449034	-0.0013632891407888352
X950571	0.01267292158919338	0.043418989837662514	0.04871215333589504
X950572	-0.001667236978122094	-0.010267864362236232	0.012944960351172576
X950577	0.006278301433398909	-0.005724102065887298	-0.006348981792599242
X950579	-0.0246045207736439	0.027786958120813967	-0.0012735891861894017
X950584	-0.04850538623289115	0.04938518914989228	-0.051568106799288464
X950592	-0.0025007847844146017	-0.004213265471428889	0.002580313549388638
X950593	0.00403292939680806	-0.0037976147928349274	0.0037023738329693906
X950594	-0.014865724506736018	-0.022578892826389342	-0.015680102445084974
X950598	-0.009478627345588499	-0.008580814232416042	-0.00460585770928859
X950602	0.005989604926538109	-0.00919550421212292	-0.008968712833427244
X950606	0.030033368718422018	0.012766560101577593	-0.013648541125500496
X950607	-0.03071966717264743	0.006890028073846697	0.005313881790381793
X950611	-0.00469860344790228	-0.01982989123860016	0.011759336414886344
X950613	-0.005542545614377516	-0.022751793296316856	-0.006550494436774117
X950618	-0.006907291522968891	-0.007263589741042573	0.025046968937514857
X950632	0.006391635555818973	-0.009412821435138288	-0.001226610655824168
X950633	0.06284289415101488	0.030691730128929652	-0.04255362492209484
X950637	-0.008668796323098164	-0.015490934730071003	0.0048432297916506705
X950638	-0.0031576269709476367	-0.01695556051941652	-0.007180023307046764
X950641	0.004240717407748915	-0.02261115007688183	-0.009648782873317024
X950642	0.012364628547494502	0.0019530855400706536	-0.0028207974189968644
X950645	-0.011546766752384837	0.005959770878784245	0.005290438165003114
X950649	-0.001983330546325235	0.0015714658926826947	0.00891668182895402
X950653	0.008610595065718016	-0.016846537753876987	-0.015877499372255303
X950655	-0.01066930117559892	-0.005183497001315665	0.01233275065750535
X950657	-0.03925253492088711	0.024590720092910925	-0.00362948586217045
X950661	-0.03380384879433041	0.07715856440615924	-0.08674461237300825
X950662	-0.02517582621138511	0.04726699653807334	-0.004099780138700173
X950665	-0.0009306488864361433	0.008357948311806343	-0.00011279550435729475
X950668	0.009725334619143383	0.008171312586946977	-0.011421501260750077
X950675	0.005791485457922828	0.0047544710638573	0.003869000064115063
X950677	-0.005817368557797836	0.0023768708384860294	0.003265562152284828
X950680	-0.00642427147058693	-0.0015589445847189445	0.026002502021853762
X950687	-0.008933680194216153	0.02431467056898975	0.011882138313196873
X950693	-0.01533378309772722	0.00025480754396626967	-0.002001927968138467
X950695	-0.004767313459866855	-0.004692181326071234	0.008213568950497251
X950696	0.002383675677524972	-0.00955798168642349	0.011260136686518925
X950705	0.0026039082744247636	0.009366152847733013	-0.00813906460577245
X950714	0.06876358745290413	0.0076613157186013105	0.02789539481791657
X950726	-0.06622477260060294	-0.060364702603110866	0.003221119538851746
X950728	0.01694524809735937	0.03265186614162818	-0.04333484509494208
X950732	0.0035167429050927917	-0.0062174502474554956	-0.016100143185348286
X950736	-0.024045184998742107	-0.008864168053992845	0.011184147655445292
X950746	-0.004751361043280921	0.0030882756852107685	-0.0032542756826484565
X950747	-0.014178913122313256	-0.009982203644245976	-0.003227625410067347
X950752	-0.015643976766433008	-0.01049453339692117	0.021953683002036126
X950757	0.02224972885546394	0.008659055714064348	0.019401432202529992
X950758	-0.0056368756200488816	-0.005842005656386561	0.009918322360537952
X950759	-0.001209250475603006	-0.011881060631766534	-0.01827508151805754
X950766	-0.0065628550197258315	-0.0019301243139165677	-0.00026982234529335643
X950769	0.03595132014024072	0.013362857847198888	0.03202896821301321
X950782	0.01344312563004764	0.006610633786179652	0.004255182965930254
X950784	-0.010787656484675898	-0.0065324650819569615	-0.0017120575654588032
X950789	0.00578701709356874	-0.00823311118129818	-0.006229761321145347
X950796	-0.02049450382945271	-0.015463648548361903	-0.004132468858803667
X950798	-0.007668555091425105	-0.023757117125007547	-0.016945299455693414
X950799	-0.019118846703981805	0.0034884841651305403	0.019550673670249225
X950803	-0.012241443558756662	-0.02208394552361288	-0.0006920704099918097
X950804	-0.00039293470136890225	-0.017798181386433465	-0.007459360659769717
X950809	-0.011689382113958252	-0.01294803616001105	0.002237667986449868
X950810	0.013739428971534387	-0.004379871614737906	-0.017897526613266258
X950813	-0.014805099102851844	-0.006645848766460953	-0.02073906896033813
X950816	0.015378316977855189	0.02929521324614109	0.017295135172745925
X950827	-0.039171417763058235	0.0045765945950383	0.006121913617660878
X950838	-0.017251410619842204	-0.013383616494949676	-0.012013110044780628
X950841	-0.012861924236789862	-0.007707399413513506	0.005247268969498342
X950845	0.0040975865015540035	-0.020842131309770858	-0.05253051775902204
X950846	0.01314901956542556	-0.000410153879371869	-0.0016569776562692295
X950851	-0.03634146229359085	0.012059795071940015	0.0022200892991727198
X950859	-0.00046698099704723344	0.015055764405183069	-0.001750420844529171
X950860	-0.02867299592239073	0.03861094243142539	0.008217909266044836
X950869	0.00460329562258784	0.01502315928628305	0.0027657302993183224
X950873	0.00039502906352480003	-0.0033550516776421797	-0.002889725810235251
X950900	-0.00994249776862542	0.03438984655551208	0.0025741145992648038
X950904	0.005373514176649722	-0.01128595399459757	-0.013066965289426198
X950906	0.022837035569207062	0.020633054948464447	0.004706069248609267
X950911	-0.009139392008573262	-0.023299674568654363	-0.007062567974964763
X950914	0.0063378591124248285	0.003265623921480491	0.03362645149530466
X950921	0.035927150270923434	0.0015630984450335777	-0.01881323136373481
X950925	-0.01881635907295004	-0.034952480432400526	0.013701446251007256
X950926	-0.01571475892002958	0.02394704463387011	0.020354073540735772
X950929	0.016487717130204554	0.0056795395265493995	0.008895247628701334
X950963	0.009388400464498617	-0.006763966671568788	-0.00926535466386209
X950966	-0.0035383534244039076	-0.005361289566760249	-0.0196535049129518
X950968	-0.026599497620141858	-0.03532823674619342	0.0018380001971003105
X950987	-0.009967202598085072	0.003287045358347931	-0.0056836507502936616
X950995	0.03823976566980032	0.0053684835183727036	0.008023320602549065
X950996	0.013331894130260797	-0.005270389663318206	-0.0030597141108923962
X950999	-0.05851122952873323	0.04425716262430047	-0.011037479469780146
X951002	0.0039055098477485724	0.007440635660631616	0.014416026840476721
X951018	0.00979397300336444	0.016528573081062033	-0.014297243985468404
X951019	0.00013790741844035883	-0.0202698442825082	-0.021524448936266174
X951027	-0.02375143100159422	-0.018625494767166458	-0.018408176760306403
X951030	-0.015753036836198154	-0.018295265588590695	0.016585432818851168
X951041	0.0058116348569447395	-0.013018690333574239	-0.0174518987351448
X951051	0.02142676010674384	0.007714596000737404	-0.003050834065101356
X951054	0.00013831461586118673	-0.005328718974031089	0.006334666418607761
X951055	-0.00247264265086828	-0.004569098728499172	0.005045050190425139
X951067	-0.00337749492413549	-0.007847538372219222	0.0009886262262757196
X951071	-0.0032816842723306277	-0.017817549990110686	-0.012067006386993807
X951083	0.01972036147680491	0.008317767296462173	0.004466475067079803
X951085	0.0246027213274979	0.012838392575265813	0.020120484812999682
X951115	-0.007543621511088213	-0.0008302079792865987	0.009688172977953581
X951141	0.01980330096083947	0.027380081355237874	-0.020074109326928137
X951144	-0.002013096893977176	0.017329945423851946	0.012997782475602113
X951150	0.02477474870790278	0.002240950285090534	-0.009778897759865054
X951151	0.01463241939678535	0.005739395106499943	0.01606091046519052
X951154	-0.0004497952807168413	-0.0113297517525116	-0.027926028628727038
X951156	-0.006607846567333443	-0.011672487157825722	0.0006456027822143281
X951162	-0.000293038353530516	0.007167626292322753	-0.01078094458289892
X951171	-0.003409971343331598	-0.0001274149675176183	-0.02286671132244704
X951174	0.018239634102375918	0.017327019915809132	0.001984811976834734
X951242	-0.011055457200839327	-0.007051624333686296	-0.0019790095522762277
X951273	-0.004550761191191914	-0.003700737419870584	-0.023175234526079114
X951284	-0.008344512273846253	-0.008351377622296628	-0.0012532531332146457
X951317	-0.01316234054833082	-0.018617839306688626	-0.013994731457598539
X951318	-0.017921670413177843	0.0007483612337435005	-0.00663876971006956
X951322	-0.014155905834340883	-0.013203360100815286	0.027019588424430568
X951337	-0.015457742946054167	0.009168330461235179	0.008920280907618124
X951365	0.002592172186923973	-0.02305134224909227	0.0169183616315702
X951409	-0.0076770474857976575	0.050026156789632195	0.023852146433430938
X951429	-0.007373359359193911	-0.012944064532607573	0.015876964678888286
X951457	-0.0245760778109287	0.016744594953119987	-0.006632515113390976
X960001	0.0416812535219004	-0.008888252933532395	0.045284326666041076
X960003	0.004025701770093716	-0.0029672548428277975	-0.028226163921635204
X960004	0.005183179635254523	0.014150118792719046	0.02943112357455734
X960005	0.0054094018758094	-0.0026797813706648894	-0.0190647981560922
X960009	0.024817252828651076	-0.006043640744842286	-0.04000809402784414
X960012	-0.008702193138875559	-0.00291587543250475	0.008335220133704625
X960016	0.013482717666318415	0.010233898107682141	0.0025404311618792996
X960018	-0.029602906539438315	-0.020359919284282074	-0.01166747557506158
X960019	0.03851967866727494	-0.01988121724343405	0.09952312839018719
X960020	0.002896835857198467	0.01472913665867301	-0.01498704789293086
X960021	0.017056368328881258	-0.022789016213804615	-0.00642494598668242
X960022	0.0029911259154489734	-0.009412425980973822	-0.007047037940644522
X960023	-0.036585709656009775	-0.036860860333335	0.050619001538031734
X960025	-0.002296733553910863	0.007392157248792252	-0.0001760206754473167
X960026	-0.0206047992087744	-0.014325317941534882	0.020072649810747953
X960027	-0.020055297090325105	-0.00676405334886191	0.009254500232023132
X960028	-0.01218665499628558	-0.037089671450235076	0.021700819125212486
X960029	-0.015090247116595122	-0.007459956044095621	-0.017802922554074913
X960030	0.023825905760095342	-0.01015052729279988	-0.02147549309967811
X960033	0.026660609086987544	0.009995240118820832	0.009931839066261543
X960035	-0.049519728623715925	0.07498027703461375	-0.02487251980183878
X960037	-0.043794859201813384	-0.018577415826316432	-0.0036227953182135625
X960039	0.006981054734588968	-0.008033549845076014	-0.01452567389299007
X960040	-9.380081329495596e-05	0.03162692416953869	-0.00424113534963189
X960044	0.017124358182730892	0.01283956858101867	0.017068000937777508
X960046	-0.06735629659508267	-0.007988475134925607	0.07259053470414456
X960048	0.0028691317702469825	0.009662026958174651	-0.055982185091487786
X960049	0.030299371767334774	0.03784878068016096	-0.002882122333028336
X960050	0.017768675239905815	-0.0077359047063665564	0.016083976502439687
X960051	0.0034295103119780053	-0.024875356044249414	-0.006147244756026207
X960055	0.021463747965819194	0.008340582746385848	0.01534753393836791
X960058	-0.006045872276875406	0.0035080640819041982	0.007536605073817452
X960059	0.02746258091402503	0.022084691367342764	0.014616644567778126
X960061	0.07725734786896798	0.0492489752995353	-0.015104752827774097
X960064	-0.005080612945509463	-0.014844033827413543	0.0013277204983909087
X960069	-0.004986979443169762	-0.025155950544069605	-0.008374031265263602
X960070	0.00272729907295219	0.004191548899009857	-0.004411395239772504
X960071	0.02069055604945624	-0.002808468978897078	0.013039322852010265
X960072	0.03249529894933488	-0.0008068780185806583	0.0005177301489554262
X960073	-0.021196063391806012	-0.024221658108492517	0.0023363969743920845
X960074	0.029667747726227423	0.024767658115675224	0.00023615195330068802
X960083	-0.0002789503323675153	-0.00659691642772069	0.005139719562929072
X960086	-0.016196149158934733	0.05215570682672444	0.09427209873355492
X960090	0.024243526325449485	0.0011273757657182589	-0.012259798060023412
X960091	-0.018013277617887524	-0.005178878887354303	-0.00976355629393712
X960092	0.0399620767622004	0.014962006032870864	0.00011993055260622631
X960093	-0.003982560489315277	-0.001657965492104208	-0.020597253564339644
X960096	0.02367600264044513	0.04559878906374892	0.018087542894095362
X960097	0.0067157846387043574	-0.0038908919342575147	0.014495220252601653
X960098	0.004825166651846446	-0.006048030258660985	0.011846926381511384
X960099	-0.002824705052234604	-0.008549279738747891	-0.020324434732557302
X960102	0.02250802119342636	0.00788843476039365	-0.016728431120518923
X960104	0.029838435272092324	0.004309347649704347	-0.014552639728053877
X960106	-0.004932600764498904	-0.007243803382431922	0.007470044226747662
X960108	0.003139674374841309	-0.005006957922807179	-0.016186630174765862
X960112	-0.006109124219721975	-0.004736177262611373	0.007676378795790348
X960113	0.030044794905794384	0.015552924046663315	0.0067976704308258485
X960114	-0.012762663701089196	0.0014715928054669124	0.015932032102717982
X960115	-0.0017740879016285044	0.002971224618794727	0.024583909617662717
X960118	-0.04120376059796567	-0.0720578612276586	0.009722169529358175
X960120	0.00638478616229854	-0.0034766119754545115	-0.005446300225783157
X960122	0.043667503751768734	-0.008709391782083319	-0.010829364770879509
X960125	0.02525937425171083	0.016971770907762904	0.011898539064646637
X960126	-0.01940354952740409	0.003965635166240063	-0.007413336655597482
X960129	0.0016872538747357817	0.050570103056041774	0.0023751593595168403
X960130	-0.011171196220357695	-0.005915417834121896	-0.023040335993687718
X960131	0.029231053935033478	0.01603838687961887	0.01861891088806453
X960136	0.033869815817744314	0.012627500939018318	0.00027257081983711516
X960137	-0.004969519845476729	-0.011586307398523184	-0.01186724946755043
X960140	0.02232866516339361	-0.006138336354751855	0.013092724301332567
X960146	0.06228709458980733	-0.054657510441694646	-0.048695993094609376
X960148	-0.029439397088506274	-0.012259181130812848	-0.005155852851514404
X960149	0.0035550782898702304	-0.015483630302260526	-0.0009112607791551598
X960152	-0.02394269495598725	0.0018552703901276377	-0.012244723117395146
X960153	0.03405081783396515	0.02883735063881535	-0.03306015072509641
X960154	0.0013738322732553842	0.04577200204266149	-0.011231123822174576
X960158	0.045140945108065426	-0.03273739182894521	-0.004998566261788946
X960160	-0.010415366950269556	0.031116254458170844	-0.014489538781085307
X960162	-0.005863251711319053	-0.006513924089323501	-0.011306847721450086
X960164	0.014017847259626093	0.008456313320183593	-0.00552535064838194
X960165	-0.01948649441256374	-0.014476347208212477	0.038287045869332896
X960169	-0.00022419426985720216	-0.00881757788466133	-0.008228739081602958
X960171	0.005867012444365746	-0.005922756832316596	-0.007064856063563465
X960174	-0.007009256866302959	0.013535726992866572	-0.016692607009110884
X960175	-0.006451205569384667	-0.006571037445586914	0.0034510825806736765
X960176	-0.017721693502791323	0.012302943685298745	0.013749429198887428
X960177	-0.03111354228330188	-0.038713868581414165	0.051440498185027064
X960178	-0.017615538823942525	-0.005422526140849196	-0.009751620381456346
X960179	-0.00048374619922759667	0.0029364469110813793	-0.007319291986621039
X960180	-0.010639287267251402	-0.02347466031042408	-0.04191321867396797
X960181	0.010339512223961178	-0.006970038361169742	-0.017739415627261973
X960183	-0.03407829386286533	-0.012042125243492484	0.018432444371839683
X960184	0.011676815148364833	-0.013121745181985662	-0.022186348519292513
X960187	0.04072584493109415	0.02089672898169937	-0.0014169425038403518
X960189	0.008967483744904737	-0.04854260590446612	-0.0908052613177456
X960193	0.09235382009399583	0.1266992389993143	0.010066431732693103
X960194	0.03873570604877729	0.0356829744084146	0.021434169914400537
X960197	0.003960143744912727	0.01593749771337416	0.0111214265023476
X960199	-0.0005608431077802119	-0.003738560527653636	-0.0032282534847099496
X960203	0.005276988101129894	0.023028645806857737	0.0058463336200926955
X960206	0.02980912349456703	-0.04025013287012654	0.07937566627315903
X960208	0.0020197996187476266	-0.07335466272743112	-0.09990980120181393
X960212	0.0032205619683186386	0.006632758255192297	0.007167383102665716
X960214	0.037565107870202334	0.0009423431651282883	-0.038418708549768955
X960216	0.009031028477525736	0.014593280176647615	0.022440281054050243
X960219	-0.035690486719963097	-0.03788332799671489	0.023539829540605108
X960220	-0.01934599049960329	-0.033595004767276566	0.02411068011829126
X960221	0.011577650182915226	0.016292523581660424	0.02457161093044922
X960222	0.04383656283520986	0.03490118402385665	0.026673457667674583
X960224	0.004598660410643376	-0.010010502715314893	-0.008399188600526459
X960226	0.05413142847266535	0.03967694287293355	-0.11397644142208686
X960229	0.007737615071390436	-0.013248470886151217	-0.014551003150936576
X960231	0.03516146442932981	0.02123393756902704	0.021973132919965187
X960235	-0.01895011521132845	0.006788829993688916	-0.02947732943917261
X960238	-0.009456153872665985	0.028640027064176538	0.04662597874081858
X960239	0.06508095855175143	0.03235961227302138	0.01909113855153816
X960241	0.007828156799329545	-0.018236904872202864	-0.013891929463696507
X960242	-0.08497427627457585	0.13866903762098273	-0.0005096893426462263
X960244	0.011495509328072277	6.88221914718688e-05	0.021388311105842692
X960245	-0.030719283312271552	0.021101001771744222	0.010397701993521231
X960249	0.007555483334246284	-0.0195883686724719	-0.02210854624609014
X960250	-0.002697774253268543	0.0019899083523797568	-0.016325042577043626
X960252	-0.015258243580787622	0.00044654456877555806	0.008400808264017305
X960254	0.012216438069053311	0.013736475659241089	0.01568349864711088
X960255	0.00724045008436434	-0.010417569088917179	-0.009756773452404006
X960263	0.013012908515921115	0.007046621642761056	0.007447150661078014
X960264	0.00612197936247722	-0.010301031585706786	0.01200747275435755
X960266	-0.010190039657086793	3.1070583653938696e-05	7.02695959371446e-05
X960267	-0.0004399837071906818	0.0002895442491929957	0.009017468082835486
X960268	-0.0024552772819618203	0.03401362879203298	-0.023886728575392424
X960274	0.026160689650337198	0.0005265010332815582	-0.01468551284630076
X960276	0.012481004014588673	-0.008180883135017544	-0.02069112783742597
X960277	-0.003666884401257933	-0.04698935335235629	0.019932841865684645
X960279	-0.003795499613046151	-0.019126293421786452	-0.027898238822782057
X960288	0.003313650022609316	0.0031168572976025865	0.005161434598510893
X960290	-4.9512990963008025e-05	-0.009482767615646374	-0.006038168644102899
X960297	-0.004240104716146185	-0.008977728776850135	-0.010763452679680952
X960302	-0.03257077628157487	-0.04158321741434586	0.009054126162299782
X960303	-0.0049904677714340245	0.004620071827956745	-0.03247041533785876
X960304	-0.04935190181332749	-0.011909590170806547	0.02701450127161883
X960306	-0.030292429155522542	0.03561036823173233	-0.03976814264172008
X960309	-0.03847937562344752	0.04160611281854308	-0.041127536024506854
X960312	-0.006529439130925498	0.016469017754326496	0.0002732478880020129
X960315	0.014087718446957016	0.0004972049887646218	-0.010432266266214255
X960318	0.02448587072918092	0.04261912543747134	0.021535336697770743
X960319	0.027194123144215418	-0.021989595646388874	-0.02551733021407042
X960322	-0.012397945315428564	-0.008833277028574796	0.02283707114545468
X960327	-0.014526694171651165	-0.001002147710994707	0.007150115549860204
X960331	0.0053329158634198535	0.003396483681730881	-0.027431161398950927
X960336	-0.009220994159869647	0.020816846990915232	-0.04127448875407998
X960338	-0.05007893560153521	-0.05682728330444669	0.0038323576230001656
X960339	-0.00236228568479073	0.01089662906625809	-0.0020085978222727048
X960341	-0.014708077512560818	-0.011452769576692121	-0.02609979680258078
X960342	-0.009434264030810146	0.022085145002129256	-0.009330130162603343
X960344	-0.01065527627535872	0.02489485403850957	0.012553732870151447
X960347	0.006120188073496858	-0.0035087210482153902	0.0020260810887588686
X960348	-8.050629528867885e-05	-0.010443595141548153	-0.008027452749782543
X960350	0.007399551056477778	-0.008615988258425075	-0.006871502244128859
X960351	0.0047444537768446165	-0.015465453949782448	-0.0072118904798287135
X960352	-0.006728818519167005	0.035694530012551136	-0.0005120793403955886
X960353	0.04602843134105195	-0.012361781302535435	0.03915396914492573
X960354	-0.0579605756313794	-0.07163062542528467	0.021645813437799775
X960357	-0.04630429890283211	-0.04993416324673836	0.0532606220568159
X960360	-0.09700573580432297	0.008180073515429995	-0.002781797238679775
X960362	0.017172444427185553	-0.005623625179545953	-0.014422482053193316
X960363	0.021766144677917237	-0.00464875464098962	0.052322564475551524
X960365	-0.011981522201681674	-0.0047487720439531485	0.026095028236676004
X960368	0.005484398379820311	-0.00479456799571156	-0.0017201645333787972
X960372	0.005475184835572729	-0.02402682397796365	0.026145678984532492
X960373	0.01783738001775879	0.003908793934210118	-0.002773623607083431
X960374	-0.05723923189572737	0.017858016312558334	0.01800358653318765
X960376	-0.058815673670871926	0.0018986280804573956	0.002570670610989825
X960377	0.006905886334870599	0.010253483895395316	0.030199468102135113
X960379	0.008815656795005396	0.0003068136435949009	-0.011005829158806884
X960381	0.04210145220689631	-0.0026656931641193607	-0.011976357449290985
X960383	0.024051932137663302	-0.023997149623838858	0.04518743954022303
X960385	0.021890492896134175	0.013578064361758128	0.011593505335186745
X960386	0.028710703165318492	-0.006125605057239835	0.0758607006442588
X960387	-0.020360433470053247	0.01621486317831824	0.0319932398264638
X960390	-0.012442877809177374	-0.00780964500518457	-0.006253879074017228
X960394	-0.037232245733765046	-0.013113462986452653	-0.006148506542888605
X960398	0.02663337143810618	-0.01875898793451827	-0.0015006672962070279
X960401	0.028339845149362712	0.006918350840378838	0.007546688775090217
X960403	0.0029525223028552612	-0.015055055502061486	0.012348031307864712
X960404	-0.009878957557198429	0.0038881717674460795	-0.014982123344439399
X960408	-0.07674703410747905	-0.08811045234769074	0.019092605198979363
X960410	0.053691146248425366	0.027158981647726014	-0.019668452725700815
X960411	-0.02808245934796835	-0.02056919686890648	0.018786104086190414
X960412	0.013637884586567811	-0.016207906551730676	-0.00015439617771154514
X960414	-0.0032236170667738627	0.026445112032787724	-0.01693467032168001
X960419	0.012773797471824682	0.0025346204402581143	0.016627637199447043
X960421	-0.04252770133807852	0.052037557026243214	0.020516601749128442
X960423	0.004216856561255654	-0.01909640311781336	-0.02534369417510784
X960425	-0.014480638939480607	-0.013394384196746894	0.011082154175396375
X960426	0.0010009060544225058	-0.00873589212414243	-0.007072437122501162
X960427	-0.006540037109842766	0.022217694693652108	-0.011899503387403053
X960428	0.004143154828961824	-0.005732651453310791	-0.03502827122883797
X960430	0.012514288940108809	-0.00041332765553043674	0.0042603993453317005
X960431	0.0055202792014967935	0.004129197745148115	-0.006904372242487836
X960434	0.015014091943751808	-0.00026376374001733596	-0.033234351177278486
X960435	-0.04492654989032144	0.02208100138657726	-0.004322358182823583
X960439	-0.0005370819712906115	-0.004157328301192357	-0.01864305844909603
X960443	-0.00607258409116631	0.007182887367841756	0.03436353242191163
X960445	0.001483965792814682	-0.010934733341919424	-0.004045515031504085
X960446	-0.003241191442373016	-0.0006112307339878877	-0.012352047381216986
X960447	0.026870178702713125	0.035654618074537237	0.0021278470922608036
X960452	-0.011410962909681197	0.007088844830645438	-0.01315127222707797
X960463	-0.04543185694684228	0.10055499588664486	0.002475424000918111
X960465	-0.06406681156640369	0.013982981602955085	-0.05781796674854737
X960478	-0.005434289123479426	0.003897267366745041	0.005956497831472807
X960480	-0.006937397598782195	-0.028854629894291314	-0.007583707958415039
X960481	-0.03752131852908273	-0.08307785250436854	0.024031974065061516
X960483	0.02186533124885505	-0.032161440720795624	-0.028061198576238337
X960485	-0.02375739452832157	-0.11245119942096815	-0.10789227937005634
X960490	-0.020568926556967394	-0.007091437968217158	-0.00773948766828122
X960493	0.02613921743070599	0.02686737930642511	0.03605197448419162
X960494	-0.0036935791596939306	0.006569977371308168	-0.09023422517561776
X960496	0.0011115509627564102	-0.012133245085314562	-0.01209510585458345
X960501	-0.0038537508945690026	0.00677650364167471	0.020935322122598517
X960513	-0.01789546299723968	-0.0007683094209690515	-0.01587545339967866
X960516	0.017387845906904863	0.018696161043835164	0.0047213567796908764
X960529	0.008659484125054972	-0.01717296732432311	-0.014006480145638744
X960538	-0.0187571397341266	-0.032384794196659204	0.004762149538543834
X960542	-0.11649482206061254	-0.07924579595941127	0.009719301029648224
X960544	0.017599421002975266	-0.006462027492770723	0.012735078480548096
X960550	-0.0012942850858049218	0.025762799366597318	0.0024055453815053354
X960551	-0.0011081619377994927	-0.0004676450453752977	-0.013783064980869042
X960553	0.0027509327895613384	-0.0193568017770546	-0.015278840460451228
X960557	0.05714662139106614	0.050858148966615765	-0.011610777216870887
X960575	-0.0153416300610232	0.07837971489140595	0.11967614292303762
X960577	-0.004784432570257761	-0.013312311412202432	0.005711718077423514
X960589	0.026846586063186413	-0.001578725655661985	0.03450828623184595
X960591	0.05679323343582033	0.0006369830002407849	0.030479731884265025
X960592	0.10443040087058937	0.02828151492496239	0.1567979873262448
X960596	0.017537239888428875	0.0013116468978405405	-0.029216867437076778
X960611	0.005629165399829695	-0.02295280535406283	-0.01123889089444045
X960612	-0.03905906406619413	0.01042733006755619	0.004686289088515878
X960616	0.005398504379512499	-0.005713078953588628	-0.017317626545046004
X960632	0.008043280578170553	-0.005547545780051018	-0.006192727607430798
X960635	0.004686015355552203	-0.003864944537200122	-0.002255095625860743
X960636	0.0019279615002044627	-0.00291731974274723	-0.0017301544394084042
X960639	0.017709548533290195	0.005057238407458282	0.006330822548997381
X960643	-0.0015794114938735533	-0.0060838314897770866	-0.009979024448030402
X960651	-0.0350229888858027	-0.044930294049357555	0.0064869578302106596
X960658	-0.056232694734497254	-0.07064101796646798	0.028264458069587002
X960659	0.022517996299995655	0.058102476286047464	-0.0003603899822148159
X960666	0.013992784701296815	-0.013696043913811162	-0.05617669953271446
X960667	0.003672201733760489	-0.006824707549733552	-0.0009378675640553418
X960672	0.005989035392506292	0.023673086783062007	-0.014718779942359247
X960673	0.012953774083966668	-0.02671355023102276	0.03613432943172884
X960683	0.07094353077379148	0.002986646488308324	-0.005081844986125497
X960684	0.019027658969198773	0.0004385998653817447	-0.008146460689060817
X960692	0.006781785378831959	0.015308847357017534	-0.02210117625739441
X960693	0.017737683462387	0.013791269201950675	0.013818498547593728
X960712	0.00797076982259098	0.02994470789945074	0.032661300022437244
X960719	0.011928993196103426	-0.009291536923965301	-0.02496785244813879
X960720	0.06633303721575236	0.10032308008457451	0.05116395795605952
X960726	-0.076464378080268	0.031014769986824477	-0.0727185405085656
X960743	0.01708646566287974	0.06362045621037483	0.10061502037810409
X960748	0.012128003166716056	-0.018402883103880344	0.009731233357286245
X960751	0.042372451574003135	0.0025945635422000126	-0.06464140692707601
X960760	0.027315138463417887	-0.0014390491424459383	0.018439462079595927
X960764	0.07777001811567798	0.003930202363236534	-0.0051343442464670454
X960788	0.020762968201846133	0.030674994718506838	0.05850827049959289
X960792	-0.024608575209971142	-0.004393196637455672	0.060155511099313726
X960793	0.11820774475521992	-0.04650729265011955	0.1117647748487572
X960795	0.018739925581187918	-0.011160854336503823	-0.02784427408061854
X960796	-0.043219236288534864	-0.05096607832817814	-0.002565565834440262
X960803	0.002635236271735124	0.0007900936950862872	0.013247404582278412
X960807	0.027608412012534174	0.03984695667298551	0.027339731538633068
X960837	0.01836404654563021	-0.003479275812732097	-0.00023394579303068067
X960841	-0.03187757267418322	0.0012325580363624555	0.061073245367598915
X960843	-0.01471595466974976	-0.011825692476764913	-0.012854146416040279
X960848	0.01426143237582709	0.0027214339857323877	0.00812888811076857
X960850	0.0007710343900397614	0.044109386370595347	0.08117021247077695
X960851	0.025011982984095637	0.021834645182552716	-0.021057828173820906
X960857	0.026506416239216575	-0.0067854357480721895	-0.010369236858547768
X960865	-0.019958767030627284	-0.037695178792110554	0.052061003969675855
X960870	-0.019344002162979494	-0.014070077493252491	-0.013478650845822667
X960875	0.016192252736989463	-0.0078840674122045	0.04091754784762705
X960883	-0.019479600540160985	-0.02526753389852929	0.01185275667164689
X960884	0.021668530543073196	0.005747183984812532	0.0071215880175209715
X960892	0.02183241688331986	0.029763615801159916	-0.00984090005364822
X960894	-0.010318684343037749	-0.026773818720972866	-0.014453543219623477
X960910	0.02269822654378038	-0.010849194096500694	-0.009457837927420274
X960911	0.006787148997160435	-0.025064298871264667	-0.01626742193785539
X960920	-0.018200298600430632	0.025857621965599993	0.02090543624611103
X960934	-0.06334885376664265	0.0762769873593114	-0.06499009173351152
X960939	-0.009788266444635041	-0.006250168354847868	0.005424458798829003
X960943	0.03571861441740245	0.031092724886289787	0.012830876159572482
X960944	0.06351996688000183	-0.04785852318128309	0.10758742476657504
X960969	-0.014936494627830362	0.028205347523350806	-0.007704223667105226
X960972	-0.03027230139887081	-0.023431724922983194	0.023456075950791848
X960974	-0.00012854860075317567	-0.0052517121421160546	0.0015902658890354195
X960981	-0.007012653534019141	0.03068923371997861	-0.009068281027091181
X960991	0.04849690908133003	0.004306042190703551	-0.04577633605273636
X960998	-0.016912003895304197	-0.008129386995153016	0.005613353074757288
X961012	-0.003141691281760068	-0.0015379426277592882	0.033724627853453974
X961035	-0.04981290779152225	-0.031859463533160375	0.10836034802025218
X961077	0.02644607365563708	0.013607257537506827	-0.02302623489105581
X961092	-0.05019202498415005	0.0038740754410415677	0.016282929855028643
X961096	-0.013580977252231946	0.016985206933232324	-0.012347295326219893
X961105	-0.0052109181574435705	-0.006047502551266864	-0.012494664056881634
X961124	0.02960638207478593	-0.013872417758178362	-0.0005367991371687858
X961128	-0.008343139866414075	0.013750747289187988	0.017647173298304304
X961151	0.017875442316277277	-0.02765660106711209	-0.12087905905631856
X961177	-0.023304462580606967	0.0449132249533393	-0.0020664391427887424
X961180	-0.039629841241990274	0.03575087744324837	0.036921620552755045
X961193	0.022990554107335165	-0.025376170881504134	0.06184936646366509
X961214	0.01274035883213871	-0.01971480659743287	-0.003522261435620787
X961221	0.016768601452762807	8.200747891549369e-05	-0.002200800736765281
X961226	-0.05386967373583955	-0.06793371230794408	0.027980327611527123
X961240	0.01860018232102183	0.007458702246495641	0.04098942684727888
X961242	-0.03618998369620654	-0.020642826545198528	0.011871502053272068
X961243	0.06582689660427155	-0.05077832323279987	-0.26317399400404373
X961246	-0.013307456117455948	-0.011210638571297156	-0.0016272926615708717
X961263	-0.019412366380252944	-0.007472155940823827	0.01678459283395452
X961282	0.009046010314177474	0.01112879724058393	0.003883927004076976
X961321	-0.0011765569398901573	-0.018950295535340785	0.0053139139234841025
X961325	0.04327721633118203	-0.04310218670848201	-0.1460931070438447
X961339	-0.016468107271635512	-0.021343830032474538	0.07366575941804099
X961365	0.02194294537894645	0.003414093280637055	-0.03394360769400515
X961417	-0.01239506951797891	-0.008400177039051066	-0.010581575805455202
X961423	0.029011114157517844	-0.0019147906046927583	-0.0076703608364818
X961434	-0.021532000786554546	0.011056776980348905	-0.015606218304820191
X961485	0.0429499751861732	-0.0005325468640808546	0.03380048494994612
X961553	-0.01708519303970737	0.08311320184358476	-0.03877635860682106
X961577	0.011204313816916348	0.0062864808484889316	0.03645035234793369
X961634	-0.016375774587264122	-0.019084740313483912	-0.012709103334844886
X961684	0.011567121015903703	0.0028943769872832805	-0.0076255562430540755
X961686	-0.042725792456252784	0.10075890830895526	-0.024980588766436558
X961738	0.0011899417108632692	-0.03329906641505884	0.021764409351813337
X961809	-0.0018184408663859777	-0.029097658703562637	-0.00221457726133178
X970002	-0.020106335277295627	-0.009968035263196246	0.0064065367260940495
X970003	0.006257840056231225	-0.012981855587769466	-0.004758020410642736
X970007	0.0010244352716544702	0.007427058486966608	0.030042720086257566
X970008	-0.003628627497402601	-0.004269062458039605	-0.00672363793526954
X970010	-5.8221497730994275e-05	-0.01659265128714372	-0.009946931155284638
X970011	0.014000131441636943	0.020846663289416794	0.019611441544889148
X970013	-0.008150234991800445	-0.012877566912097379	-0.014461031649302248
X970015	0.01003912656695892	0.04708929471036714	-0.0020969646606388104
X970016	0.0009986833069044099	0.012369101527693764	-0.0029846388764553874
X970017	0.045940601901039844	-0.003611760573228504	-0.009607347925220602
X970018	-0.039475751014049994	0.056754288514559	-0.01961151412700039
X970022	-0.007585187394264556	0.022589779298784984	0.019663235555665175
X970024	-0.0003033269601542331	-0.005151742603487419	-0.006378813594821794
X970026	0.009777362924794471	0.009266118548008209	0.003648059990041474
X970027	-0.00865340834504914	-0.005493436181192239	0.014382034402590001
X970029	-0.004867989644464217	-0.0015876416319704385	0.0038212712702779543
X970030	-0.07062576277479503	-0.03929076294095193	-0.009899741100135764
X970031	0.03300205177725017	0.02709994430491261	-0.010355500760683587
X970032	0.04065989086043347	-0.008458530652689712	0.03936400687246583
X970033	-0.001722492223201174	-0.04955223171912128	-0.10851025555110243
X970034	0.018315629514793815	-0.0026986995432335234	-0.0016601887943421627
X970035	-0.015732098842629345	-0.005568775281419863	-0.015857740643904713
X970037	-0.0052948481348284275	-0.014228441413052758	0.008919382504523062
X970038	0.007133482076745165	-0.031700460603225795	-0.01976380492683406
X970039	-0.002309443228094805	-0.017004898478703012	0.0013746550582910007
X970040	0.009223341985239086	-0.024995678387889	-0.01778716144619814
X970041	0.001264277024021142	0.005690507510005243	-0.00615360346651579
X970042	-0.020034308018851792	0.011696047487630132	-0.02578196655340959
X970044	-0.0030979640700210106	-0.02143990498487716	-0.008402591605709485
X970045	0.0002900308096690435	0.011127187035843937	-0.014532480506519277
X970050	-0.014089756671784177	-0.0268522321357393	-0.002103831520516793
X970051	0.0020355617947350993	0.03034476810394013	0.0012251687096722906
X970052	0.0006726028521013832	-0.025509407565870886	-0.00919196438118262
X970055	0.0010953429788765348	-0.005194171285108805	0.006139401063107232
X970057	-0.003957037726210764	0.007328919451104438	0.002563651584912967
X970065	0.002060780955568332	-0.00022927121033550947	-0.004653417042781796
X970067	0.0067503342175871	-0.012664356823131493	-0.01241637406658229
X970069	0.0539922677269915	-0.037072409149560726	-0.027649738377145995
X970071	0.003126205659120451	-0.007320339680382616	0.0017780206277205712
X970072	-0.004228593036966093	0.018728284024277612	-0.006732237424451608
X970075	0.010281449102183217	-0.021553234636816902	0.037723097778617584
X970078	-0.002051620369926636	-0.005131512221483822	0.009569575920413903
X970079	0.006492302340022866	0.026401199481283583	-0.021747967864206092
X970082	-0.018059408860557093	-0.030304728147035925	0.004496224832953394
X970084	0.008912712637565733	-0.017326227959106533	-0.026244632806480997
X970085	0.05295833052367901	0.02506050667597249	0.013131967112448862
X970086	-0.010437671978972241	-0.0005472441364112559	-0.011588354424787693
X970088	-0.002953856649736354	-0.011131470060866318	0.0010337357180204502
X970089	-0.052896979084406555	-0.08564155685001526	0.005111311489941079
X970091	-0.08436537334452003	0.06321893844445683	-0.03876025702372139
X970092	-0.031992637121726245	0.11448557259451136	0.009755150441203257
X970093	-0.002819144630024736	-0.003105037852305229	-0.0011311985728151984
X970094	0.004375815957159733	-0.037288428405865555	-0.0010629606252962726
X970095	0.019068102676129947	-0.022316801360992063	-0.02846547453002407
X970097	-0.0218950012919049	0.005428009796776835	0.004246165523760193
X970099	0.014618999221451537	0.005235555931927207	0.02069129051930934
X970100	0.05505379359246562	-0.03059801532467712	-0.022004933953389216
X970102	-0.10535087616622124	-0.02724043375169889	-0.034377767929329874
X970106	0.006146046638482971	-0.019195013479555476	-0.009036198634465063
X970109	-0.006544832436692217	0.0004782413461545681	-0.009521723875543947
X970112	0.03401519006290335	-0.0025296811560409894	-0.014505771605814429
X970113	-0.04618066579466626	-0.04538198461191659	0.04974416541911755
X970116	0.027439268026576837	0.007800791298315297	-0.0013195264912235446
X970118	-0.003388353655400167	-0.012096813893503526	-0.011787248489613057
X970120	0.004003206192586259	-0.003641391017114609	0.018164086263914237
X970121	-0.064606040302728	-0.18869056749556895	0.09893050811109745
X970124	0.004270605598284351	-0.024827427674612598	0.005801762558656062
X970125	0.005065336684053352	0.0009989294052417453	0.0017763520788062071
X970128	-0.08752832536884497	-0.05982645257675297	0.003977715673733827
X970129	-0.005790848669451111	-0.014929696618571174	-0.0042223200350137505
X970130	-0.012940508877423323	0.015134994375239325	0.01862881538301947
X970131	-0.0754155800483121	-0.09476238377628488	0.014495051185601033
X970134	-0.0005517613668787481	-0.0005556570563204718	0.010606198406489117
X970135	-0.013280699043006166	0.01895233365971146	0.04150195873668763
X970140	0.008690948926050967	-0.0020738435797879435	0.008638870697527645
X970141	-0.06489478156967766	-0.06331632718505294	0.003147716021771533
X970146	-0.007255637908072769	-0.007709618245880232	0.0003487862558571843
X970152	-0.01555286675967927	0.019238642044073873	0.010957466336012205
X970154	-0.0009372732173968234	-0.018382654848172482	-0.017353040865842384
X970156	0.0004927042696509578	0.012616566109010158	-0.0041330334669691165
X970157	0.0037667816530629647	-0.01119926679781691	0.006235569451475962
X970158	-0.009001908873709394	-0.02144688494961028	-0.0035064500170043614
X970160	-0.00986749078834125	-0.010534494211225223	0.01520960775615265
X970161	0.029791400569885655	-0.021163623696067745	0.00836804475161424
X970165	-0.006428220300000358	-0.011207687408136342	0.0018503350940571584
X970166	0.018674727208861083	-0.03806936183238091	-0.014802462669250806
X970168	0.006778156258900166	-0.012275524623061699	-0.004171806755336151
X970177	0.01848813158798021	-0.0005249430584986454	-0.014529462923649174
X970179	0.012960347001631137	0.030334977823130545	0.014000096866668647
X970180	0.005092454119771495	-0.015324218220162274	0.0003268387086329432
X970181	-0.0009420755893318336	0.011994133127570415	0.00180365679530423
X970185	0.016703698231998458	0.022024318198666452	0.03735743801101823
X970194	-0.01218137565095945	0.002937187576062764	0.017602475336758454
X970197	-0.005255239536798303	-0.006961065634872311	0.021451758160951132
X970199	-0.0028257751774006224	-0.003615230780556149	0.005380975937239025
X970206	0.017238242048958595	-0.005291142805204329	-0.027424620517683972
X970207	0.0044582344792557845	-0.0034366229930474133	0.04363519153889982
X970209	-0.00810239700295422	-0.007537549243478754	-0.002444488459851235
X970216	-0.05747352824010401	-0.06342814371752269	0.0218543863514835
X970221	-0.016590238858363845	0.003717663430638717	-0.003969442661544428
X970225	-0.0020763859576726057	-0.01313788349080228	-0.003923010051044814
X970226	0.020347071093316182	-0.014454444602844252	-0.010862549497129956
X970227	0.008214892135223873	-0.011808940487559958	-0.0025482516205598046
X970228	-0.013942109744094175	0.003893645274675871	0.0052733557028335045
X970232	-0.02001183109883554	0.031208006849294107	-0.05453565456645802
X970236	-0.00828614997030281	-0.05545305583219201	-0.036207599784357516
X970237	-0.02722663410081201	-0.014251365876692675	0.017010726741439386
X970240	-0.01385482987790601	0.0765913266719292	0.08847624540509597
X970250	0.010627508768777163	0.015833820369578214	-0.013639908328475675
X970251	-0.0008100546307969126	0.009980000799829506	-0.03610110691234929
X970254	-0.11493731559665778	-0.0006273959210164643	0.02347947353573891
X970255	0.008370258696336928	-0.015248440094795169	0.0011275064086848701
X970257	-0.037078975976819174	-0.07377979115876314	-0.013150162540767799
X970268	-0.013569054141531037	-0.011530885712854851	0.022999358566772186
X970269	0.034580913832479326	-0.0032311241417797634	0.04872602716999272
X970271	0.01930593634287928	-0.03505181922847375	-0.08113954662675106
X970277	0.014777700195022715	-0.01985811076315416	-0.0015478379639207146
X970283	-0.05429346507109702	0.08826966881531977	-0.053258621213881335
X970288	-0.018432190377550794	0.02641824295213158	0.01503540887861009
X970296	-0.06726973431059437	0.012481752981008318	0.029514626033996093
X970299	0.012136013753241867	0.0007347061499190455	-0.009762072221580174
X970307	-0.0004198597068524744	-0.00445339082355993	-0.010750240664389211
X970312	-0.026354618992323848	-0.03179915062174166	0.011944886562869352
X970323	0.013356863385908808	-0.01162486123756021	-0.013960599903125858
X970325	-0.0029044817877374547	0.011699867963095785	0.030652988803622768
X970327	-0.029084396762162384	0.04034097675819593	-0.003364563559885417
X970338	0.012024198218698911	-0.03595872156331181	-0.07178480319888998
X970342	-0.05397056264071608	0.06896404414141347	-0.02141898623046395
X970343	-0.04407380731570553	0.006795246219677311	0.04079726716296233
X970345	0.003499902597320031	-0.014641486719094854	0.0003712920111664806
X970346	-0.020447546361057743	-0.05830620878503041	0.043187722708317916
X970349	0.013508349738186643	-0.003301651874380498	0.00833947032638677
X970350	0.024041655266642717	-0.012608194172784396	-0.0048091763699574935
X970358	0.026066089581289795	0.018023500434137175	0.00467230717727779
X970359	-0.008567255592131923	-0.0377822496405094	-0.013928512257730093
X970361	0.048529128656885065	-0.026036352161119054	0.0225760396523546
X970366	0.06201080328535919	-0.0412344216692433	-0.07683201831552187
X970375	0.0013567629435604568	-0.015274379950171158	-0.015941165944420035
X970380	0.0224494497141256	0.06890745155178964	0.07739246956007315
X970381	-0.02275516691322762	0.010664384494156345	6.467059252022298e-05
X970389	0.06309256327156419	0.04679642847954899	-0.015846868682362413
X970393	0.011412541375633847	-0.025216502223876988	-0.09304691768383584
X970411	-0.057507847255894244	-0.03423977323397501	-0.019850088284104294
X970412	0.00658375071761696	-0.022816702203656482	-0.03776468963409827
X970414	-0.0178726779994977	-0.04233645608773896	-0.007038305505959498
X970425	0.009569012260912984	-0.011693558388457518	-0.002762673749385202
X970428	0.06388490276056547	0.04756818245759601	0.02073085880383198
X970432	0.010976609190938345	-0.00626000660132116	-0.006121411843368062
X970454	0.0042512880250706025	-0.012095682093439253	-0.0016360079857264886
X970472	0.005084090533471277	-0.01956983439073675	-0.01773437140571272
X970474	-0.013924288953517062	-0.01518593973382433	-0.004412886768728138
X970480	-0.0038892050968472934	-0.002073164131782966	-0.0069365966279618125
X970482	-0.05110906339646866	-0.026900192100383455	0.016151822230113716
X970497	0.047145206827803564	0.02087366163053323	-0.042732107900598774
X970502	-0.010575937947282694	0.028309850329754086	-0.0036700966552326527
X970504	0.04518653976533962	-0.016134801499328652	-0.010012179696448072
X970509	-0.025596610756655695	-0.07054037770188923	-0.0231359711618836
X970512	0.0011361083452192794	-0.024427190985207157	-0.005333640782043712
X970515	0.012626839414897657	0.01164647099474922	0.007033098377468507
X970517	-0.000538514695031678	0.016647313344602132	0.010679346969914566
X970519	0.012879045680796126	0.008597126257492017	-0.014528348593440115
X970522	0.001335085732134237	-0.018192478172637156	-0.020027862925588835
X970524	0.004930974921939243	0.001973910972774504	-0.02107723267108502
X970533	-0.0034285230378226406	-0.005815954188641178	0.008513291811780888
X970536	-0.014886594334952399	-0.008183558546594992	0.01567171197757935
X970538	0.009351118033659971	0.01516118863426084	-0.010089026496836035
X970543	-0.002076161226690877	-0.014292596006466363	-0.004152113747391541
X970544	-0.008462422998899958	0.04997511535156992	0.027137309037863443
X970549	0.035635226117305935	0.022575552352443976	0.010431584032906185
X970563	0.016654898936118646	-0.005685433433216533	0.022662066811860056
X970564	0.002285650948086657	-0.005307371193484794	-0.003902312468061655
X970573	0.00247473705827523	-0.032876217066127165	-0.05409423896868478
X970577	0.046922567258718476	0.024978322674907568	-0.016644519770296854
X970587	-0.00017608946215490537	-0.008329981197258697	0.001897117531506351
X970599	0.005603423628139123	0.0012292684718687146	0.025616593067387172
X970614	-0.0073313031020044725	-0.006931067014257317	-0.00533041361927635
X970625	0.02119658715361403	0.017499131701232483	0.01701031969238698
X970633	-0.050937393013614406	0.023470868198028978	-0.05119827673954003
X970638	0.016403039305365387	0.006858580027513276	0.02905979777263033
X970649	-0.0787626548605062	-0.0683683026386723	0.010223504697376597
X970659	0.006598959698935353	-0.012595683365946058	0.031743566698806916
X970663	0.010518492165640521	-0.009449956868899533	0.002194784362330813
X970664	-0.05896994676480674	-0.08662855850535116	-0.006335793689532748
X970677	0.008864601425305648	-0.025413069162403552	0.010480574506401916
X970680	-0.06213037393268379	0.03623015231143928	-0.057574260500225155
X970687	-0.024416944815127673	-0.02583873988488518	-0.016025038087299232
X970688	0.028734280551350494	0.010518372547022353	0.02343542675407837
X970692	0.0037112801954294573	-0.003104629704454972	0.02768911756120487
X970706	-0.12082494658020895	-0.0836501023683229	-0.006100330519931847
X970707	0.017042641480193244	-0.014304080061107694	0.04299672878708859
X970717	-0.009418561363514334	-0.0020462204263117195	0.00775405986971072
X970718	0.006519456826816078	0.0058819515149574194	0.004475911569302893
X970731	-0.002539434514937893	-0.02513837667547614	-0.013326472603559602
X970732	0.008318260459763185	-0.004305104956724361	0.03299948998646687
X970737	0.005319959148970027	-0.015147565927410905	-0.004856334930500542
X970745	-0.010048086613231802	-0.049305037423680725	0.001946321252327705
X970784	0.009641080701911461	-0.006186525814689736	-0.010082416114030953
X970791	-0.016063015986609534	0.014852672824305073	0.01464054974859373
X970813	0.006543884652423149	0.014199739557895597	-0.041452098490362646
X970860	-0.0018690639031172071	-0.010614029955036828	-0.00210048723863808
X970932	0.024091318275259628	-0.013959964399161391	-0.02299141311060743
X970960	0.028812120225448084	-0.02130006280206297	0.03034425324232379

Biplot	0	0

Site constraints	0	0
