Eigvals	3
30.486949389679634	23.049568815263964	12.485357674046647

Proportion explained	3
0.5749363409750147	0.3286377375724084	0.0964259214525769

Species	12	3
Propionibacteriaceae	4.324796396964607	-3.175640077101079	6.196515553743964
Staphylococcus caprae or capitis	8.291105647906644	-6.288284375819106	-4.243785982939077
Staphylococcus epidermidis	-5.880199229858807	11.196654150981297	-5.272653292682074
Staphylococcus hominis	11.904290101043363	9.070465287876484	5.49304995248455
Other Staphylococci	0.04966695592661126	-3.7709054886222098	-1.9401943369646029
Polyomavirus HPyV6	-15.329850953248547	-13.225186680236309	1.7476579130339545
Polyomavirus HPyV7	-10.399014711199115	3.520153748301201	0.952745694589287
Merkel Cell Polyomavirus	-6.584628915877755	3.0054599878913697	2.3340127429227486
Malasseziaceae	15.935919299845592	-6.53644732135826	-3.222307683854583
Corynebacteriaceae	3.1434404673101946	-0.22896748911797202	1.9832190530821576
Micrococcaceae	-3.2273422733170793	3.210376186825901	-0.2966757637375635
Other families	-2.2281827854957115	3.2223220703786932	-3.731583849678741

Site	1225	3
X940001	0.003928170438984632	-0.002699877686831979	0.0012799200876340636
X940002	0.0017715275611894217	-0.002678323235971801	0.019375738925349672
X940005	-0.017712243640867837	-0.016118387644146435	0.018659076967323072
X940007	0.011865980446844343	0.00843937008777617	0.009954342731198591
X940010	-0.02360439239863349	0.024602603916436438	0.015185144252704586
X940013	-0.005545200323299954	-0.006115005247540959	0.0017018241026484017
X940014	-0.05944839055530129	-0.14289843859960694	0.09028170309770626
X940015	-0.011490725386363636	0.016402791907431182	0.0012632854571025928
X940019	0.017574536581616132	-0.050526077772397385	0.06306746364935553
X940021	0.09149015851444409	-0.008283993109305688	-0.04463893048320992
X940022	0.004778712698697962	0.022049473812333013	-0.009485115329359015
X940024	-0.01663336905406175	-0.017448345554442943	-0.006760589001578509
X940025	0.010850708535053755	0.005463193709726613	0.017759325131514948
X940026	-0.047796294884019576	-0.009259721543001819	-0.0201029667544017
X940027	-0.014453373528208604	-0.0006172427777114013	0.004853277762000792
X940028	0.00121182840355593	-0.010335253260206595	0.00925310328933487
X940029	-0.008366307081443867	0.007613259033233756	0.0073521134827016265
X940031	0.003554365766393971	-0.007234883590124271	0.0072088461786957965
X940032	-0.014362161503109212	-0.004587897779765411	-0.004182827830783008
X940034	-0.01706054732725032	-0.0028352140914487973	-0.007470587370379869
X940040	0.04233078711034228	-0.0010148149989283254	-0.014276695061320769
X940043	-0.0006147523446030425	0.0007204071703726738	0.012709502142708856
X940045	0.04255579740856006	0.015943598371657576	0.032902767574737084
X940047	0.0814821585139286	-0.009946646099913727	-0.05116581043518378
X940048	0.02363065917193631	-0.0036109101762881474	0.0018737629174544104
X940049	-0.009708060446463636	-0.009983065021573909	0.007024665445491802
X940050	-0.0018785862360052082	0.02960728253227046	-0.0328192243159184
X940053	0.011213399114830208	-0.0003728249843808504	-0.017167745748606092
X940054	0.0699074658798185	0.0018759904176446976	-0.007446825127652601
X940055	-0.02680761375249477	-0.001204817674940502	-0.0010178616236251954
X940056	-0.03641780556255095	0.027436240432432153	0.003621089751097148
X940058	-0.004643372887124212	-0.011034328102488371	0.018599538502042413
X940059	-0.005788973234287068	-0.015200398448607844	0.0027832628951457296
X940062	0.0013113143019979506	0.027643252176295433	-0.031038552147715316
X940069	-0.0009558438844852084	-0.01358572310420137	-0.008396200591964827
X940071	0.008910206983536844	0.012002474108320869	0.08952191619452782
X940072	-0.007058088329334954	-0.0073404046131712196	-0.006742334593593708
X940073	0.0373691374305268	-0.011140972084355107	-0.008895923117208604
X940074	0.028760908734750713	-0.006859958020250066	-0.027617663408919073
X940079	0.06309160235056742	-0.01581501614270474	-0.0070031231951421125
X940080	0.020955364626818344	0.0015173718715039723	-0.0033018589847866407
X940082	0.00774424537338992	0.024948489874727843	-0.03163643533385574
X940084	0.007353351555172915	0.037193217383080054	-0.005895354218414325
X940086	-0.04084038891984422	-0.022825839406306878	0.005791279892312357
X940089	-0.02631131129738112	0.005352110135860711	-0.028436649021138127
X940091	0.08990493097495877	0.09660216811824499	0.057630550719583756
X940092	-0.0268876655954312	0.02694246003350273	-0.009626270046769202
X940093	0.0006975143469487292	-0.004065803066318656	0.008612679711528251
X940094	-0.08051639315716722	-0.03290145973988569	0.10080560525890475
X940097	0.00604269301909023	0.008251274756495583	0.012286437351890543
X940102	0.023806006463782378	0.021935171396656888	-0.012423163813429996
X940104	-0.017370261225415146	0.0033731406467594803	0.016052789144638355
X940108	-0.006297047938071869	-0.005307860764081319	0.006673085792179655
X940110	0.024376763074630516	0.011328645971138562	0.01779106726250029
X940112	0.04563664648730954	-0.0465005150128866	0.06524112166975646
X940115	-0.01751638271267904	-0.0030572121023438492	0.009421449855368271
X940120	-0.012758476022274296	-0.0219859591683227	0.025795498439300985
X940121	0.03553395877624794	0.027479271378932118	-0.025522503634074347
X940126	-0.008324541221848832	-0.009998913796817827	-0.013802072605791277
X940127	0.009761680799664586	0.008751423554158607	0.03916689674358352
X940129	-0.02290892915581357	-0.0372861161992987	0.009855685762585584
X940130	0.02412305160368102	0.01930727746667656	0.03639585072370812
X940133	-0.0010549980421545645	-0.011151023009560737	0.014455206370702444
X940136	-0.013693073289661	-0.010795603173491158	-0.010550550686166659
X940143	-0.0005763718153695631	0.011090303572571198	0.01333348966198117
X940145	-0.003566214776190499	-0.004257188434192322	0.006951203475486741
X940147	-0.028777846364486007	0.024199113380466958	0.018132554925192498
X940148	-0.0038945306152417536	-0.0033246848744593704	-0.004434656505058056
X940152	-0.0035165762647438054	0.019100243005650837	0.00814539451155795
X940154	-0.014772460448574082	-0.04544662321327287	-0.011595210763897404
X940156	0.0005474133086404107	-0.022153075006265937	-0.035104337976639546
X940158	0.0019454618532114862	-0.014327783159139294	-0.028379068241221474
X940163	0.03902873071491124	0.011251466010366263	-0.043859625001277304
X940168	0.04385031018396381	0.021452843992892715	-0.027361987606637696
X940174	0.06127772279324662	-0.006495144133738759	0.06928170277674316
X940176	0.0140565520925622	0.019280125824049508	-0.031509052263794864
X940178	-0.0010945139682531396	-0.0005898997084594386	8.87330359413788e-05
X940179	0.014283581899212068	0.00356751384186901	0.01775947083149819
X940182	-0.004457422152699998	-0.021774013049230483	0.009409391388026518
X940184	0.025227833575592575	-0.014969639739291782	0.06143661506705903
X940185	0.0066701054331457675	-0.0506883126852334	-0.028531942518595248
X940186	-0.009730096846314068	-0.005968311353727763	-0.024126315805421367
X940189	-0.023402749894578034	0.03695983135289121	-0.004984524244218318
X940193	-0.014632170573007797	0.012043316387319931	0.0015948419006776534
X940203	-0.026091420139345362	0.05698470878501622	-0.011405264682217588
X940211	-0.005347618098912818	-0.0121357558251564	-0.004788679530151911
X940213	0.006666934452074085	0.0023561751234217193	-0.026908022829637977
X940214	0.02973942260998902	0.014453778707643479	0.01267253865499144
X940217	-0.0034811564360467985	-0.008688437991523915	-0.0015223416606423691
X940222	-0.004776248315527191	-0.004297361002743138	0.03658762460326434
X940223	0.07938881997358309	-0.015712045044986432	-0.06414564146065738
X940227	0.01096135173068216	-0.023372101036405045	0.026404355181103192
X940230	-0.01164196085235258	0.010800677932009303	-0.018548916477104577
X940232	-0.022139724132762446	0.0038081390500654465	0.017722899523797766
X940233	-0.01021441690620651	-0.001440933093162484	-0.010793080998436268
X940237	-0.013929993618364004	-0.00505397116910502	0.01981744521229009
X940239	0.16627398546824781	0.12930180619160275	0.07918916374605083
X940244	0.03562859252939251	-0.007366884505887485	-0.017731929894359164
X940248	0.002725055949138551	-0.009557383056728378	0.013436758972055084
X940251	-0.003034953087987439	-0.036567004217931263	0.006414440132449624
X940256	0.015960895878110438	-0.03650998883209222	-0.008945370341486363
X940259	-0.019253530464523463	0.0011989997848068496	-0.010138666373623881
X940261	0.014049115366814155	0.028131911129491385	0.020249867597089345
X940264	-0.0137597035488976	-0.019227636821546823	-0.02468764264002844
X940270	-0.009457899057346971	0.0057436922798454184	-0.017811657952897648
X940271	0.027769444006456444	-0.019581560278392203	-0.01240679083344281
X940278	-0.002117025634257284	0.019423086468434873	0.00295433109660453
X940281	0.04019626605978049	0.01196197039384638	-0.008079482004748735
X940284	-0.013349210871266495	-0.02643872796856238	-0.026509788131196924
X940286	0.009499167241247676	-0.03946373634692154	0.08481148484772827
X940287	-0.00737030517003674	0.015607288163516416	-0.0032626153556217052
X940288	-0.013508814438770386	-0.021413119610650854	0.02166804696974928
X940291	-0.005324058016478079	-0.0001331044535528303	0.0053138688966944065
X940297	-0.01817048993600551	-0.012905031030829902	-0.006503813916529622
X940301	-0.0027696131743004887	-0.01951807408546035	-0.006244765999289473
X940302	-0.002032622248968724	-0.02238237439272935	0.014716506087796117
X940303	-0.0226407469443948	-0.0031537143013801714	-0.027766379198243686
X940305	-0.00881955138297505	-0.008650476058787724	0.005486194613785119
X940306	0.040266076746700935	0.005890603616066352	0.004127920570311192
X940309	-0.009327782626969875	-0.0010601388942430626	0.004005120507011868
X940312	-0.004089836802163895	-0.007929038107148293	0.010142033314581505
X940314	-0.004551560845043377	-0.0009468347828378248	0.009078095089991637
X940322	0.006840642576667274	0.001289197142570511	0.07717239903007982
X940324	0.015080953635885675	-0.009073497138043915	0.02067216171852147
X940325	-0.02685833765937759	0.011544718174232735	-0.013391820409080922
X940329	0.05366844783599782	0.009971131823394172	-0.019827264431747853
X940332	0.013657842640014546	0.005887042152151671	-0.01761210578816853
X940335	0.04611252112968682	-0.03587992858056463	-0.04563013388844349
X940338	-0.0003388181392052236	0.0013636788994082153	-0.01556646855892295
X940339	-0.020603677886703718	0.01294786750156623	0.003281932717430818
X940347	-0.0109114492922386	-0.01007096741483682	-0.009556168835756183
X940349	0.0021677984218837305	-0.0012171334837788863	0.01989330835449901
X940351	0.00042368376080495436	-0.0030800686089214133	-0.003569757276550756
X940353	-0.011088868661131443	0.02938723343067918	0.00888941596002281
X940354	0.0008571434688561918	-0.0036484264917372206	0.0014553060509399733
X940355	0.031131500380984008	0.009708327677721422	0.005513525542471481
X940364	0.03926748928927197	0.016062236288604526	-0.03271043297151957
X940368	-0.014914648999757368	0.025940300617249848	-0.005072122091652592
X940374	-0.024330727114494917	0.03179188135603535	-0.021109926304445897
X940375	-0.007520098118418614	-0.02179364574967843	-0.004778056945137387
X940379	-0.0035186492185677307	-0.014185388516117664	0.002028170673039137
X940383	0.040937715782138076	0.02417535064943369	-0.02123032323509811
X940391	0.01331806204149604	-0.026831642029095375	-0.0019384262933487971
X940404	0.004645005248878893	0.01602363564602496	-0.006502608465963499
X940411	0.025570153833353405	0.023883598744073965	0.00895666346394365
X940413	-0.04704643303744495	0.0006017276072818174	-0.058315303940114915
X940420	0.012367655303363138	0.01550543158171083	0.002753407939606042
X940443	0.024665153725856082	0.0251725197119926	-0.007981184624797785
X940444	0.06324240101818586	-0.006404775961848786	-0.03610935967555804
X940445	0.010854289288744956	-0.010159791662908788	-0.01963714904692965
X940450	0.018632374767123344	-0.013690726181156741	-0.01582254277592959
X940451	0.07163063700019393	-0.04810728284757663	0.16180585221900434
X940456	-0.0020112144146197577	-0.002604661702854053	0.011488015771090446
X940465	0.0044072760658429	-0.0030026226154866277	0.0027640514713275235
X940466	0.0004814908429991393	-0.025156714672579485	-0.00714294625609272
X940474	0.038137002675952845	0.020578913511577555	-0.02233372726188184
X940481	-0.025250714543439346	-0.015045715101523287	-0.021213910969211942
X940483	0.01033550125973395	-0.0011435636636341973	0.013985798697556106
X940484	-0.0005996824315663502	0.040991410572004505	-0.011666250657215865
X940487	0.001254042390467619	-0.022049134591784265	0.006620712021667127
X940488	0.05268476249316469	-0.0056245351103440125	0.0038482785487583327
X940497	0.029137520773798786	0.028310928987165043	-0.0225475481970746
X940498	0.05774941499302537	0.058069335612325516	-0.004960682196922524
X940501	0.011939278007408741	0.04420241453217734	-0.03776516076785914
X940506	0.01104867124670228	0.02374775914474935	-0.0504482308831429
X940526	0.033992201732714666	0.0007731049366971923	-0.0021192956597401837
X940529	0.14040897882501718	-0.035464327104785004	-0.087257035535117
X940532	0.00262281302663478	-0.008037302473865374	-0.007564155124914853
X940534	-0.030002132912589723	-0.003708567558765528	0.011080981307492866
X940535	0.009249451350258096	0.010849277693031581	0.056209097597729386
X940540	-0.014783798122226653	0.007422488632724623	-0.014956131181373818
X940547	0.003179967687718451	-0.027194258566711826	-0.012937088810194742
X940550	-0.036125893000173825	0.01941990242849296	-0.022190242571482863
X940551	0.014885269176364785	0.00488678717457768	-0.0024689468511344455
X940555	0.002628070372182737	-0.0022131021910385285	-0.025342479409716637
X940558	-0.004715571679197068	-0.009042311432984744	0.00020592908455655537
X940560	0.03231233062642912	-0.04923381353088071	0.10709144692950023
X940562	0.057373795863281445	0.007635997447903257	-0.030882148711463275
X940570	-0.02223599453993489	0.011704513884160925	0.0034322425816775723
X940571	-0.03115390341991486	0.011335681431220757	-0.030118945393969754
X940580	-0.003513541471110015	-0.023908967086907967	-0.01193048743020445
X940584	0.020942753804213253	0.026414386897656877	-0.032440752532318845
X940589	-0.041614125775161076	0.0986938827714752	-0.038750048217592065
X940598	0.006515530623392008	-0.0019965428040358605	-0.013708009981327965
X940602	0.10664069612917489	-0.02854116968697131	-0.07143093008929903
X940606	-0.006254898470323797	0.018645106799759132	0.02108293113195371
X940612	0.016549694057095898	0.05309063946210421	-0.029832675906082212
X940623	-0.01347264151402421	0.003609071846506336	0.00961658241338866
X940625	-0.042973208431978126	0.06111469231297881	0.00019464357158994642
X940641	0.016573511406612635	0.0061172782592474285	0.004795686847231465
X940642	-0.023452462659741036	0.014183276801341144	-0.00602900326959744
X940648	-0.04618584414953159	-0.036200130322654595	-0.018232161634798075
X940649	0.0010105827750095536	-0.023266241111294116	0.0015949614155400637
X940652	-0.008073173868094944	-0.014590737295247212	0.00777061333436256
X940662	0.0023233486033024573	0.0012110964326782101	0.01383659608475115
X940665	-0.010792797399380634	0.018471414135908124	-0.010387123579992186
X940674	-0.007700397587151236	-0.0044467188048083585	0.016665219996207237
X940689	0.11235888920057814	-0.03917230168492587	-0.06315524226240016
X940690	-0.0125050352738149	-0.032922755094733365	-0.01628003703966418
X940692	-0.011809589427403813	0.017151980775813275	-0.03110601303886424
X940696	-0.029927753853153778	-0.0009298627267636294	0.007393797226853132
X940700	-0.017744270011139544	-0.013930039082143936	-0.04452559006864102
X940714	-0.022979342134803783	0.02971560859719787	-0.0009293045515096035
X940721	0.032104644053325776	0.0025034590940437966	0.06406963350358719
X940727	-0.026900000207273338	0.005793946663930884	-0.024626002954415797
X940748	0.005484586033751962	-0.018673355240441003	0.027058284643701743
X940756	-0.0009161824190427728	0.011812134223469273	0.019622379563397723
X940761	-0.024163493673798535	0.020011585940776514	-0.00689904644515943
X940763	-0.004455679636530864	-0.02977025789679203	0.01124024812796956
X940766	-0.044298707469063274	0.008120466162144586	0.03934186262785447
X940769	0.07422030504041237	0.03816145863818	-0.020013364606878657
X940775	-0.03450268709063035	0.009597265033136529	-0.007952681520735676
X940778	-0.0009450559178953968	-0.018525417094859806	0.010160482461373807
X940786	-0.010898971885603851	-0.0151481253562448	-0.015828446863937275
X940796	0.009309694135114305	0.01237661848509521	0.0037268983075902443
X940816	0.0038280175255703958	-0.021417142249736194	-0.011664038651345212
X940819	-0.003984755545176372	0.014540007953054972	0.011334890133094746
X940820	-0.01146155308546788	-0.005831480430959497	0.0021761353576316626
X940826	-0.017093118362682888	0.03698452832222721	0.02786408358427524
X940827	0.010508327301269153	-0.02442728555451992	0.03806079533151997
X940833	-0.0366984744327744	-0.04857252834107984	0.009058847303185767
X940843	-0.00939627767436564	-0.007317661405247541	-0.0029399691645251675
X940844	0.042667525024223864	0.0026920379606080974	-0.040704096946407094
X940845	-0.008549060095708478	-0.04029145161600344	0.008151511941632055
X940847	-0.035769557807491026	-0.02239200713037624	0.028901329239186292
X940852	-0.0015855562586135177	0.019001943836607988	-0.014190649039239469
X940863	-0.023888390825768987	-0.011169706904774646	0.018726731539624206
X940871	-0.01161942408008676	0.031990439125230904	0.02726721278922593
X940875	-0.02420291239914075	-0.00520089727789709	-0.03673364617006897
X940882	0.003370453434715823	0.016169681884237105	-0.03105598990127653
X940889	-0.00749823222347183	0.0009235253175817214	0.00519116884782546
X940892	-0.04054492638019907	-0.036299854326217594	-0.004157555365048668
X940895	-0.013963597923460953	0.014697167967761682	0.0262121562752277
X940907	-0.027786273286366125	-0.009624211705175474	0.024743615123988153
X940912	0.020383712300011736	0.005404366046012711	0.01119440964138809
X940917	-0.00787424308849055	0.022115735567226253	0.008550081118687885
X940925	-0.027585112103733555	0.038957482237330636	-0.11143474812685364
X940936	-0.026373874415909354	0.0786652261591215	-0.016964528585782495
X940941	-0.013859999169844706	0.014207579236593642	-0.03495383283169223
X940946	0.011132528367065804	0.002941009762743112	-0.0168209443176873
X940961	0.009710578832683682	-0.001061110564545273	0.007713523986024314
X940966	0.0028772991498112457	-0.004299012226790243	0.010056538510982704
X940968	0.018435091342325446	-0.030369198972029093	0.006410463884292775
X940984	-0.0005019824581968435	0.019622490077278832	-0.011751869991408757
X941001	-0.025089562964458884	0.01942135005168618	-0.030792791129927024
X941014	0.0441820460039647	-0.03471109538562541	0.11730234436469687
X941019	-0.018315614825581254	-0.004200219579441879	0.018446451245276125
X941024	-0.011182933205787228	-0.00026006481159083643	0.009523995005444099
X941028	0.007516943586949779	0.010511371644021099	-0.012649745048421339
X941037	0.1317808275407391	-0.018877275312933848	-0.06832442202333688
X941043	0.032391703447138716	-0.0048475230037020745	-0.024223861484385555
X941046	0.005966956518907979	-0.025384643004773534	-0.003701593391620502
X941049	0.014026839375435973	0.009548567503654012	-0.016611139676737344
X941051	-0.00460539629580734	0.025333486964830943	-0.006485816240895539
X941066	0.0024997074992504638	0.019711573756462698	0.013505764941774492
X941074	-0.023280452113826365	-0.010010380873707673	-0.010630912790698926
X941079	0.01696616987581598	-0.011507772870926603	-0.014597119593615067
X941080	-0.024449186212197205	0.008213774284077784	0.08374685153035863
X941091	0.01107313467305521	-0.05448710853353335	-0.048479067454977126
X941095	0.04221181625243097	-0.010552382943520249	-0.04057869347193564
X941106	0.003509486428091054	-0.01727332241522105	0.009643247395467019
X941118	0.02191817093586899	0.00761632822205813	-0.01154833376666663
X941124	-0.06034597899058328	0.008437712388003449	-0.015948428856983804
X941134	-0.010964390197383687	-0.0007665506999791578	0.00023191304211388225
X941144	0.015363805764108856	-0.007780026903515532	-0.0048188367499853
X941153	-0.005212490050981148	-0.005516198246450827	0.02845606238563475
X941154	0.0028708975132053544	0.016295131571086283	0.0019298870865063487
X941192	-0.008684554893564757	0.03973290593426185	0.035359470330487634
X941202	-0.014693029970545694	0.019442478437340985	-0.0006236739749517068
X941204	0.015300537615790085	-0.016507138264647246	-0.007995907337015875
X941208	0.0660264820413469	0.012691518043244228	-0.05519171468585998
X941241	-0.02244874157798436	0.020416146570757854	0.013115360167648946
X941250	0.01667286743642639	-0.028013589884806102	-0.030808785934991173
X941253	-0.007795393352028627	0.011137275549501316	-0.01807439871752961
X941257	-0.019970365063079844	0.03222392967228885	-0.001763205928099263
X941259	0.013587229442368507	-0.020365545783813523	-0.011793140551601487
X941265	-0.007330707563495253	0.031254998193426274	0.01329966627924595
X941274	-0.004110898727874504	0.03212233420552902	0.029229265366282987
X941308	0.02313176597196531	-0.014782355276895864	-0.013070890070426115
X941315	0.011087492450253023	0.013837500004340952	0.01741040836645745
X941320	0.003167762396337798	0.005278592538063653	-0.007909504401181069
X941321	0.016130320907035124	-0.0067553423427085145	0.010538674780140903
X941367	0.0027614511575691273	0.014180881681366074	-0.022128204516719378
X941373	0.02330580573012984	0.0013277641449936063	0.027670544806895736
X941384	0.02921436201003958	-0.0036456627837588873	0.09636509226888967
X941385	0.006950865848246354	0.0014314662158084158	0.02023451346605445
X941392	0.05084938268479865	-0.0659397481346792	0.13718229781945562
X941398	-0.015835063613110874	0.015514822840703728	0.04535158856878427
X941404	-0.006730662054197613	0.0071856681994620164	0.01430579457264944
X941408	-0.0009839927143662744	-0.012839021001814126	-0.010429230957814577
X941422	0.007701508192131197	-0.01841403167578818	-0.014465545347918704
X941439	0.00835061422594106	0.0016295993381020858	-0.007291280072029952
X941445	0.07239722461517403	-0.005910120803532722	0.006547974580401226
X941454	0.007117685294886087	-0.0008287237985942728	0.01453957997772482
X941460	-0.011792259248202392	0.032460072100750824	-0.044771859137830744
X941462	0.04933391867355831	0.0015816613865109706	-0.017955999980115142
X941464	0.007920948516435976	0.0027954439130009044	-0.007758912775953147
X941503	0.0023447574195905483	0.00889683744430963	-0.021521170923908522
X941519	-0.002309022102828133	-0.003036651446180437	0.010099774446588602
X941530	-0.0073228094431163565	0.033261208117411345	-0.005015555253254463
X941547	-0.006055773027030723	-0.014707077460837588	0.0002615041786956624
X941582	0.1039031549787451	-0.057789477341485186	0.007028902882216173
X941617	0.006537143818194837	-0.013267426929122967	0.0026885745999778578
X941623	0.002009160936506161	0.05050711528537649	-0.032052708110177484
X941624	0.010671536497580418	-0.006960356072755884	-0.015173031397429636
X941639	-0.023038633749232908	0.017082272621045447	0.0012996440544150209
X941680	-0.03007952562339987	-0.02584163659497646	0.014428957672297271
X941684	-0.029332300841458898	0.0031660272051318487	-0.013665035428636091
X941709	-0.027677821288410127	-0.03229213815250669	-0.03714856573425088
X941714	0.05681330505420809	-0.020509301791570383	-0.07045692033847986
X941715	-0.020159941528157366	-0.008628050957707523	0.00426666689777979
X941738	0.013231680956363673	0.000375851576124656	0.0033392974982857228
X941759	0.005247968586766889	0.008378428576805146	-0.04896889871898246
X941772	0.018296536176516272	0.03030458510633824	-0.0635410626036477
X941774	-0.0004268623046489169	-0.02868134708003678	-0.027093235913917896
X941807	-0.03432298574128865	-0.03819367236773318	-0.008055573965698105
X941813	-0.019910151510416068	0.024694740955102764	-0.03603703100435627
X941817	-0.019316753263851866	-0.029492203279484833	0.0035293171584012918
X941887	0.025864105714442476	0.0022881818345362594	0.017380538977074086
X941902	0.01200556370359129	-0.01505108660756034	0.03078977968782792
X942011	0.006193272682868791	-0.0006083482523534048	0.015745553904441132
X942026	0.03311137258487991	0.027679678646730634	0.04310391782295234
X942039	-0.002603149239246277	-0.013664005431428703	-0.02159567056068445
X942075	-0.01276116257447607	0.01646360000125577	-0.0057688026050136555
X942094	-0.011936723364761427	-0.018943479386658888	-0.003249192064176097
X942128	-0.0010435311683529725	0.0024010950431696252	0.006241121861832725
X942191	-0.0741370846407716	0.10263707162330224	-0.01161212940369679
X942237	-0.026274634800615686	0.03643634476359683	-0.04403584208098501
X942303	0.006089461538585545	-0.015993340885598967	0.002322816123683098
X942319	-0.012889051535564562	0.0699895140971473	-0.037003851833723844
X942359	-0.009824615955153078	-0.014861887025465627	0.015164588686878741
X942398	-0.0038000499548711928	-0.009912815576003186	-0.005879041159205578
X942402	-0.0188364566697084	-0.057653176631058276	0.052664104022494676
X942429	0.00833429157326585	-0.020641414018257025	0.025898117058574248
X942467	0.05888135243981456	0.01796592900201806	-0.02208423357552058
X942487	-0.019645158296517633	0.030808728035709585	-0.009029182645169352
X942489	-0.008661044305954067	0.03457819505560313	-0.030097688218477126
X942490	0.04007393374630859	-0.02111205180050113	-0.023344327623856437
X942504	0.00820268972565721	-0.016291686595496364	0.006309085266959274
X950002	0.0051325537116774225	0.008672985817646401	0.023625488328399728
X950003	0.02764994204546607	0.01361740225992324	0.01550138272359365
X950005	0.008061805727951244	-0.010008080467422223	-0.0028221618483961516
X950006	0.015415718403756693	-0.0033793733290692057	-0.0064907847900152835
X950007	-0.06456676996935704	-0.05717921646021069	0.013994813145752738
X950008	-0.01387109811002118	-0.00966189088750707	0.026026341722622144
X950010	0.005321584559892573	-0.013624233158492257	-0.005428983055102782
X950012	-0.05767258594973763	-0.03466422969529438	-0.0035746249254074653
X950015	-0.009304568172082259	0.0015210990554505976	0.015051425512463312
X950016	0.0037725959484618443	-0.01792592643498535	-0.011978730727482798
X950017	-0.005299188758682875	-0.006923304099777861	-0.0018521928175589623
X950018	-0.00781538384320481	-0.013049641341527323	-0.009044542434843247
X950020	-0.006552214953258566	-0.0015743249586308702	0.001387630315550079
X950023	-0.06595705757461444	0.10223423161132382	-0.021543510588366864
X950027	-0.006605454706515042	-0.0015900211732139719	0.00845711963570478
X950028	-0.072561965274673	0.13680278309393992	0.008887742134473154
X950032	0.012420510905502818	0.00433236794665298	-0.0032381695746902897
X950034	0.009112769003118042	-0.012702644663180428	-0.004346455220723667
X950035	-0.009956338073805339	-0.008115199023577756	-0.007185090701650519
X950036	0.006948012691841761	-0.010166982478339389	0.004906314814800182
X950037	-0.005920275050344557	-0.016116683656029855	0.011766588536996535
X950040	0.0007630902365119117	0.009431939602348265	0.017331335754862134
X950041	4.097742016878051e-05	-0.009169346428312849	-0.005220091217940338
X950042	-0.005340685632284532	-0.013467257894710892	0.003509439434714232
X950044	-0.0019117202371758955	6.429571022479736e-05	0.023215075577445655
X950045	-0.003946125404333407	-0.006505318367852828	0.015400584136860917
X950046	-0.01635766673094093	-0.0064066630712633086	0.004652906296679831
X950048	0.013219688754956436	0.004966781360303172	0.02398247305466818
X950052	0.02364943761696049	-0.034346046848562455	0.0850268377961315
X950053	0.005086972066517745	0.005755867884706538	0.023963238477496287
X950054	-0.005197066362080757	-0.012948914527094117	-0.0016365056318431335
X950055	0.022641133495621524	-0.0014136538523008965	0.005619541150534926
X950056	-0.06672292853691743	0.1107312123196842	-0.0012121041221095728
X950058	0.08656386832593926	-0.05266238723540325	-0.011040233338371373
X950061	-0.00585644262957353	-0.005156347676768757	0.018289616743692408
X950065	0.0065308987120021224	0.00791265855476744	0.018611025950586467
X950069	-0.011608755249420899	-0.009437038547617625	-0.0011925460609658062
X950070	0.01655014047720176	-0.008959434364546853	-0.018706169922808484
X950071	-0.003908247020114309	0.0042700360412110784	0.01914936764361958
X950073	-0.03261959997029488	-0.04974833485629347	-0.01892919291196381
X950074	0.0005628314421489617	-0.002963951219463574	-0.005354234399764016
X950077	-0.003533032798078694	0.007291139993937075	0.01076950613816334
X950078	0.0014562383834756433	0.0033443633969780897	0.01920015311756314
X950079	0.0007522214936935542	0.001613026050150239	0.009032653774670246
X950080	0.01140698787189819	0.00797250668129697	0.017623761671807976
X950083	-0.018201201770434883	-0.0017152716950952428	-0.02250295035710779
X950085	0.004548183597874868	-0.004903712747807252	0.002941104986443224
X950086	0.002040279409902559	0.0034432559673737463	0.01963626856876624
X950088	0.018695718224072174	0.0011912568073425363	-0.007698305354822681
X950089	-0.013075525689014971	-0.032930134962970745	-0.017190435512935524
X950091	0.006959924480327794	0.020317171349228603	0.01844012786545821
X950094	0.10190472663188478	-0.01808411150595304	-0.00305097811645502
X950095	0.050273504372887766	0.01610964031131969	0.026467604423645853
X950096	-0.0027011830297040134	0.002091796226368136	0.00789899519927297
X950099	0.05050099421968486	0.07052266217066797	0.04580692714132339
X950101	0.013837904961426546	-0.007983247471514318	0.0036192948716193283
X950102	-0.008280357506655778	0.021969294361042918	0.009716898836274017
X950105	-0.013629290803857885	-0.020444369658034898	0.0073416497779197135
X950110	0.013066795068095775	0.006764474688627266	0.020108284061974967
X950112	0.01905152492552442	-0.00235542088241013	-0.020888287939983374
X950117	-0.007740959328175041	-0.016443504710738934	-0.006537885370845442
X950119	-0.0014380623190613534	-0.00911661540431476	-0.02036338571792079
X950121	-0.013711079542316368	-0.004161165413104295	-0.0018071516547446859
X950123	0.0449189515373179	0.012684437862456736	0.03570637334312833
X950125	-0.00990142436798148	-0.009872759790308373	-0.021343831222611676
X950126	-0.015827079042830292	-0.01767776906250769	-0.01318220427534999
X950127	0.039866417917878	-0.0004388612332373162	0.02045821538343914
X950130	0.027079344826189625	0.003987153964070693	-0.05519508493802187
X950132	0.013170995218886655	-0.008925582881164783	-0.00796096567226705
X950135	0.0021177085366397147	-0.004638132414783377	0.01842235828676075
X950136	-0.014840056500923803	0.06886687012455545	-0.00368317291510978
X950137	-0.01585838567205054	-0.007788569341231852	-0.009498962684534666
X950138	-0.008615278477251988	-0.0034554473515895634	0.006338549538287997
X950139	-0.02259538021612217	-0.021073825442544675	0.013787781390393066
X950141	-0.015465116103114348	-0.021847307522686082	0.030462882289299383
X950142	0.03166405982898433	0.00030074962158084496	0.02626809479326531
X950143	-0.019462935120069302	-0.008937309483538696	-0.011428033527208096
X950145	-0.010898462029427623	0.01698715838613832	0.012883918750445505
X950146	-0.004063508972513844	-0.008583765856969485	-0.011471964114232203
X950147	0.022985664740744333	0.0027374484641355216	-0.014353712888394108
X950148	0.04335656855439724	-0.0008323290452426255	0.02316578673746611
X950149	-0.005104738586737499	-0.002264104118353464	0.025569618591294082
X950154	-0.0031740201589981498	-0.001714506409464141	0.01259699546148747
X950155	-0.018513019349666975	-0.0062145960459553	-0.01060762559210255
X950157	-0.0931953271326792	0.11448764683473572	-0.03061577624003718
X950158	-0.0024568558938657978	-0.007030847140548509	-0.001503388127668814
X950162	0.0013910740878331463	-0.010664321426012615	-0.007270612308515405
X950164	0.0016063565094528007	0.002632179850350074	0.019984800165781216
X950167	0.03273316217208293	0.023191645438854665	0.016931026272631808
X950169	-0.004172143263396816	0.009832152178710783	0.026195312421571113
X950173	-0.05894840707319151	0.07417919385421799	-0.011300612218880738
X950176	0.005541626984812311	-0.0032904973005554875	-0.0018220978707909363
X950179	0.03501923724006982	0.026001838996607612	0.04099752949914331
X950182	0.008104655084190553	0.0018979064863331482	-0.006016333375516236
X950183	-0.0015522725427232476	-0.01921045430736704	-0.02823235505691129
X950186	-0.018218001461614352	-0.028165922543759707	0.003333548469432271
X950187	-0.002166443188046881	-0.0005513081522167119	0.008558086609580214
X950189	0.0315189493446388	-0.00246562990346532	0.02113751274286903
X950190	-0.0024557390663146636	0.0513379220430987	-0.04591355047925974
X950191	-0.0031480348489910112	-1.3175139329169862e-06	0.003855246435803845
X950192	-0.03517314790961858	0.06033112795158031	-0.006439928511892429
X950193	-0.03354136690249896	0.08536821962792222	-0.007440283853101837
X950196	-0.028551952454278145	0.006314486632988753	-0.00786316969890337
X950198	0.015232391209642876	-0.006796248842923752	-0.019295355595548833
X950200	-0.0007590247989790698	-0.0038371499836356337	0.02324511140813851
X950201	-0.011073511899730423	0.008717889445714482	0.005023189339100121
X950202	-0.0008232270122913914	-0.004226859653440887	0.0065466642557351785
X950209	0.002123245915419941	-0.003913802057509906	0.0107337905472408
X950212	0.021027896313693138	0.03598285358990902	-0.018496370301239778
X950214	0.004828615898665907	0.002380352661540817	-0.009358620508899133
X950217	0.005378674680792852	-0.014319062168925737	-0.009826711252500762
X950218	0.0031292472991062102	-0.009977615393818752	-0.0016236218387534597
X950219	-0.005055375635513465	0.006390429042099002	0.031019974788920622
X950220	0.00663762885283145	0.011074949229214523	0.024502847181421598
X950223	0.010374494062242025	0.020816805222628895	-0.0038649716097977982
X950225	-0.07897850989283808	0.1320199073804759	-0.015235795870676501
X950226	-0.00394199384370482	-0.01261171058577906	-0.00474561598980314
X950228	-0.05363614828056163	0.12454871773842405	-0.023616975396061984
X950231	-0.01775300568265761	-0.014451283572145791	0.01062265097183145
X950233	-0.022874137405991406	0.061177334864758515	-0.026962838763703943
X950241	-0.0026847768938089603	-0.0060207084271139966	-0.022352562898173577
X950242	-0.007060285737078518	0.018965871058725017	0.007177012745169506
X950245	0.024451212157969113	-0.006472904772535064	0.03966658821166791
X950247	0.004369581956977622	0.005529963855537087	0.01927645202101372
X950248	0.003093647045139814	-0.00334995202639325	0.005139835354196629
X950249	0.032846871986643385	0.024163000687148405	-0.010907251062949708
X950250	-0.026185050610788876	-0.0008752144289466022	0.04277197768951641
X950251	-0.0006231709096563505	0.005523045462870845	0.015304254082040126
X950252	-0.018211681108761063	-0.0018009518143172378	-0.0015104504722805293
X950254	-0.04067392174915087	0.038660706655389586	-0.036778069601431006
X950256	0.014243412482487791	-0.013749113421050152	0.0018138577064876027
X950259	0.011931209250188465	-0.00501613670137403	-0.016722734347939132
X950260	0.010353713434243328	0.007578622831960216	0.008199448980274965
X950262	-0.02519846940114017	-0.023988929510485046	0.04788373168028647
X950264	-0.015271558886134849	-0.007450077018479368	0.0007708986689658816
X950267	-0.008235363664512524	-0.01141747852638338	0.0011515123165917122
X950268	-0.009369350620663587	-0.01758780292987137	0.006100228188694613
X950270	-0.007155713868751283	-0.011453874879704097	-0.003339667824638245
X950271	-0.014254449745680492	-0.011465424178049568	-0.00570810696336919
X950274	-0.00038957480932657576	0.0006015979996185291	0.019980103895499625
X950275	-0.005022195811599805	0.04654251382734191	0.006587110419282651
X950279	-0.001863445613976276	0.0262013536652673	0.013691893385361807
X950280	-0.001169337380063989	0.00041848841066470337	-0.009911988306923053
X950281	-0.01600557244651137	0.0007992975719135252	-0.002800003131772134
X950283	-0.007804125436658195	-0.015048115526050752	-0.006093661695782434
X950285	-0.001100943555440411	-0.0064906660231382925	0.006317499997270466
X950287	-0.011700148865991833	-0.002736873754214674	-0.007697831452084435
X950288	0.014393289398125198	0.007363790782095534	0.015697545273616848
X950296	0.006431990586680236	0.00174555068759341	0.019072862847628044
X950297	0.019677400763931627	0.007116354343169524	0.026286624734496812
X950300	-0.007095744677159759	-0.015276702617933792	0.01603328018074671
X950302	0.019535065570947096	-0.0017909249482447789	0.043923101313521055
X950304	0.011476896480360153	-0.011098909425858937	-0.015642115205730348
X950305	-0.009801384330380806	-0.018747595178189864	-0.01179739819695319
X950306	-0.011608817187899837	-0.015585609049069159	0.0047603056948950055
X950313	0.009641816572899581	-0.012104006991560246	0.0014770548853382894
X950314	0.0003578352777446933	0.022191874885282774	-0.008600619907114283
X950316	0.003165392062160262	0.003624526720132056	-0.033070024997510834
X950319	0.00512971529671877	-0.010508490952225431	-0.01205889642867867
X950321	-0.01685037231554919	0.007080245943499815	-0.013146239656971854
X950322	0.013891965073170191	-0.01364187561883466	0.008175005913995429
X950329	0.019009275880433062	0.014805513833892996	0.021832943776101642
X950330	-0.01548102247041995	-0.004510628343310463	0.0018955525563024613
X950331	-0.007059180207556814	-0.0064903641344813984	0.022588862049556825
X950333	-0.011650695552721245	-0.00025854641242711033	-0.023211185236783297
X950340	0.0014368533776355013	-0.015721860816292683	0.012293512726517979
X950343	0.00619483953562801	-0.0015888986886898372	-9.285803304134831e-05
X950345	-0.01770979312429155	0.02590762526846593	0.017338181682852203
X950348	-0.005705908151009576	-0.015187443718474006	-0.015981658731372323
X950353	-0.004730682360181215	-0.011451862874849934	0.0029804013076504972
X950355	-0.009574342666573386	-0.006401373943021142	0.00448515814853788
X950356	0.004027682240849606	0.02881613887961358	-0.03417487606466717
X950358	0.008151519797923145	0.04469200866094869	-0.007142903167773246
X950359	-0.009719292882014764	-0.011553213590202109	0.006991681723804438
X950360	-0.012466531309548421	-0.005518427984722076	-0.005527681442896413
X950361	-0.003900146235132416	-0.007803992137998159	0.0011570501919612888
X950375	0.02649421836657181	-0.00033318844140080577	-0.022324959338187685
X950383	-0.01115859586974636	-0.029841207298602512	0.00905179156873837
X950389	-0.011150113537325302	0.019952105054398764	0.007657155075769217
X950390	-0.008579154559339094	5.803033089975986e-05	-0.01642703132635514
X950391	-0.00023855600830833426	0.000933988964653563	0.014675030960187579
X950392	-0.005776879864232488	-0.010085647380984322	0.001340482797013681
X950396	-0.10285617459524583	0.18086026848122833	0.023783694067590896
X950400	-0.0140473475725165	-0.01126925415445492	-0.003984972299744432
X950402	-0.013527833724361515	-0.007792131870233932	0.01948507308797662
X950406	0.007798480357695982	-0.08685648908395709	-0.17097888935853262
X950409	-0.0004983253904405113	-0.022754451707738436	-0.007827091700737145
X950410	0.022606332627141894	0.02097342726882655	-0.0077598043230577155
X950415	0.06375281622963985	0.11659849824402152	0.049329433329797
X950417	-0.0010703398807855838	-0.01254109199265242	0.0020724227355362365
X950422	0.011249597433158681	-0.00016000482807884187	-0.03217447955615693
X950425	0.009078017259260678	-0.001606429348672379	-0.005046999230130894
X950428	0.019859308601073912	-0.03365735878887456	0.0037183543515556168
X950430	-0.01846266577503229	-0.005295636740668995	-0.007671503281573396
X950432	0.0021481324884619858	0.0025553540812621425	0.02041934249019332
X950434	-0.004286071675065122	0.0063231542324220505	0.00503066276167694
X950439	-0.005486384902267522	-0.005838009506614405	0.014843611925241557
X950449	-0.00553931425194153	0.017558682139882677	0.009410384533726977
X950466	-0.008953291623416654	-0.004625303300539632	-0.0064887697178348455
X950474	0.01341549753943843	0.00978072006431711	0.01923066982706014
X950477	-0.011739756914605624	0.016305257869351907	-0.03293239439538575
X950478	0.003262648784304206	-0.0008388172715209538	-0.00011766759419272937
X950483	0.005423637603133296	0.0014343279556395662	-0.005909874262753049
X950484	-0.012523787178884178	-0.0027281029429377475	-0.0011132399680117866
X950485	-0.08197444002993882	0.030587066612995904	-0.04208459400301597
X950490	-0.014392004546549663	-0.00482231815975707	-0.005007982514508623
X950491	-0.00910890632064392	-0.010567737747580875	-0.0034057487648224078
X950503	-0.004437878845870162	-0.012447994592350835	-0.007934429274110135
X950504	-0.007380590430409094	-0.017996734256002973	-0.002979563712069792
X950509	0.01262873655782268	0.002915420543881951	0.0007889995090656054
X950512	-0.013395434084000318	-0.0018240287679715593	-0.001958684196441898
X950513	0.001204271872132481	-0.009623229894571629	-0.0029230200689695286
X950516	0.0049953270046185685	-0.00453131060517543	0.008662879101496282
X950517	0.0106651833716097	0.016835230383513568	0.006057760109158181
X950521	-0.024223759514489147	0.014659294706739457	0.008028092092033269
X950525	-0.0033821736932549526	-0.0071828710886277245	0.00979041081226466
X950528	-0.008376215622866225	-0.011481995338132241	-0.002223855045125072
X950535	0.004091506829892802	0.010486202921045563	0.00011630864246439112
X950536	-0.0010434335361597157	-0.016435558174321664	1.0756542443044187e-06
X950545	-0.011645489481006436	-0.00644880200397694	-0.0029383891442496582
X950548	-0.02544268240454855	-0.01985792863112574	0.00078692879578565
X950550	0.0039873541985426175	-0.01911401543655643	-0.015859283750207377
X950554	0.03317297946990889	0.013977381052651536	0.0016403221901558043
X950557	-0.011982935043239853	-0.010762275126772579	0.001724087743631238
X950559	-0.005174040105380537	0.0059694392184191595	0.011551477497597558
X950563	-0.0009631137566776724	-0.0028084840143545934	-2.7095659647452354e-05
X950564	-0.01038081519719175	0.00282583834986062	-0.017284773756956442
X950570	-0.01692981769368174	-0.0024255486020441372	-0.0005335550259314557
X950571	0.023649432008333738	0.043637682121320784	0.045352541821987856
X950572	-0.004814629932371629	-0.009887239055709651	0.00842748930482103
X950577	0.009903775173453947	-0.00610943839191914	-0.010044411202855642
X950579	-0.021548805833527845	0.029565605539803363	-0.011146365956292549
X950584	-0.032667102947321225	0.03633948818941229	-0.09148998579194322
X950592	-0.004566126300541659	-0.004569547894702951	0.0011765705826350353
X950593	0.00025885961587092523	-0.0016451371933604167	0.007753128982057611
X950594	-0.011365227432091727	-0.024239771058116897	-0.020655160379170544
X950598	-0.006932239715495695	-0.009297483394281913	-0.006937195793847082
X950602	0.00622872812198117	-0.01050129868241466	-0.0064686804882022626
X950606	0.030250675562232304	0.0062244102317258986	-0.0077889561030666755
X950607	-0.03457173412259649	0.012062926627375258	0.00899776818143874
X950611	-0.0037223880632584632	-0.023195877077563102	-6.851228776245709e-05
X950613	-0.004332615315675185	-0.026219037475377453	-0.009426516180806963
X950618	-0.010547086444993714	-0.005107450793874012	0.02450821907013202
X950632	-0.0008418382392991925	-0.0035646163966550942	0.009061772402548582
X950633	0.05894855941008965	0.01607454162339573	-0.03052005371818603
X950637	-0.011051555049151783	-0.014315136596160459	0.0016475368347727538
X950638	0.0012492992618768264	-0.022157832189335917	-0.012746972112946679
X950641	0.0008510225690386893	-0.021613601904707777	-0.0037365184053241604
X950642	0.010149771533196718	0.0025043947200909847	0.00913936965078638
X950645	-0.008822766497977462	0.0038640725351566543	-0.007363280478116671
X950649	-0.001868783024697796	0.004315055714222504	0.015393671699283781
X950653	0.005482210894346967	-0.0128026832265477	0.0064224487348868535
X950655	-0.014984236352961838	-0.006918509228226089	0.005530788120886943
X950657	-0.021856929686357617	0.018135196477940624	-0.02599656614075841
X950661	-0.018159960842204635	0.06526539845086299	-0.0856651550585
X950662	0.03511237169224744	0.025264077607217033	-0.026384618150615602
X950665	-0.005504083956478024	0.012122878469584961	0.005215557861557744
X950668	0.01577517889713164	0.004266048349999481	-0.017741190099554452
X950675	0.004184994914013374	0.004443903866127507	-0.004016256455478107
X950677	-0.0008628984342511181	0.0005956294817650917	-0.002570676812775405
X950680	-0.006202975648944176	-0.002171298419542292	0.01805456985311062
X950687	-0.013178561605876254	0.029333076962136693	0.009729600521020275
X950693	-0.015113299908762725	0.0005687076009789941	-0.004066135400083822
X950695	-0.00808551770493472	-0.003137117486902272	0.006103890864481609
X950696	0.00873569265694777	-0.0161414545947881	-0.00911648332031897
X950705	0.005349262629034699	0.0074528724536210445	-0.015969594211583983
X950714	0.050594728289600335	0.01957595095361263	0.025896805346757545
X950726	-0.0697787945333439	-0.053230069751890784	-0.004679288125903361
X950728	0.02379238131947811	0.012804967615118006	-0.04913400510748807
X950732	0.0022255928816639287	-0.006345806188922131	-0.0054226368770900904
X950736	-0.028501732208660226	-0.0004089154251997555	0.01773873517892465
X950746	-0.0015621761851172204	0.0013127270860493194	-0.002338199489465844
X950747	-0.017090592590047336	-0.007858721377739636	-0.005904358879389484
X950752	-0.015627925309410682	-0.008572607131988248	0.01606970427053985
X950757	0.030633527462446332	0.003171372163202817	-0.0005969701746358646
X950758	-0.009354154587252438	0.00010882722173130868	0.00103687740997524
X950759	-0.0005840510426042596	-0.012865356349269864	-0.013436701028794627
X950766	-0.006043462416811172	-0.003007922770401412	-0.0029474857516281804
X950769	0.04132830300525141	-0.0015044208302666786	0.05560456640065046
X950782	0.019772410373129823	0.0011398971769957572	-0.005524420178193501
X950784	-0.011972814455872565	-0.0058695627304171365	-0.00013046826935527613
X950789	0.0016702787538230238	-0.006227842178491253	0.0046930177052044485
X950796	-0.017030028658105205	-0.01569293229941136	-0.014474166763172171
X950798	-0.009166326930491134	-0.022129906343465858	-0.0001216947706263843
X950799	-0.01944048410100534	0.00415200254228218	0.005025529633136194
X950803	-0.013436076947974062	-0.020036452025000363	-0.0026931424896281925
X950804	-0.002204237931536967	-0.016655872913252975	-0.0008725846092498958
X950809	-0.007398408888905927	-0.01573556787143595	-0.01741951432588121
X950810	0.017330356213482185	-0.006438683123426201	-0.012013427459256036
X950813	-0.016954551307165222	-0.004814318401668179	-0.016199117126530185
X950816	0.011305045403696989	0.041218891849745094	0.031318506360100126
X950827	-0.031320022576974624	0.010507689964114456	-0.004579739779251138
X950838	-0.017212167193526057	-0.010033583451959245	-0.007498274935200514
X950841	-0.00510848964282099	-0.015205925155032935	-0.027696684940396024
X950845	0.013041236454371673	-0.02372052198664999	-0.04220245364416643
X950846	0.012748999377426856	-0.0005722198804510596	0.003085012376188516
X950851	-0.034640090144581796	0.01248109417760879	-0.013622624307729278
X950859	-0.0057273491674316255	0.02049496379069556	0.0011975049547693684
X950860	-0.030515438780275683	0.0490669737131286	0.013406060544910036
X950869	-0.0027351381561075633	0.01843770313357227	0.0038475028254551565
X950873	0.008189749099703988	-0.005190964494978112	-0.039094233077589344
X950900	-0.004595789881304004	0.033281079167739216	-0.0027980547668543794
X950904	0.010588926194477544	-0.012185448872730658	-0.01639471813909164
X950906	0.028581744739844046	0.015324538604393813	0.00896377158959763
X950911	-0.009860744641574846	-0.024047250953119124	-0.0006170238694382949
X950914	0.0002604172329463737	0.003658860266691812	0.031522843895148936
X950921	0.03378833848790831	-0.005001541760616142	-0.0219777170759769
X950925	-0.01627098710945808	-0.03142513509789809	0.0045362107427788295
X950926	-0.018225400457334225	0.028495526969587244	0.016040116972320755
X950929	0.010709535325296303	0.007559225975816386	0.011673414800188513
X950963	0.0151483115402261	-0.013825919138067496	-0.00993769159453978
X950966	-0.006330748445510276	-0.0027452455047025644	-0.014571755462316538
X950968	-0.02728260999513972	-0.03258538945068008	-0.009194836826860236
X950987	-0.010989282780919919	0.005335090772012068	0.003760771736755062
X950995	0.03588813483381767	0.002197760549113355	0.031248153712931825
X950996	-0.0001315343293417843	0.0010590314741815837	0.01491834839433061
X950999	-0.0617924169449398	0.058484906870024236	-0.014592366923304427
X951002	-0.0006599169318296951	0.012235399212824979	0.020704821594631374
X951018	0.014369950969685873	0.011366867154479056	-0.01893192309696017
X951019	0.015552858288246145	-0.029643666567947542	-0.028436012512433488
X951027	-0.015487491145616934	-0.011309481169969923	-0.013585792568942011
X951030	-0.021367295942004184	-0.010575227844487632	0.024575368647990693
X951041	0.0017703715437749213	-0.014121886952297128	-0.006176432816619936
X951051	0.025476689018532683	0.0024337363416967327	-0.008386110730295214
X951054	-0.006634883556187429	-8.591367235756478e-05	0.01143211057427344
X951055	-0.0003872630235547305	-0.006566982183770999	0.000218117001306981
X951067	-0.009020474395227785	-0.002295396337381472	0.008905158305802734
X951071	-0.0009346294497114528	-0.019368637696795813	-0.009505423219468177
X951083	0.01388363381759894	0.009225404125659666	0.012320447611677946
X951085	0.036300553403977705	0.004372045396136714	0.009882610346059655
X951115	0.0007350495782687766	-0.010246689326986637	-0.011886844688170825
X951141	0.009418426404130558	0.028422899741834273	-0.005428341452138385
X951144	0.0038792486328232114	0.015079925982757677	0.011802490773734256
X951150	0.03534413999264422	-0.00837601266564399	-0.029183057073907573
X951151	0.011172349613242337	0.008194794985168126	0.01561716701357699
X951154	-0.004834998718920337	-0.00886758790519168	-0.017029320041918695
X951156	-0.008017549217194763	-0.014134456415021276	-0.003709762244915904
X951162	0.002084435194330351	0.010290416657424537	-0.009562259110911577
X951171	-0.00327701883705362	0.0007207069897731581	-0.015537898494238237
X951174	0.0225548934198617	0.0130541747104522	0.004677429888268865
X951242	-0.014424505350871331	-0.0055865051435924394	-0.00035859089287206084
X951273	-0.007642331771696596	-6.72079055701527e-05	-0.013574599537622863
X951284	-0.008203012906407629	-0.007436732680081843	0.001141162703713686
X951317	-0.014455368137022109	-0.014362261017160222	-0.010224737206924841
X951318	-0.01768471322045839	0.001403621482794608	-0.009580901406295328
X951322	-0.014548155771607486	-0.007404631938736854	0.014866432405647364
X951337	-0.010495673884362858	0.005333629746250495	-0.003292788720904403
X951365	-0.004464817999521969	-0.01799209009872969	0.037553947985830526
X951409	-0.0019801948604867385	0.05204315793757811	0.013081826360908084
X951429	-0.012299560274611319	-0.0072024417863299104	0.015574863359733043
X951457	-0.021248500350438525	0.019940427830712554	-0.008352555159625416
X960001	0.025598082505998283	-0.007922992520798708	0.04748493159563013
X960003	0.005075759194631857	-0.0022803455604582315	-0.019827976306279863
X960004	0.00011119528286988003	0.018695624421246157	0.0332297648759126
X960005	0.0033566432515910963	-0.0021633600876254564	-0.008218557512556058
X960009	0.023240819899960425	-0.012244330150748176	-0.033631987611019355
X960012	-0.011785848991437229	0.00028400295923151946	0.005317361566587613
X960016	-0.0035405777360500174	0.010680511998945687	-0.0056521790322154935
X960018	-0.03292818411252163	-0.015780505757302006	-0.008736028396590406
X960019	0.033228769523010515	-0.02755149605209158	0.11675875998422248
X960020	0.005140429318623131	0.016769766933671274	0.009676514736491752
X960021	0.014681257596707633	-0.019487385646045588	-0.0011526466431020183
X960022	0.0019022462126150317	-0.007436020245175268	-0.0018451441593333442
X960023	-0.030191377392396322	-0.029149522877904985	0.029079245652325024
X960025	-0.006751699139016753	0.016873126656366172	0.015902282938518753
X960026	-0.019998661248559216	-0.011068636298903875	0.018195560506753562
X960027	-0.020417851835280925	-0.002491478682693187	0.007948702668648045
X960028	-0.00691462637271787	-0.030557338487280716	0.01252269391085663
X960029	-0.02748742679695497	-0.0037750983433019257	0.01809851937771153
X960030	0.024366079820590934	-0.015038927819121774	-0.017702574210566084
X960033	0.025950592349285227	-0.0013922677650082809	0.02932765248060104
X960035	-0.045652731674609176	0.08202228792408106	-0.03015768223576315
X960037	-0.044352273592448685	-0.01126722615266942	-0.0066940507221889736
X960039	0.005142658458350715	-0.004918666749797298	-0.0034449868082440977
X960040	0.004932955989212944	0.025125568832144667	-0.023981946796981447
X960044	0.012773014276846795	0.012902810727742344	0.00916371252451107
X960046	-0.07390390572285689	-0.01402319760210009	0.06037571168181008
X960048	-0.04257278732675686	0.011997666124073705	0.03794274689873342
X960049	0.033575792796402125	0.03538124856468287	0.004099417846980702
X960050	0.01893076203389211	-0.009316425938854369	-0.0004101759846258505
X960051	-0.001225719921814497	-0.022909002941766277	0.00017714700674294282
X960055	0.013604825329946791	0.010644556427654911	0.024784270118473093
X960058	-0.009072452577142513	0.005457800306644815	0.011741532984291824
X960059	0.02074442834115724	0.0225215635387285	0.029847880766437948
X960061	0.04612932577318033	0.027724719392673187	0.009341401364246677
X960064	-0.008011205355678138	-0.010475666912600613	0.009748014926593024
X960069	-0.005482069320296411	-0.02324662500788535	-0.0047990518740339844
X960070	-0.002002887388796042	0.005294179444970995	0.0018898032529710942
X960071	0.010396185784433814	0.0027473668217787768	0.006571750384531087
X960072	0.02679148730665321	0.0025541891160202257	-0.00038657320416747066
X960073	-0.021511605449655493	-0.019643346480720265	0.007937580317004445
X960074	0.025663610569154862	0.021454876669489423	0.0192518517043928
X960083	-0.0011157835526559342	-0.005724833623223404	0.0030382127969662592
X960086	0.0039617298771376305	0.031594261254689476	0.07483106961814208
X960090	0.015801471377289253	0.00474866124741131	-0.003126211015645245
X960091	-0.027892719007768255	0.0013109355374096591	-0.004237263859038262
X960092	0.03228273643485706	0.008365530923547375	0.016812014830465367
X960093	-0.0036195353028890273	-0.0009756280428313602	-0.02229161024975128
X960096	0.03154916712765634	0.03293135095830768	0.0019051647511263371
X960097	0.005240449220406619	-0.00537059174997957	0.00892571817376675
X960098	-0.0013477299887294132	-0.0017768257312279461	0.01297740263426954
X960099	-0.0033640731997495086	-0.006473489871954853	-0.01154400431794012
X960102	0.026324620524874442	0.006882550089647423	-0.009392171234472724
X960104	0.021358195553647284	0.011676585598238526	0.013629255038479922
X960106	-0.005471703450224843	-0.005085996455619643	0.012960660061530686
X960108	0.00619829520046672	-0.002784099151117976	-0.004646187269289413
X960112	-0.007444749480250193	0.003996182650855189	0.0011298747890903737
X960113	0.02827503586245934	0.012449198141612858	0.0021872540265402028
X960114	-0.014952590150211694	0.002511228740940531	0.012469067075680993
X960115	-0.0009681703211896812	0.0008948206944762207	0.01595942912945416
X960118	-0.03853371071270143	-0.0720509183772845	-0.0021747722957675244
X960120	0.006738896736406158	-0.003287724844027102	0.005099378584240576
X960122	0.024169016709464218	-0.010890222389066801	0.014883644888781552
X960125	0.019477734246650825	0.01535218800891962	0.016626194833435696
X960126	-0.013050346221803287	-0.0015920204699863428	-0.029056983568915926
X960129	0.004827995036224838	0.02728511756692241	-0.01151837332418109
X960130	-0.009938052690574253	-0.006130403703103009	-0.02125736954540596
X960131	0.024239960451845437	0.015225133763863124	0.0017714269350933682
X960136	0.03292758213093587	0.01613826479575522	0.024544619625827997
X960137	-0.008043799882970711	-0.009157965793422011	-0.010101548519601548
X960140	0.022277142124546286	-0.008714615082203536	0.007736227737641237
X960146	0.0887767283180853	-0.06415111365155272	-0.034651622749663616
X960148	-0.03596522244233488	-0.007406184756989046	0.012832535346302243
X960149	0.002263447622365581	-0.009394647249174427	0.0017133610247945649
X960152	-0.021407640242237486	0.004511378052759117	-0.01754458867050596
X960153	0.028759726081535264	0.005803943937916778	-0.037279971255193264
X960154	0.001213180020869631	0.04248128433290755	-0.023008945474541263
X960158	0.05468814402412764	-0.049890034302995816	-0.010335295287625732
X960160	-0.00577172517750091	0.024292827309286905	-0.00036664506310157314
X960162	-0.007330844193533147	-0.005566674466275731	-0.011188880285222363
X960164	0.006402774831197559	0.013270455061856083	0.008859281505252429
X960165	-0.024324928648471165	-0.00854910830287554	0.03731736979420035
X960169	-0.0027232027647593133	-0.006151331441770319	0.0057659642418043285
X960171	0.0021193780790552323	-0.009109299744136254	-0.009905296397898146
X960174	-0.0006735153605529255	0.007235123668065951	-0.03485209198494385
X960175	-0.006084226168783426	-0.006063717901537344	-0.005710786205319492
X960176	-0.017081062542128544	0.01813701144967668	0.014711068030640533
X960177	-0.04091329778587103	-0.036000065343695535	0.030124479441773974
X960178	-0.01633259216458051	-0.004831568204205712	-0.0160189857547771
X960179	-0.002386666962923471	0.00435615149995545	-1.607814759053191e-05
X960180	-0.016326399876549488	-0.016890412619374746	-0.01739585538336629
X960181	0.000717119164377362	-0.0042616986448698576	-0.0037044600265394557
X960183	-0.035661834139112954	-0.01231252430426265	0.0008276879361854401
X960184	0.004242992866361987	-0.010612373891549934	0.004347440197075332
X960187	0.02955270428411525	0.0013630585940046802	-5.459233075950456e-06
X960189	0.008377968056898144	-0.04708632725782015	-0.06142556982057744
X960193	0.11366925360748378	0.10621908983659997	0.01594655283169788
X960194	0.058937724284978524	0.04616483752491052	0.006636441561233237
X960197	0.0020979346475073417	0.015356939477095159	0.006961500820438645
X960199	-0.0075168724589918245	0.003679419881692182	0.007901421121205664
X960203	0.020840416921391134	0.017890895767307534	0.00404668732487556
X960206	0.046636851789977	-0.04727633596731608	0.09369240374817918
X960208	-0.003394963381627153	-0.07414142651645418	-0.06104535458589451
X960212	0.0002197204186041825	0.0065683959338596175	-0.015044395682184067
X960214	0.03850909457961231	0.0012358953533106807	-0.021130877954672642
X960216	0.012600904748713924	0.007288789235650884	0.0038813614358395657
X960219	-0.037563293926119116	-0.031952450667479634	0.005889080993837754
X960220	-0.01578865928388494	-0.028580283393185798	0.016166316346365894
X960221	0.0026058625316436	0.021159494658210112	0.03505325900772171
X960222	0.03231519034758687	0.025491122140684722	0.04385914579673284
X960224	-0.0019089833082580668	-0.007913162053029377	0.004167949984772401
X960226	0.05452641313969257	0.018804670107404203	-0.12023625792045474
X960229	0.004250557455206319	-0.01298787807598691	-0.0065968105189615385
X960231	0.028474536143000898	0.01947351291937503	0.003905265550208989
X960235	-0.025486182864877697	0.015768132164760466	0.0003061628442509583
X960238	-0.006166806962910861	0.027468364699569786	0.02090302236511686
X960239	0.04728602823433943	0.022336993484459614	0.04125438247483896
X960241	0.007627837994827575	-0.015457943845486356	-0.006452902608593531
X960242	-0.08798699318209811	0.18217811253255822	0.03396042868745697
X960244	0.009095943019307629	0.0024609419271815363	0.018244042197194048
X960245	0.003969955337969098	0.019760091261425895	-0.015943987012023823
X960249	0.0075874839366217115	-0.018092935164812765	-0.00496212063112691
X960250	-0.0030461112159037625	0.002212818735687352	-0.013165681583364544
X960252	-0.013566742431207458	0.002336300298066739	0.00659855303504072
X960254	0.004820482405378578	0.013265042109089437	0.02229653546063336
X960255	0.008371719929136509	-0.01089664582815114	-0.015145944235848923
X960263	0.011763125522337452	0.005899297486355483	0.0022135108411258445
X960264	0.006330276446390477	-0.00905339996693391	0.012469812562078849
X960266	-0.008355054924893576	0.0011409922451330694	0.0028973433617605023
X960267	-0.0016190469837202767	0.0019402599957805803	0.0009214493105370771
X960268	-0.01286230708137857	0.038400832870371944	-0.005178191545634168
X960274	0.01847721468819172	-6.37459407229505e-05	0.0019367913539252205
X960276	0.011400869937866653	-0.0039917543100916695	-0.0004693317512039542
X960277	0.009094491166481597	-0.031878534270858426	-0.005431653062074241
X960279	0.0010858208009959232	-0.025641403207142532	-0.031227719050963772
X960288	-0.00345499205051041	0.008415566435618438	0.014405954367368056
X960290	-0.005302847909815504	-0.01773039362638388	-0.047567431361368276
X960297	-0.008351359685810284	-0.0024070678912790616	0.0014139661977303258
X960302	-0.04008934722720302	-0.04098325108896215	-0.011163803866104872
X960303	-0.002093337410548342	0.004344702913229116	-0.019207515758194054
X960304	-0.04913777783370647	-0.00688767921075818	0.0015249148966099866
X960306	-0.0211133037860504	0.02927407236022907	-0.05468189123872454
X960309	0.0477690271212056	0.04443311621706373	-0.025112707130643
X960312	-0.011136152826673539	0.015315749610474237	-0.012792343555272008
X960315	0.013450121623226365	0.00019505351756278494	-0.0029613523335528034
X960318	0.03431942592829583	0.04906949027922104	0.03352768898101332
X960319	0.03394777856208526	-0.024680442968499288	-0.021579429373610223
X960322	-0.017183687282534554	-0.009043985041733022	0.006716524146323576
X960327	-0.009103003775666096	0.004487930649314961	0.004130146931024648
X960331	0.020956795603907997	0.004721776922245673	-0.008263924722551537
X960336	0.008752235002382888	0.01685359773001998	-0.013033598877145539
X960338	-0.05884034191004743	-0.052543640884462506	0.018561084197195994
X960339	-0.007623522250442667	0.018764538225425467	0.008390346290283129
X960341	-0.006313932662750449	-0.015349426651827484	-0.04082069521992423
X960342	-0.011890895548075152	0.025910223504986746	-0.008271167666328346
X960344	-0.010056270581169407	0.03171226142744767	0.018073228778411873
X960347	0.0046031049535682775	-0.0031778360961258203	0.004200766377656559
X960348	-0.0021281574616127744	-0.010294244889362113	-0.012714199684991467
X960350	0.008606375083523785	-0.007318233238493439	-0.0008908593861329036
X960351	-0.0028176906451268953	-0.012886338177507017	0.012295198961481
X960352	0.0024717716340914913	0.035586243675029335	-0.009980293466564004
X960353	0.023920970008450892	-0.005234641240883925	0.049286708547632826
X960354	-0.06603551931580734	-0.0627152248342451	-0.012633802389191007
X960357	-0.041706529391938085	-0.0401112714241465	0.019155565618926878
X960360	-0.08742962156128685	0.022861657354131523	0.004244732202425849
X960362	0.018355688174912003	-0.005489768769229607	-0.0011060381519607883
X960363	0.012545268397617264	-0.005229980409443455	0.05272729959548696
X960365	-0.012960974157583871	-0.0016571690570451039	0.02100355143124257
X960368	0.001582206395476924	-0.0014354552163160002	0.010136009904404551
X960372	-0.004604601931161116	-0.023024186230922034	0.02725255072254236
X960373	0.016259951755778428	0.0018124389310778264	0.005695892602089427
X960374	-0.05180625740636023	0.024739201068137942	0.013431975790929208
X960376	-0.047500653964826285	0.003615339257971477	-0.014873032672673647
X960377	0.0014111571001381635	0.014627781490089097	0.03631960188584613
X960379	0.0036868465330824212	0.0017670895412008664	0.004601008203876741
X960381	0.024226934695798303	-0.01088833236001311	-0.013195467638625035
X960383	0.005027140033717605	-0.017088770291114365	0.05760820162226698
X960385	0.03716103220682146	-0.012732980621934413	0.0037024598457590166
X960386	0.025071617844434353	-0.008336063498965571	0.08280415612816829
X960387	0.00532666006314154	0.017561929207313313	-0.0042188429382100335
X960390	-0.02258408656214281	-0.0015740610855429849	0.009705998699549434
X960394	-0.029241590656086964	-0.01567995726480523	-0.021663299263287823
X960398	0.0186822466041443	-0.01820436651325377	0.019415471582732848
X960401	0.015526863325841557	-0.02094194271532993	-0.040918341286369904
X960403	0.003017694942377792	-0.02189623290727626	-0.008896335855052147
X960404	-0.005211803543613946	0.00037949770620523374	-0.020383547240596604
X960408	-0.07826606341223949	-0.0843740787022479	0.005846626991370297
X960410	0.05155004516377504	0.025889054210227334	0.005833116010232573
X960411	-0.03712928877401836	-0.013097343175241498	0.008901851664993037
X960412	6.50284155786729e-05	-0.0103320762275266	0.0180572957004023
X960414	-0.003941024299441734	0.028811484869579948	-0.01395388200046138
X960419	0.008630194582181994	0.0016311121839733124	0.008822959679876733
X960421	-0.044764201436582086	0.06418067742259577	0.011198307425696843
X960423	0.0010566253757117922	-0.01476957009895082	-0.010439036292561876
X960425	-0.010490898820919766	-0.007910112543453337	0.019176038784650382
X960426	-0.00019601148777087602	-0.006235167487113264	-0.00114876950834173
X960427	-0.0035574130649449003	0.020864196890152707	-0.01746612063429361
X960428	0.003121888281870067	-0.004167508305585853	-0.020934723421820543
X960430	0.005621472751316073	0.0031689132912400123	0.010317392786414527
X960431	0.0034928024950361663	0.0035032414785963186	-0.011364994113715412
X960434	0.017318253344494897	0.00023460131475315718	-0.018253201070505397
X960435	-0.04297728913854338	0.02639310832367232	-0.018315934264722524
X960439	0.0037539886824698417	-0.007429216244214204	-0.017613765227052356
X960443	-0.008108285244954404	0.004801270942734404	0.017691350332323684
X960445	0.003878555203038415	-0.009835152997455467	0.0005486527014156562
X960446	-0.005609801641200292	-0.0001501744116071577	-0.0011444178968511513
X960447	0.03208749626867152	0.0392317974395859	0.0051112696614620005
X960452	-0.010245776581623341	0.009618981594263715	-0.01506788666422506
X960463	-0.041347779539128084	0.11693914435447726	0.006080119824649366
X960465	-0.0780612349421348	0.033338855617525254	-0.02715776743986341
X960478	-0.011963215243297142	0.002624345052361099	0.008676661046677388
X960480	-0.014363042256624648	-0.028792538791543303	-0.011586312270419246
X960481	-0.07008442039065928	-0.08205312588574099	0.006738804278002345
X960483	0.028546538189107202	-0.03153364855939148	-0.02113947755815406
X960485	-0.011590099132298784	-0.1263275102495916	-0.1314644172168561
X960490	-0.03126654423522676	0.0024955062137602168	0.005406695423063041
X960493	0.02905562112983498	0.01505528724352956	0.04541345965836974
X960494	-0.06647063710960513	0.01304776537788729	0.01803179007225866
X960496	0.0008904496525789868	-0.009712205050883656	-0.0035440173360502454
X960501	-0.008364827571556738	0.009573129189860913	0.01874504950034469
X960513	-0.010303560583129787	0.00395739062804503	-0.007721050666987106
X960516	0.01255219325632302	0.02021101724838395	0.013877422072167692
X960529	0.008682665294101421	-0.013835927352447293	-0.006843032731977335
X960538	-0.023271257305737907	-0.030203761518151455	-0.00365282824578394
X960542	-0.11104361233540173	-0.07254117779712321	-0.015455322242633
X960544	0.05653889992649263	-0.03772340249476581	0.07348326639000476
X960550	0.00029433693383520694	0.013371816226432236	-0.020735292495273693
X960551	-0.00270539560736569	-0.0010949545999596711	-0.0037880565540020093
X960553	-0.0022860935435870477	-0.014578299145967632	-0.0004502609759250573
X960557	0.03503088530635959	0.0334019573227653	0.01688499092950476
X960575	-0.014322457488398149	0.08682940732919453	0.06504180512531894
X960577	-0.00458042909539257	-0.011141511284367248	0.001506496799192517
X960589	0.005693508390851932	-0.022486493495113568	0.04727829991856154
X960591	0.043426596127505476	-0.011726935325172851	0.0576492302699688
X960592	0.03910607238547345	-0.019220183762242885	0.12344833877725395
X960596	0.025980186789764773	-0.006928586495387169	-0.0014719270938445997
X960611	0.004720861870360163	-0.02047535602608636	-0.010640695631561762
X960612	-0.03748761347403025	0.013568677189906668	-0.004834958819255923
X960616	0.0050568028434068045	-0.004267334294132337	-0.007067406593536716
X960632	0.006026452708441836	-0.004176789059349743	-0.001245090971472668
X960635	0.0029365161391810917	-0.000725074694726195	0.010193877263396416
X960636	-0.0017089345080544603	0.0004452203890435087	0.003504632909436594
X960639	0.019972617021358594	0.0018112585873960847	0.01980794869019144
X960643	-0.004264122300849296	-0.0036727313711662686	-0.004604382372558565
X960651	-0.04417740132124516	-0.036607649981423844	0.021837850166392506
X960658	-0.055614276678982964	-0.06091258653149326	-0.00029162906720054126
X960659	0.028929125503190198	0.061780819523577966	0.00492983528335551
X960666	0.008866977662847546	-0.010745535897903148	-0.02485967618889292
X960667	0.0004297153178059224	-0.0055140166156921735	0.0040265862524134525
X960672	0.0022789191369918227	0.024109870512583356	-0.009744333438751423
X960673	0.031902608984477436	-0.0007608115971669403	0.0019419443715059416
X960683	0.045307839805886936	0.007462644049888887	-0.059789802032034774
X960684	0.01757002370926806	0.0035759014580323202	0.006702157823713758
X960692	0.0021324036035400076	0.010362347686397282	-0.043834511464624006
X960693	0.013972563720516099	0.012774504603864926	0.005242433419448893
X960712	0.028312692394407195	0.026383665622189557	-0.1096489895295216
X960719	0.007393279217080936	-0.0031932330740429347	-0.010096923593614695
X960720	0.11510784039601313	0.11151375960077331	0.06915752503094384
X960726	-0.06928178414248096	0.04081526881779524	-0.07678005978873928
X960743	0.053841429178794385	0.08822762448663177	0.10058781371210707
X960748	0.006387055717068653	-0.010352251497111322	-0.03128993771870069
X960751	0.026779596694497185	-0.00944143810501693	-0.06650252465538031
X960760	0.015163012994105206	0.0023133168559983873	0.015489596767485535
X960764	0.0656339274151921	0.018185197581770025	-0.08727365037420969
X960788	0.018636931217849664	0.03007269353587017	0.051706574083066816
X960792	-0.03754403400866842	-0.029585231750415917	0.007934944833698738
X960793	0.05315786138675231	-0.04734271949020674	0.13250793400118513
X960795	0.018208303750253375	-0.009905244708643554	-0.010911345835494336
X960796	-0.04410406701309519	-0.04258296494527427	-0.01277669255994037
X960803	0.0010010209425752898	0.000379872067754865	0.011474080442339388
X960807	0.024663531469437464	0.033980485933831524	0.025680873442152523
X960837	-0.0014729246718194805	0.011182105554183778	0.002553513967142568
X960841	-0.023319389468443533	0.009331900409075207	0.03756486702343521
X960843	-0.007835529921733942	-0.015461167968674337	-0.025571198565184815
X960848	0.08892449457919209	0.013497095916868098	-0.10860999157039845
X960850	-0.01422488815635712	0.03363575504995573	-0.011479828186316612
X960851	-0.022154569321904394	0.024114868564760424	-0.0259376480636447
X960857	0.017608598191119516	-0.006695726166754833	0.021462231880842172
X960865	-0.03680515356359002	-0.033314505066761924	0.028311361331652057
X960870	-0.01892439693919934	-0.012646591494496711	-0.011494659944013868
X960875	0.01011337452575769	-0.004621127746036867	0.04974788920164491
X960883	-0.02476108928977838	-0.03372451255607821	-0.02352350597280178
X960884	0.01969296452515711	-0.002360191117731093	0.05456669811155671
X960892	0.026189212419955643	0.021604605305958754	-0.010595761680954894
X960894	-0.015358282534542212	-0.01823340492773081	-0.0003882310882122084
X960910	0.013697622243286226	-0.006501070116111943	0.022999637037055792
X960911	0.0020725802944627403	-0.024081529959094388	-0.0133360034309429
X960920	0.023781947652528064	0.027070414427264818	-0.013440016655668364
X960934	-0.02995077810622577	0.03576779680234556	-0.13581617253171718
X960939	-0.008904607890338253	-0.0036285230834066	-0.001608802521443716
X960943	0.02541722428031209	0.025548030738276124	0.03171086297034104
X960944	0.02988567692618885	-0.03555026205828363	0.08311015969147469
X960969	-0.018289381943589235	0.033136510549742086	-0.0006102533843035887
X960972	-0.028599964765892626	-0.023844455174907447	0.007087895519657273
X960974	-0.0024720002646481517	-0.001980047373024444	0.006505709214980021
X960981	-0.005586129003390228	0.0322506822922314	-0.008878231094015584
X960991	0.04878447641726813	-0.01284340470377994	-0.04540082610087346
X960998	-0.02095687009073025	-0.006288803781964633	0.0019073024649822851
X961012	-0.007826471197126074	0.003979092562313292	0.04077472095898491
X961035	-0.05743752473146817	-0.05906426908510162	0.011480574590738913
X961077	0.023827654283988163	0.01681172435519815	-0.001966586612819587
X961092	-0.05474682981359993	0.01104939864100649	0.0013718327033028987
X961096	-0.0056353171946638995	0.009297830768649805	-0.03622169287833364
X961105	-0.003965120529706808	-0.0056526553836132925	-0.013443966764974743
X961124	0.023286732086685004	-0.013663490419493461	0.0392131058418991
X961128	-0.006189329147217545	0.012962114578619045	0.0009580700223145756
X961151	0.008897624050421576	-0.030110264719320826	-0.085924840706333
X961177	-0.028456202917953245	0.05839276503263712	0.017769678276512654
X961180	-0.046003937507297865	0.05137363123066124	0.042867966735518515
X961193	0.005076617489371366	-0.022981837902560247	0.06520183098738792
X961214	0.008425245755316012	-0.018001194268973474	-0.0004842141092528332
X961221	0.013281373506253647	0.002728704136223204	0.0008197531582737744
X961226	-0.06069394877379747	-0.06789466764824721	0.014146742645970068
X961240	0.004582783640683063	-0.0011370315062856887	0.004028989957354536
X961242	-0.03175350841745718	-0.02478660525337266	-0.010079735138021021
X961243	0.16288487496866028	-0.06020727572138006	-0.2030413031013351
X961246	-0.013922689090023957	-0.00896000005329703	-0.01057095742089992
X961263	-0.016782089403809736	-0.007936100804124064	0.0032427026539313805
X961282	0.006852056381964435	0.012060118964133424	0.006435888205808433
X961321	-0.0037269984931932454	-0.016798465270065562	0.009330659505310241
X961325	0.10641852501490749	-0.05294160681407632	-0.13688238140482312
X961339	-0.025061997249475033	-0.023557543329354298	0.04720778656787619
X961365	0.027502882428924114	0.00577763644682135	-0.02193824829596149
X961417	-0.011894970352312113	-0.007287934875615993	-0.010458793887731513
X961423	0.028836637555153477	-0.005077906578128908	-0.002871793519426759
X961434	-0.02143457560492105	0.01479105740035804	-0.01619975456406758
X961485	0.014880959581788379	-0.0049007146090953805	0.0075267503632586285
X961553	-0.017156315488548693	0.08265935191904043	-0.04176175302716997
X961577	0.009216099120863725	0.003371757074459227	0.034656489971002034
X961634	-0.00892158207437494	-0.021991167484443904	-0.02092073232032782
X961684	0.002932135254989014	0.010137858488777048	0.012568802700862759
X961686	-0.04295904354529578	0.12062573326213236	-0.03548657808377634
X961738	-0.008435135730200698	-0.034275352714859056	0.011072896359510434
X961809	-0.005612792591763125	-0.031079358205511266	-0.01005152937265812
X970002	-0.02172885645780294	-0.007199619820130565	-0.0006287523264556374
X970003	0.005553716712191446	-0.012782040922954683	0.0007008323070329101
X970007	0.0005273515977017799	0.004502326915117219	0.017140678021462793
X970008	-0.005753789856897874	-0.004337576448383547	-0.01050649989030135
X970010	-0.0007888946633104428	-0.016460838244996896	-0.007791583726392404
X970011	0.007399460579707593	0.01971701314510986	0.02874430866310237
X970013	-0.008545046053891104	-0.011892935907924822	-0.012191018095074632
X970015	0.0010886891664203147	0.04635812329941318	-0.0011065780611321794
X970016	0.002078533030629252	0.010434948811891281	-0.007458022749465197
X970017	0.05115756127590108	-0.012592294600962574	-0.006735147183216464
X970018	-0.03208226622763181	0.0499634156233164	-0.055638925487671305
X970022	0.0023785051800304176	0.015462843503426674	-0.008124590779918594
X970024	-0.0011558434826897295	-0.004201526863928898	-0.005375784775051581
X970026	0.009620014025833058	0.009228250367329034	0.00257099187604756
X970027	-0.008613619148396975	-0.006325382638841998	0.002372934627299924
X970029	-0.005492061780741835	-0.0037082328076712048	-0.002814935569668841
X970030	-0.07009215491886961	-0.032050550085791385	-0.017397476311347138
X970031	0.06426472181338846	-0.03883278414587377	0.015136758313662318
X970032	0.038800143813270974	-0.0037740731704077775	0.03744746960125993
X970033	-0.0018583742425785806	-0.048683665167795896	-0.07506166680030595
X970034	0.01834703193928976	-0.008044380964097562	0.012286578214751957
X970035	-0.015626867933180157	-0.004417179730966317	-0.01916351879026291
X970037	-0.010471989624931205	-0.007066240944218976	0.016069635100431093
X970038	0.00945776419494413	-0.030845781665599547	-0.010254687602234835
X970039	-0.005313201373251778	-0.01517486725458627	0.0013760547952557654
X970040	0.005195902675528408	-0.021785992825844844	-0.007535937648058856
X970041	-0.001226897177821969	0.0074736101167203195	-0.0015507616177533122
X970042	-0.01506287258715141	0.006438406442531926	-0.04966233477949104
X970044	-0.004080431896614349	-0.02054578883416361	-0.006083079998562211
X970045	-0.004291747073797632	0.007097507333080762	-0.043241738107347966
X970050	-0.01428988631317102	-0.025452640378486945	-0.0009644166120827627
X970051	0.006837587031011853	0.024096827077956386	-0.01787969265396818
X970052	0.0006831565172945457	-0.026561780774662938	-0.0012713031294401852
X970055	-0.007283020695412867	0.000837996396971565	0.017617165449373865
X970057	-0.0010501301763217773	0.00481369400865823	-0.0014699645093906731
X970065	-0.004698422676895979	0.002846653665498049	0.007395666822016149
X970067	0.004685318517782608	-0.009795854685307073	-0.0007309186260656853
X970069	0.06149040628720068	-0.05035993614591301	-0.029455446747925943
X970071	0.0008734553062569292	-0.005741942460567958	0.010001182627545641
X970072	-0.002500465965791048	0.016814786415362264	-0.01983909197876164
X970075	0.01988519096753854	-0.02745775430759861	0.04868635734424346
X970078	-0.00486705453684368	-0.0031174443808660722	0.013290231405194303
X970079	0.012660420830861987	0.02049431340522569	-0.021191250720670497
X970082	-0.017871842382674145	-0.030492069066321143	-0.0004977319542199913
X970084	0.009059730233571322	-0.02083271680847119	-0.026498531869399985
X970085	0.05080315433812701	0.010765856350536533	0.027192174700263826
X970086	-0.015887583943246023	0.006483452867406079	-0.007225694337034122
X970088	-0.00754451411978247	-0.007125240785350932	0.008346672911766188
X970089	-0.06062817477672598	-0.07469695016976788	0.0035639542262989226
X970091	-0.08133383273722672	0.08210549446488766	-0.04129588662863172
X970092	-0.04431297154237042	0.12062514049779055	0.015827361170719246
X970093	-0.007170570714649272	-0.001955544195221876	0.006762888734938607
X970094	-0.00039524968372308766	-0.03437926980681643	0.017109007044971508
X970095	0.017181069215507196	-0.021245134342793633	-0.006587867786630008
X970097	-0.016039421913531277	0.00023707853073640523	-0.019612093287319422
X970099	0.010268450269330766	0.005052103990336755	0.020576124606229554
X970100	0.0789665836301526	-0.03573657686771375	-0.007466267634938562
X970102	-0.07931839449545647	-0.024293794521709326	-0.034776134340740165
X970106	0.0038377029093728757	-0.013666398570076514	0.008533887850269959
X970109	-0.006147112154298349	0.0006027919659854242	-0.00889778742581148
X970112	0.03312163912587647	-0.00613705049780136	-0.007335136139852929
X970113	-0.044864990433218864	-0.03650528193503811	0.03413450687595268
X970116	0.025766489528111242	0.004914107053299115	0.001723203495325321
X970118	-0.0011091907946464699	-0.010187316012446724	-0.002286705503811113
X970120	0.004940646458043215	-0.00283494146487184	0.03176164580871424
X970121	-0.08972310653993677	-0.1563669307161674	0.05443152755274712
X970124	-0.001683483019707162	-0.02449086732357515	0.013597246826946817
X970125	0.003082038141314654	0.0019067703560168312	-0.0012714299365302127
X970128	-0.08593788780499093	-0.05395734467992478	-0.01699421720058507
X970129	-0.007831252904338448	-0.011164236706287023	-0.0028022036228130417
X970130	-0.005553752122836373	0.008924723893617845	-0.008769176052418368
X970131	-0.08337320302299228	-0.08642768169501633	0.00783339152004243
X970134	-0.0011864066274677241	-0.0018211275728708014	-0.003583591901098411
X970135	-0.006275901503917731	0.014616317733470639	0.006159047785570127
X970140	-0.0040575573129593675	0.0074614698919602766	0.026400825991658414
X970141	-0.06706834145551809	-0.05380943144416123	-0.0023659930695780853
X970146	-0.005198843557272094	-0.008653773911781919	-0.0016172402564437049
X970152	-0.02023765370601602	0.021415930303724937	-0.0036413030018235155
X970154	0.0015903333682838227	-0.016479858885896013	-0.007299426687523209
X970156	-0.0016117535805709494	0.01498396657237381	0.002652951327457416
X970157	0.0009680295051558052	-0.008733215894793138	0.011874267222633737
X970158	-0.014250753478198933	-0.015629409328245206	0.003723670302121003
X970160	-0.01084532362734276	-0.008996123014377702	0.01073594999101866
X970161	0.018933696206752608	-0.01688577587497591	0.013521148393287278
X970165	-0.007883129027569564	-0.01025841909377524	0.0025395998315192896
X970166	0.013734574960053224	-0.03971897028254317	0.008435835345104677
X970168	0.004133126456269724	-0.009759392728171818	0.004843988371185645
X970177	0.0213526615485683	0.0008568674024576481	-0.010614255170225658
X970179	0.015984982582213925	0.03962346896238608	0.025486525079502335
X970180	0.002224108134971088	-0.014033426221805595	0.002988759090894006
X970181	-0.0008677374054568001	0.014011287275392251	-0.0003106885272026773
X970185	0.008432366834828104	0.023876022580591637	0.044111818489887135
X970194	-0.013295434815685209	0.00732464833774609	0.020691554414720016
X970197	-0.008597080753834445	-0.0024092876460113538	0.02041046836714331
X970199	-0.0074539186688262135	0.0006833324599344557	0.011429629622614373
X970206	0.024853396262331018	-0.011229953816686124	-0.023487161925419196
X970207	0.0013928723464598095	-0.0022091452752314696	0.04324473217345893
X970209	-0.005135015411981399	-0.006261100616150628	0.0008096824357576811
X970216	-0.05985416775173317	-0.0664790549290786	0.011036786568280107
X970221	-0.009987942755408737	-0.0020893293254092907	-0.026064053448588403
X970225	-0.0043491777920609724	-0.012333693720473292	0.0009444944204571831
X970226	0.03720546727326045	-0.019725405127934862	-0.011073774559414275
X970227	0.003835634979274825	-0.007785011442470626	0.009617497561408637
X970228	-0.010698899542301606	0.0011236727932870817	-0.011108376897013291
X970232	-0.00950741373107276	0.029812783067264446	-0.05382105922379276
X970236	-0.014271850913259158	-0.05310550584474684	-0.017424926043133802
X970237	-0.021881922073785625	-0.013262918934924045	-0.00041378973043627436
X970240	-0.025038113956433745	0.08496716754280502	0.0823072259527199
X970250	0.01658587387748954	0.010973214510614768	-0.01885343764768086
X970251	-0.006231742087395873	0.01958689811214618	0.012043524297749278
X970254	-0.10137780146961026	0.002047977000059303	-0.022262653787347268
X970255	0.009446722852440036	-0.015160999240327532	0.012547125233259803
X970257	-0.0423381927553424	-0.06843022393367511	-0.005607354343120906
X970268	-0.01470381464169196	-0.012026664822773933	0.014356055417355395
X970269	0.021901628880259864	-0.004119425564837633	0.041449507644484275
X970271	0.025320090383140134	-0.03980035103534751	-0.05930976286698959
X970277	0.011261271802593342	-0.017044772122732994	0.02186328107193748
X970283	-0.052706528996284856	0.10449958085007612	-0.04071478339328205
X970288	-0.007624632673266676	0.023885143833471068	-0.007277612315512203
X970296	-0.05611994711476909	0.00907040661163729	-0.037128722139535324
X970299	0.005477695062656371	0.005935455362925458	0.0032947303577005272
X970307	0.0009656340825142714	-0.004748325599281777	-0.008884558254334653
X970312	-0.030352411330503714	-0.026057645561950175	0.01870603310782314
X970323	0.012896766375856359	-0.010815315690594232	-0.0047567071744321066
X970325	-0.0010107024122596858	0.008972448983229709	0.002131196808386474
X970327	-0.025498634541721035	0.03737086917316835	-0.045569060308159645
X970338	0.005454196797073946	-0.029348074968531163	-0.045524716268348246
X970342	-0.034806135875302194	0.05814937678006762	-0.06368562805019769
X970343	-0.0362143928141238	0.004838654471046248	-0.006059261426615992
X970345	0.001380874278634722	-0.011258454420486135	0.013677294453407323
X970346	-0.03619442648107821	-0.04743007041586139	0.039662288666941804
X970349	0.005013007001007871	0.0012425292193788521	0.014604167312657255
X970350	0.015900870919299166	-0.008181777199831933	0.006308990224149456
X970358	0.02151471371049578	0.01410547659843354	0.013694714404975676
X970359	-0.005150582465089434	-0.03491602774095342	-0.009805137525991154
X970361	0.0026714353274267903	-0.006135901312975472	0.04815954408952983
X970366	0.06845388636062989	-0.05693242501966874	-0.09067572692278984
X970375	-0.0005024568110158775	-0.016909261762305318	-0.016352527086884196
X970380	0.005029200858615114	0.06529718576004498	0.07014584084999519
X970381	-0.0199405401908087	0.01001068986547705	-0.010824154057957853
X970389	0.0585517613856139	0.03259434548767001	-0.011287596797487108
X970393	0.002338735929456159	-0.0100824827889578	-0.024320529458605824
X970411	-0.053995679415044295	-0.028936354072473327	-0.02974858085588949
X970412	0.006319726429234204	-0.02190698073993771	-0.023736362338498504
X970414	-0.02247598716721863	-0.039143828925950766	-0.0026553505769656765
X970425	0.0034604890230346256	-0.006933967565792776	0.009755476948245818
X970428	0.058137560577120426	0.046881686860038366	0.015475990825666053
X970432	0.01534174069454606	-0.011265022236013156	-0.005833526016335491
X970454	0.0044379081074557	-0.011850417827735764	0.002624077554549635
X970472	0.002568251694584637	-0.01607707362174191	-0.003089867490271041
X970474	-0.017761444395538343	-0.013524483373475895	-0.0005989471387691761
X970480	-0.010131018975120545	0.001991078201141889	-0.004984257468849777
X970482	-0.047199199275914726	-0.027133479318049568	-0.007353665827529324
X970497	0.046413819028385796	0.009285450744128563	-0.03733366793896886
X970502	0.0219875898762569	0.02811898693871883	-0.01886303214625321
X970504	0.03914572811096455	-0.02181824971510225	-0.000538994950642302
X970509	-0.03237832485043653	-0.06247459156491953	0.005777874320038734
X970512	-0.0004770716135289855	-0.02303909026391247	0.00043807901497080613
X970515	0.0059916243788331915	0.016944914171905214	0.01085810986051847
X970517	0.0032660730208810087	0.015696813471229303	-0.004525207790187484
X970519	0.013483664581653393	0.010674771913326164	0.0026330850646266745
X970522	0.0017460096153241922	-0.01758589399934483	-0.024667029573191793
X970524	0.006624954818102514	0.0014355802999449431	-0.01640271378823916
X970533	-0.0031474182428239722	-0.007728015945688073	-0.0044708692877645185
X970536	-0.014990605294652166	-0.0065753177934874275	0.00877131809986188
X970538	-0.005062263123470629	0.020326739436379523	0.0049525248186013775
X970543	-0.00840307881815952	-0.010031178628543455	0.0042398336585733505
X970544	0.010599563251884415	0.04281404972521218	-0.019823930107959624
X970549	0.040223057644068035	0.0025694328156781227	0.014534786229517937
X970563	0.010844856551699927	-0.004498987730027062	0.020280576208398876
X970564	-0.001024854874614153	-0.003108550051884197	-0.00010017206601524934
X970573	-0.00027352027628134207	-0.03127780172806072	-0.02542194507664368
X970577	0.049733863876263856	0.02220052682028707	0.0008103267097466285
X970587	-0.003000330533639071	-0.006217959253571516	0.008124608156332331
X970599	-0.0008388092979721782	0.004988331943551557	0.037428557020511205
X970614	-0.006265647541178079	-0.0032938574384810547	-0.006521751771421493
X970625	0.0182662240078875	0.010908855592479292	0.014538317550381994
X970633	-0.05293651903926439	0.03562082233850565	-0.03925326237351063
X970638	0.009955087199202855	0.011283698837550229	0.03220888898095665
X970649	-0.07487578643575561	-0.06196031060434662	-0.007307249236883519
X970659	0.0054342556767986916	-0.009724783443724959	0.02962433243116656
X970663	0.0008759909817852941	-0.005266665863240846	0.008896815629021334
X970664	-0.06720696585069336	-0.08316595230787925	-0.013825285809299951
X970677	0.0033009230292852017	-0.022480664892068736	0.0014307514613295593
X970680	-0.05339788315604214	0.0442730223773963	-0.06029935039605413
X970687	-0.017606558679748825	-0.025183865188831395	-0.0183824027803173
X970688	0.02108079188684888	0.010626922170643252	0.029049534864661202
X970692	-0.002557445211580411	0.002399036222050551	0.039887936082402604
X970706	-0.11457688409222984	-0.07785510760074119	-0.03810400919606369
X970707	0.011166113589771483	-0.011594656377568333	0.05585230403680783
X970717	-0.018101708547257168	0.0026491004387278172	0.010850462686296348
X970718	0.00540700466741147	0.009183881844841178	0.008394599830303467
X970731	-0.004166529044270182	-0.023978325098596806	-0.012837280587746027
X970732	0.006906672482289557	-0.0055562842134819455	0.03070534478586895
X970737	0.009034652350024963	-0.015025965218093752	0.0031163596700789766
X970745	-0.014359131944588892	-0.04409346458413449	0.0026859659471157207
X970784	0.005702426688677828	-0.0018052040449132402	0.0029808285915145756
X970791	-0.012278093561624745	0.01212770486869387	0.008586662293871209
X970813	0.008206443418976908	0.010935311791964481	-0.03874023165924082
X970860	-0.0014733010084464187	-0.009209418979541797	-0.001229398929876256
X970932	0.02506872668531063	-0.018462172985175284	-0.013928828483157626
X970960	0.018852827107282984	-0.02605824782642785	0.011373760417020533

Biplot	0	0

Site constraints	0	0
